0	0 0 0 0	0 0 0 0	0 0 0 0	0 0 0 0
100	0.6199 0.0926 0.06491 0.04103	-0.02101 0.1216 0.2801 0.3174	0.06218 -0.1245 0.1021 0.06367	-0.06422 -0.1016 -0.3134 -0.6663
200	1.185 0.3242 0.1726 -0.08332	-0.09823 0.4977 0.4421 0.3842	-0.05499 -0.02997 -0.4673 0.3415	-0.4301 -0.4196 -0.3955 -1.272
300	2.162 0.484 0.2172 -0.1478	0.1336 0.4809 0.09371 0.7233	0.06409 0.1404 -0.7181 -0.1436	-0.8615 -0.7269 -0.3437 -1.568
400	2.562 0.3908 0.1399 -0.5148	0.3627 0.4967 -0.2488 1.012	-0.08161 0.1135 -1.012 -0.3143	-1.057 -0.8904 -0.5499 -1.606
500	2.953 0.6794 0.1242 -0.5138	0.5832 0.8838 -0.1613 0.9236	0.1488 0.1252 -1.027 -0.2733	-1.492 -1.191 -0.4825 -1.954
600	3.368 0.8744 0.266 -0.4768	1.052 0.856 0.1472 0.896	0.02417 0.09757 -0.7755 -0.6348	-1.444 -1.27 -0.444 -1.935
700	3.592 0.7039 0.5256 -1.128	1.176 0.865 0.3399 0.7142	-0.184 0.05006 -1.003 -0.8905	-1.631 -1.423 -0.0212 -2.239
800	3.584 0.925 0.4721 -1.415	1.297 0.8369 -0.1202 0.7081	-0.2415 0.4009 -1.299 -0.8851	-1.96 -1.782 0.1292 -2.054
900	3.761 0.9122 0.7574 -1.165	0.7468 0.467 0.07516 0.6944	-0.6283 0.1512 -1.243 -0.9271	-2.105 -1.618 0.1597 -2.189
1000	3.572 1.023 0.33 -0.8814	1.309 0.4625 -0.152 0.5473	-0.3331 0.3931 -0.9958 -0.7783	-1.978 -1.493 0.04979 -2.609
1100	3.738 0.8352 0.274 -0.4253	1.3 0.8256 -0.08811 0.3941	-0.3577 0.2782 -1.085 -0.7408	-1.99 -1.43 0.06419 -2.64
1200	3.921 1.108 -0.1455 -0.6004	1.762 0.7286 0.06342 0.2293	-0.5693 0.5898 -1.105 -0.9251	-2.421 -1.409 0.4374 -2.711
1300	4.076 0.7092 -0.4669 -0.8058	2.56 0.2489 0.3404 0.3513	-0.5825 0.5338 -0.8296 -1.213	-2.229 -2.131 0.5671 -2.544
1400	3.984 0.7866 -0.5424 -0.668	2.519 0.1677 0.2219 0.3713	-0.587 -0.06618 -0.9071 -1.192	-2.07 -2.061 0.4066 -2.381
1500	4.096 0.723 -0.8354 -0.8086	2.63 0.1121 0.04107 0.4678	-0.9244 -0.1046 -0.993 -1.203	-2.315 -2.279 0.1764 -2.273
1600	4.147 0.6669 -0.7101 -0.3306	3.141 0.3977 0.4323 0.5943	-1.112 -0.4252 -1.045 -1.166	-1.943 -1.986 0.1924 -2.725
1700	4.333 1.11 -1.073 -0.2462	3.046 0.3523 0.8666 0.4546	-1.139 -0.1986 -1.054 -0.9111	-1.898 -1.599 -0.2616 -3.229
1800	4.244 1.063 -0.8911 0.3862	3.216 0.1797 0.8035 0.1761	-0.9057 -0.1462 -1.068 -0.87	-1.552 -1.949 -0.4553 -3.232
1900	4.312 1.24 -1.133 0.2922	3.358 -0.4829 1.119 0.1226	-0.588 -0.448 -1.112 -1.362	-1.748 -2.459 -0.5798 -2.816
2000	4.705 1.417 -1.027 0.2774	3.293 -0.6605 1.305 0.3533	-0.3605 -0.574 -0.6684 -1.192	-1.583 -2.792 -0.5633 -3
2100	4.807 1.461 -1.278 0.7459	3.19 -0.4837 1.684 0.4925	-0.4223 -0.4517 -0.5808 -1.005	-1.664 -2.967 -0.6014 -3.042
2200	5.029 1.082 -1.439 0.8327	3.064 -0.7133 1.493 0.4014	-0.819 -0.4771 -0.6677 -1.208	-1.405 -3.052 -0.7437 -2.964
2300	4.927 0.9283 -1.421 0.8639	3.395 -0.7251 1.415 0.9006	-0.7888 -0.003918 -0.7108 -1.313	-1.237 -3.113 -0.7558 -2.91
2400	5.095 0.8509 -1.119 0.9107	3.436 -0.8999 1.903 0.9529	-0.8283 0.3969 -0.2614 -1.29	-1.373 -3.166 -0.9429 -2.96
2500	5.205 1.559 -0.8041 0.9035	3.764 -0.7473 1.854 0.6095	-0.8004 0.4737 -0.1856 -1.21	-1.459 -4.033 -0.8706 -3.175
2600	5.096 1.655 -0.6088 1.177	3.116 -0.8821 2.003 0.4424	-0.8571 0.794 -0.3474 -1.348	-1.391 -4.025 -1.221 -3.211
2700	5.155 1.742 -0.5232 1.637	3.093 -0.8024 1.628 0.3841	-0.8415 0.9196 -0.1836 -1.411	-1.405 -4.223 -1.275 -3.643
2800	5.208 1.984 -0.3972 1.648	2.934 -0.8274 1.466 -0.07855	-0.9535 0.6438 -0.4044 -1.258	-1.189 -4.313 -1.234 -3.734
2900	5.346 1.69 -0.3633 1.814	3.348 -0.587 1.766 0.4423	-0.8977 0.967 -0.6198 -1.532	-0.7941 -4.571 -1.042 -3.701
3000	5.023 1.868 -0.407 1.859	3.184 -0.3025 1.897 0.5677	-1.266 0.6885 -0.7646 -1.619	-0.9145 -4.421 -0.7344 -4.002
3100	5.248 1.671 -0.0646 1.972	3.52 0.008826 2.243 0.2075	-1.511 0.257 -0.8772 -1.873	-0.8782 -4.6 -0.5082 -3.613
3200	5.428 1.666 0.2637 1.875	3.354 -0.1975 2.459 -0.1578	-1.583 0.3006 -0.5972 -1.82	-0.9412 -4.564 -0.1626 -3.486
3300	5.756 1.512 -0.06362 1.93	3.625 -0.08521 2.393 0.01136	-1.657 0.1101 -0.3797 -1.94	-0.9867 -4.509 0.1183 -2.885
3400	5.696 1.378 -0.2212 2.325	3.987 -0.1697 2.187 0.0113	-1.612 0.1962 -0.5232 -2.618	-1.061 -4.852 0.2241 -2.866
3500	5.555 1.401 -0.3297 2.494	4.011 0.2133 2.079 -0.4092	-1.515 0.5846 -0.9632 -2.352	-0.9481 -4.986 0.5672 -3.046
3600	5.125 1.271 -0.07238 2.462	3.916 0.2207 2.11 -0.8372	-1.73 0.5044 -1.358 -2.285	-1.212 -5.232 1.182 -2.92
3700	5.142 1.533 -0.2389 2.274	3.622 0.7061 2.126 -0.7343	-1.711 0.5068 -1.618 -2.221	-1.094 -4.659 1.317 -2.635
3800	4.825 1.004 -0.1011 2.273	3.727 0.9365 2.893 -0.2371	-2.099 0.4296 -1.683 -2.325	-0.8373 -4.917 1.46 -2.572
3900	4.969 1.105 -0.4999 2.153	3.684 0.9208 2.85 -0.1274	-1.907 0.6031 -1.423 -2.415	-0.594 -4.847 1.651 -2.645
4000	4.773 1.342 -0.5589 2.222	3.587 0.4824 2.707 -0.07913	-1.885 0.5032 -1.166 -2.158	-0.4556 -4.914 1.835 -2.422
4100	4.598 1.033 -0.9688 2.254	3.396 0.4853 2.766 0.1465	-2.134 0.7995 -0.9933 -2.159	-0.5578 -5.102 1.887 -2.292
4200	4.552 1.054 -0.5699 1.986	3.38 0.828 2.856 0.2959	-2.234 0.464 -0.7476 -2.108	-0.5149 -5.008 2.091 -1.859
4300	4.392 1.046 -0.3305 1.779	3.241 0.2258 2.787 0.289	-2.264 0.699 -0.9887 -1.902	-0.5469 -4.42 2.227 -1.792
4400	4.151 1.085 -0.6313 1.707	3.205 0.2308 3.022 0.2193	-2.526 1.023 -0.7325 -1.849	-0.7651 -4.082 2.291 -1.788
4500	4.819 0.844 -0.4229 1.448	3.555 0.1822 2.79 -0.02773	-2.177 1.244 -0.5918 -1.769	-0.85 -3.942 2.009 -1.573
4600	4.353 0.8007 -0.4349 1.331	4.01 0.3019 2.734 -0.02672	-2.171 1.649 -0.4954 -1.719	-1.119 -4.029 2.036 -1.794
4700	4.079 0.7295 -0.09978 1.249	4.129 0.2484 2.887 -0.0606	-1.762 1.309 -0.9027 -1.761	-1.042 -3.793 2.114 -1.982
4800	4.161 0.5365 -0.5481 1.156	3.92 0.2086 2.761 -0.2628	-1.592 1.403 -1.24 -2.004	-0.7447 -3.706 2.403 -2.198
4900	4.131 1.08 -0.03271 1.29	4.386 0.5593 2.878 -0.4451	-1.191 1.104 -1.476 -2.447	-1.164 -3.819 2.015 -2.566
5000	4.367 1.173 -0.05335 1.23	4.208 0.5238 3.173 -0.308	-1.463 0.4549 -1.462 -2.633	-1.401 -3.714 2.337 -2.758
5100	4.406 1.394 -0.1208 0.9547	4.527 0.2651 3.727 -0.07891	-1.324 0.09117 -1.474 -2.783	-1.514 -3.522 2.387 -2.528
5200	4.247 1.642 0.113 0.7404	4.17 0.2573 4.305 0.0752	-1.677 0.3076 -1.794 -3.055	-1.381 -3.958 2.524 -2.102
5300	4.617 1.375 0.1564 0.8268	4.053 -0.3033 4.59 0.168	-1.72 0.1383 -1.907 -2.925	-1.496 -4.004 2.602 -2.408
5400	4.86 1.239 0.2829 0.9431	4.035 -0.4362 4.606 -0.01478	-1.632 0.212 -2.049 -2.624	-1.239 -4.018 2.652 -2.34
5500	5.315 0.9643 -0.05888 1.215	4.311 -0.8056 4.311 0.2618	-1.48 -0.114 -1.988 -2.835	-1.278 -4.263 2.599 -2.302
5600	5.184 0.9982 -0.2651 1.278	4.585 -0.7562 4.357 -0.3964	-1.484 -0.09256 -2.072 -3.055	-1.521 -4.624 2.949 -2.245
5700	4.846 0.7976 0.2068 0.8423	4.622 -0.8546 4.294 -0.09008	-1.358 -0.1476 -2.055 -3.054	-1.764 -5.065 2.602 -1.833
5800	4.504 0.8875 7.475e-05 0.8187	4.836 -0.3934 4.247 -0.536	-1.262 0.08452 -2.038 -2.945	-1.905 -5.058 2.462 -1.538
5900	4.484 0.9775 0.01367 0.9186	5.063 -0.9199 4.312 0.06399	-1.3 0.3541 -2.418 -2.761	-1.607 -5.096 2.611 -0.9663
6000	4.364 0.7369 -0.2674 0.9771	4.989 -0.7541 5.293 -0.2827	-1.375 0.9611 -2.374 -2.906	-1.77 -5.316 2.397 -0.5769
6100	4.261 1.336 0.1794 1.174	5.059 -0.8537 5.156 -0.2229	-1.704 1.067 -2.39 -2.645	-1.51 -5.637 2.727 -0.898
6200	4.42 1.389 0.2381 0.8943	4.948 -0.824 5.382 -0.7309	-1.585 1.095 -2.336 -2.552	-1.083 -5.788 2.686 -0.8466
6300	3.926 0.9873 0.3284 0.9679	4.661 -0.7122 5.248 -0.399	-1.681 1.02 -1.915 -2.835	-0.8334 -5.618 2.278 -0.5297
6400	4.309 1.245 0.6327 1.107	4.407 -0.613 4.677 -0.2648	-1.325 0.8569 -2.142 -2.675	-1.302 -5.896 2.089 -0.7489
6500	4.107 1.535 0.5861 1.181	4.427 -0.8459 4.873 -0.9434	-1.272 0.9241 -2.063 -2.828	-0.9233 -6.089 1.721 -0.6039
6600	3.943 1.207 0.08733 1.62	3.836 -0.9609 4.636 -1.111	-0.9801 0.8438 -1.953 -2.731	-0.7922 -6.225 1.883 -1.096
6700	4.142 1.093 0.2295 1.793	4.188 -1.224 4.826 -1.353	-0.9168 0.7633 -1.732 -3.013	-0.6738 -6.3 1.292 -1.539
6800	4.475 0.4615 0.2719 1.629	3.934 -1.392 4.487 -1.505	-0.8409 0.6798 -1.393 -2.93	-0.643 -6.374 1.169 -1.668
6900	4.503 0.7351 0.5335 1.905	4.01 -1.368 4.546 -1.22	-0.9444 0.6398 -1.46 -3.014	-0.3966 -6.222 0.9812 -1.831
7000	4.478 0.7956 0.3496 2.26	4.147 -1.482 4.853 -1.354	-1.143 0.8626 -1.62 -2.914	-0.5674 -5.698 1.307 -1.772
7100	4.444 0.8948 0.1546 2.17	4.244 -1.649 5.019 -1.336	-1.184 0.8955 -1.692 -2.87	-0.3658 -5.546 1.523 -1.446
7200	4.433 0.9148 0.1689 2.096	4.358 -1.391 5.386 -1.501	-0.9614 0.891 -1.584 -2.773	-0.4513 -5.76 1.584 -1.677
7300	4.099 1.231 0.146 2.001	4.133 -1.241 5.566 -1.345	-0.993 0.9622 -1.706 -2.346	-0.3311 -6.131 1.624 -1.932
7400	4.345 1.076 0.3154 2.18	4.157 -0.8965 5.716 -0.9825	-0.9684 0.8596 -1.101 -2.677	-0.2088 -6.065 1.827 -1.86
7500	4.069 1.084 0.09821 2.323	3.796 -0.9322 5.867 -1.062	-1.139 0.7904 -1.153 -2.876	-0.223 -6.266 1.678 -2.056
7600	3.975 1.202 0.7654 2.562	3.752 -1.35 6.112 -1.272	-1.411 0.8033 -1.322 -3.163	-0.2465 -5.819 1.808 -2.326
7700	3.685 0.8806 0.3566 2.254	3.4 -1.227 5.89 -1.171	-1.107 0.4153 -1.347 -3.34	0.2682 -5.852 1.68 -2.489
7800	3.952 0.9625 0.6634 2.371	3.75 -1.363 5.872 -1.317	-1.023 0.3397 -1.162 -3.199	0.04738 -6.146 2.003 -2.473
7900	3.65 1.083 0.717 2.508	3.904 -1.371 6.174 -1.503	-1.049 0.3437 -1.461 -3.123	-0.09579 -5.81 2.262 -2.235
8000	3.769 1.374 0.6398 2.326	4.006 -1.356 6.005 -1.45	-1.107 0.2168 -1.593 -3.156	-0.2862 -6.123 2.313 -2.465
8100	3.914 1.703 0.7468 2.8	4.1 -1.528 5.941 -1.197	-0.9849 0.2026 -1.567 -2.93	-0.4781 -5.793 2.468 -2.653
8200	4.023 1.682 1.108 2.741	3.777 -1.674 6.089 -1.322	-0.709 0.03323 -1.886 -2.803	-0.2786 -6.349 2.971 -2.425
8300	3.926 1.435 1.135 2.743	3.734 -1.615 5.915 -1.645	-0.3962 -0.1131 -1.792 -2.458	-0.151 -6.256 2.888 -2.561
8400	3.823 1.446 0.9274 3.024	4.135 -1.589 5.699 -1.57	-0.4884 -0.07674 -1.87 -2.307	0.4015 -6.521 2.469 -3.309
8500	3.815 1.654 0.9306 2.727	4.115 -1.816 5.942 -2.252	-0.3683 0.2621 -1.907 -2.603	0.3576 -6.509 2.398 -3.503
8600	3.515 1.551 1.162 2.772	4.401 -1.846 6.017 -2.39	-0.4739 0.4543 -1.994 -2.608	0.7257 -6.309 2.498 -3.187
8700	3.286 1.654 1.221 2.842	4.367 -1.927 5.94 -2.488	-0.5367 0.754 -2.584 -2.635	0.5268 -6.064 2.393 -2.961
8800	3.335 1.319 1.375 3.106	4.533 -1.654 5.738 -2.888	-0.7713 0.978 -2.819 -2.841	0.3277 -5.703 2.381 -3.044
8900	3.242 1.076 1.654 3.041	5.117 -1.434 5.912 -2.641	-0.7885 0.8536 -2.921 -2.796	0.1087 -5.47 2.828 -3.134
9000	3.484 1.143 1.398 2.877	4.909 -1.421 5.815 -2.443	-0.4801 1.047 -2.598 -2.697	0.0659 -5.527 2.819 -3.316
9100	3.716 1.39 1.102 3.271	5.241 -1.39 5.922 -2.421	-0.3996 0.8908 -2.142 -2.849	0.08305 -5.138 2.524 -3.404
9200	3.164 1.554 1.614 3.242	5.257 -1.523 5.752 -2.445	-0.1148 0.7535 -1.741 -2.646	-0.06938 -5.195 2.708 -3.524
9300	3.325 1.434 1.523 3.397	5.385 -1.626 5.513 -2.588	-0.4111 0.8882 -1.905 -2.765	0.1356 -5.686 2.87 -3.602
9400	3.265 1.76 1.6 3.031	5.249 -1.866 5.859 -2.135	-0.6543 0.9445 -2.077 -2.731	0.5182 -5.973 2.852 -3.621
9500	3.24 2.121 1.448 2.977	5.529 -1.682 5.864 -2.302	-0.9582 0.8142 -2.05 -2.558	0.1924 -6.456 3.489 -3.846
9600	2.998 2.02 1.564 2.843	5.815 -1.417 6.099 -2.435	-0.9131 0.9313 -2.058 -2.719	-0.04914 -6.976 3.639 -3.975
9700	3.025 1.727 1.528 2.743	5.757 -1.381 5.946 -2.298	-0.8681 1.103 -1.578 -2.851	-0.3348 -6.978 3.842 -3.917
9800	3.168 1.75 1.554 2.598	5.766 -1.281 6.165 -2.42	-0.6837 1.363 -2 -2.917	-0.4835 -6.755 4.285 -4.219
9900	3.425 1.466 1.537 2.126	5.313 -1.764 6.167 -2.808	-0.6672 1.746 -1.814 -3.044	-0.3026 -6.535 4.144 -4.49
10000	3.459 1.407 1.733 2.064	5.241 -1.782 6.088 -2.601	-0.4414 1.88 -1.647 -2.839	-0.5536 -6.564 3.849 -4.933
10100	3.445 1.467 1.882 2.038	5.363 -1.474 6.104 -2.286	0.009344 2.756 -1.845 -2.761	-0.535 -6.18 3.725 -4.989
10200	3.351 1.07 1.894 2.21	5.123 -1.081 6.092 -2.136	0.4748 2.482 -1.703 -2.743	-0.437 -6.444 3.943 -5.158
10300	3.617 1.045 1.9 2.066	5.117 -1.489 6.095 -1.867	0.1597 2.35 -1.863 -2.282	0.05871 -6.251 3.843 -4.796
10400	3.757 1.182 2.21 2.477	5.353 -1.666 5.732 -2.284	0.1562 2.35 -1.945 -2.094	0.3285 -6.031 3.462 -5.048
10500	3.449 1.122 2.613 2.113	5.534 -1.518 6.081 -2.746	-0.04565 2.767 -1.729 -2.233	0.04465 -6.541 3.438 -5.566
10600	3.653 1.026 2.669 1.953	5.394 -1.473 5.757 -3.066	0.1869 2.295 -1.721 -1.876	-0.2389 -6.471 3.414 -4.97
10700	3.611 0.7727 3.035 1.972	5.16 -1.095 5.751 -3.168	0.4474 2.221 -1.796 -2.029	-0.5206 -6.619 3.323 -5.025
10800	3.801 0.5112 3.077 1.822	4.917 -0.6483 5.75 -3.119	0.2283 2.162 -1.587 -2.328	-0.3828 -6.559 3.01 -5.36
10900	3.805 0.7818 2.995 1.462	5.383 -0.5461 5.452 -3.028	0.2985 2.376 -1.922 -2.548	-0.4822 -6.395 3.225 -5.204
11000	3.698 0.2204 2.786 0.7379	5.197 -0.8617 5.209 -2.772	0.2651 2.944 -1.792 -2.339	-0.5629 -6.687 3.352 -5.154
11100	3.472 -0.04866 2.58 0.9803	5.194 -0.6986 4.848 -2.814	0.1388 3.151 -2.047 -2.678	-0.6273 -6.691 3.539 -5.05
11200	3.431 0.05522 2.499 0.9915	5.271 -0.8082 5.144 -2.655	0.1152 2.883 -2.115 -2.667	-0.5377 -6.577 3.498 -5.001
11300	3.25 0.4803 2.616 0.765	5.121 -0.6105 5.125 -2.646	0.2127 2.595 -2.046 -2.879	-0.4527 -6.597 3.872 -5.004
11400	3.468 0.9062 2.908 0.3223	4.837 -0.3289 5.117 -2.934	0.2283 2.501 -2.174 -2.926	-0.529 -6.877 3.84 -4.927
11500	3.337 0.4434 3.062 0.1186	4.498 -0.2419 5.177 -2.956	0.4233 2.046 -2.393 -2.242	-0.703 -6.606 3.984 -5.133
11600	3.444 0.6979 2.951 0.2326	4.19 -0.3743 4.706 -3.012	0.3492 2.241 -2.047 -1.965	-0.3819 -6.673 3.967 -5.262
11700	3.389 0.3482 3.021 0.7255	3.583 -0.7614 4.738 -3.031	0.5061 2.581 -2.231 -1.517	-0.5468 -6.33 3.921 -5.159
11800	3.888 0.1212 3.141 0.6372	3.864 -0.882 4.68 -3.083	0.4686 2.406 -2.335 -1.114	-0.5045 -6.562 3.861 -5.233
11900	3.709 0.2058 3.435 0.5378	4.068 -1.094 4.821 -3.048	0.3495 2.283 -2.257 -0.9835	-0.4016 -6.283 3.821 -5.827
12000	4.128 0.4522 3.675 0.3944	4.178 -0.9806 4.944 -3.231	0.4068 2.367 -2.386 -1.055	-0.3134 -6.448 3.751 -5.722
12100	3.949 0.1731 3.818 0.1811	3.974 -1.164 5.116 -3.503	0.2027 2.145 -2.177 -1.398	-0.06722 -6.004 3.945 -5.513
12200	4.139 0.2476 4.248 -0.3029	3.977 -0.4913 5.025 -3.494	0.1254 2.123 -2.484 -1.167	-0.2117 -5.555 4.267 -5.671
12300	3.989 0.363 4.379 -0.4633	4.178 -0.5639 4.564 -3.601	0.0931 2.287 -2.317 -1.451	-0.01351 -5.928 4.621 -5.383
12400	3.965 0.3074 4.915 -0.7412	4.36 -0.5174 4.508 -3.584	0.05537 2.136 -1.857 -1.362	0.3438 -5.945 4.558 -4.984
12500	3.504 0.4108 4.821 0.002686	4.315 -0.6474 4.311 -3.222	-0.1428 2.214 -2.079 -1.462	0.5662 -6.099 4.862 -5.032
12600	3.471 0.5176 4.7 0.2713	4.399 -0.6236 5.05 -3.094	0.121 1.957 -1.81 -1.385	0.4569 -6.405 4.397 -4.968
12700	3.451 0.7542 4.826 0.3464	4.097 -0.888 4.596 -3.578	-0.1641 2.265 -1.743 -1.569	1.226 -5.868 4.428 -5.013
12800	3.451 0.8099 4.796 0.3479	3.838 -0.816 4.568 -3.967	-0.1802 2.163 -1.699 -1.728	1.136 -5.636 4.345 -5.135
12900	3.321 0.9488 4.909 0.7104	3.547 -0.9324 4.455 -4.104	-0.1443 2.579 -1.599 -1.931	1.202 -5.384 4.111 -4.999
13000	3.219 0.8294 5.09 0.7592	3.607 -0.8507 4.392 -4.313	-0.2239 2.388 -1.575 -1.832	0.6665 -4.896 4.385 -4.834
13100	3.228 0.7634 5.465 0.7868	3.586 -0.8404 4.278 -4.591	-0.3588 2.025 -1.969 -2.166	0.2554 -4.711 4.232 -4.922
13200	3.164 0.5892 5.749 1.18	3.688 -0.9887 4.454 -4.655	-0.4634 2.167 -2.048 -2.075	0.1795 -4.693 3.846 -4.831
13300	3.336 0.5479 5.703 1.623	3.527 -1.249 4.794 -4.099	-0.6296 2.163 -1.863 -2.639	0.1826 -4.42 3.43 -4.608
13400	2.803 0.4237 5.412 1.334	3.657 -1.162 4.719 -3.94	-0.866 2.323 -1.719 -2.598	0.2077 -4.591 4.017 -4.286
13500	2.877 0.5852 5.474 1.204	3.577 -1.2 5.068 -3.767	-0.5484 2.455 -2.03 -2.992	0.7152 -4.602 4.381 -4.822
13600	3.084 0.6526 5.653 0.8714	3.518 -1.12 5.35 -3.894	-0.6651 2.034 -1.696 -3.039	0.8511 -4.416 4.122 -4.505
13700	2.914 0.5899 5.415 1.072	3.775 -1.673 5.13 -3.74	-0.8367 1.927 -1.274 -3.015	0.8594 -4.556 3.602 -4.339
13800	3.261 0.2567 5.318 1.404	3.301 -1.481 5.033 -3.941	-1.283 1.771 -1.063 -3.193	0.8409 -4.869 3.618 -4.437
13900	3.394 0.2776 5.505 1.262	3.398 -1.507 4.779 -4.078	-1.589 1.801 -0.8983 -3.24	0.8367 -4.902 3.564 -4.439
14000	3.573 0.004621 5.151 1.198	3.612 -1.705 4.378 -3.571	-1.929 2.175 -0.5987 -3.33	1.148 -5.149 3.367 -4.491
14100	3.868 0.1616 5.144 0.4014	3.662 -1.619 4.132 -3.796	-1.783 2.257 -0.5922 -3.37	1.501 -4.933 3.258 -4.709
14200	3.684 -0.1574 5.278 0.3728	3.733 -1.534 4.173 -3.606	-1.673 2.379 -0.9378 -3.349	1.578 -4.622 3.625 -4.693
14300	3.739 -0.3567 5.301 0.5336	4.013 -1.672 3.882 -3.383	-1.74 2.334 -0.7755 -3.288	1.78 -4.845 3.642 -4.291
14400	3.562 -0.4366 5.193 0.7966	3.912 -1.187 3.562 -3.122	-1.842 1.948 -0.8391 -3.295	2.193 -4.766 3.569 -4.793
14500	3.751 -0.7987 5.147 0.9772	3.68 -1.248 3.321 -3.381	-1.73 2.062 -0.9135 -2.925	2.127 -4.566 4.172 -5.462
14600	3.866 -0.3944 5.076 0.8677	3.242 -1.343 3.418 -3.74	-1.474 1.815 -0.9248 -2.774	2.026 -4.47 4.248 -6.216
14700	3.79 -0.4392 5.266 0.518	3.419 -1.56 3.198 -3.264	-1.807 1.675 -0.8905 -2.248	1.685 -4.468 4.184 -5.985
14800	4.112 0.102 5.569 0.4931	3.227 -1.726 3.399 -3.254	-1.794 1.416 -0.9372 -2.55	1.86 -5.14 4.094 -5.806
14900	4.309 0.3375 5.532 0.9992	2.977 -1.753 3.798 -3.408	-2.049 1.556 -1.091 -2.902	1.901 -4.66 4.196 -5.806
15000	4.132 0.1804 5.919 1.036	3.226 -1.709 3.616 -3.645	-2.397 1.897 -0.8612 -3.333	1.625 -4.969 4.202 -5.964
15100	3.878 0.1207 5.894 1.333	3.225 -1.416 3.571 -3.699	-2.368 2.155 -0.6088 -3.008	1.473 -4.896 4.258 -5.926
15200	4.184 0.3063 5.657 1.297	2.918 -1.871 3.573 -4.186	-2.111 2.259 -0.7677 -2.99	1.463 -4.65 4.316 -5.597
15300	4.058 0.3031 5.7 1.649	2.588 -1.887 3.674 -3.906	-2.003 1.991 -0.8527 -2.824	1.651 -4.742 4.377 -5.741
15400	3.817 0.4347 5.829 1.819	2.75 -1.507 3.869 -3.42	-2.525 2.287 -1.074 -2.651	1.598 -4.873 4.368 -6.024
15500	3.445 0.528 5.898 1.866	2.739 -1.245 3.829 -3.156	-2.519 2.563 -1.053 -2.619	1.327 -5.168 4.435 -5.891
15600	3.417 0.5659 6.248 2.223	2.963 -1.052 4.003 -3.525	-2.493 2.551 -1.174 -3.133	1.397 -4.719 4.331 -5.815
15700	3.726 0.4042 6.358 2.174	2.444 -1.217 4.142 -3.85	-2.484 2.642 -1.314 -3.396	1.271 -4.423 4.812 -6.106
15800	3.849 0.2839 6.176 1.883	2.17 -1.205 4.327 -3.856	-2.734 2.635 -1.116 -3.603	0.8007 -4.696 4.857 -6.389
15900	3.972 0.2042 6.147 1.82	2.032 -1.5 4.577 -4.017	-3.031 2.533 -1.446 -3.629	1.002 -5.263 4.75 -6.144
16000	4.061 0.2192 6.087 1.836	1.896 -1.217 4.632 -4.081	-3.113 2.568 -1.404 -3.296	1.015 -5.742 4.734 -5.919
16100	4.071 -0.02493 5.977 1.914	2.177 -1.314 4.309 -3.573	-3.388 2.66 -1.826 -3.487	0.8639 -5.759 4.984 -5.838
16200	3.913 -0.2642 5.969 2.218	2.131 -1.546 4.113 -3.5	-2.945 2.87 -1.611 -3.556	1.047 -6.172 4.922 -5.791
16300	3.747 -0.446 5.596 2.431	2.334 -1.263 4.274 -3.464	-2.98 2.46 -1.564 -3.929	1.368 -6.316 4.628 -5.909
16400	3.49 -0.2269 5.78 2.435	2.459 -1.673 4.526 -3.255	-3.114 2.041 -1.996 -3.724	1.098 -6.303 4.606 -6.05
16500	3.866 -0.1861 5.67 2.325	2.672 -1.545 4.817 -3.022	-3.108 1.875 -1.473 -3.704	0.9717 -6.25 5.068 -5.684
16600	4.176 -0.1315 5.608 2.635	2.563 -1.62 4.709 -2.918	-2.816 1.705 -1.561 -3.453	1.239 -5.904 4.587 -5.707
16700	3.795 -0.1926 6.179 2.562	2.645 -1.633 4.636 -3.082	-2.458 1.811 -1.185 -3.543	1.131 -6.088 4.45 -5.656
16800	3.782 0.1143 6.308 2.743	2.506 -1.54 4.89 -3.413	-2.57 1.857 -1.514 -3.552	0.9888 -5.703 4.302 -5.792
16900	4.041 -0.07747 6.248 2.75	2.607 -1.304 5.343 -3.169	-2.539 1.89 -1.025 -3.565	0.9466 -6.016 4.118 -5.564
17000	4.301 -0.3107 6.448 3.004	2.618 -1.37 5.747 -2.789	-2.108 1.466 -1.137 -3.439	1.008 -5.992 4.027 -5.772
17100	3.92 -0.3331 6.265 3.221	2.387 -1.065 5.506 -2.903	-2.568 1.564 -1.191 -3.682	0.899 -6.407 4.023 -5.697
17200	3.903 -0.4218 5.95 3.112	2.196 -0.8638 5.582 -2.784	-2.31 1.272 -1.256 -3.876	1.119 -6.661 3.591 -5.767
17300	4.188 -0.2063 6.194 3.494	2.764 -1.033 5.671 -3.092	-2.295 1.462 -1.458 -4.134	1.034 -6.84 3.325 -5.834
17400	4.274 -0.5111 6.134 3.982	2.723 -1.076 5.802 -3.565	-2.546 1.447 -1.473 -4.16	1.36 -6.765 3.489 -5.954
17500	3.995 -0.9142 5.941 4.332	3.338 -1.173 5.908 -3.645	-3.197 1.603 -1.487 -3.804	1.181 -6.945 3.685 -5.769
17600	4.698 -0.6068 6.311 4.489	3.636 -1.033 5.674 -3.623	-2.929 1.631 -1.284 -3.74	1.177 -6.867 4.14 -5.655
17700	4.566 -0.543 6.112 3.865	3.283 -1.246 5.845 -3.964	-2.648 1.698 -1.202 -3.532	0.9817 -7.399 4.445 -5.587
17800	4.349 -0.3245 6.944 3.732	3.435 -1.426 5.733 -3.689	-2.688 1.696 -1.249 -3.7	1.091 -7.228 4.029 -5.467
17900	4.12 -0.1202 7.036 3.915	3.204 -1.29 5.344 -3.721	-2.696 1.682 -0.9173 -3.404	1.311 -6.721 3.79 -5.053
18000	4.349 0.3741 6.46 4	3.437 -1.443 5.02 -3.516	-3.105 1.551 -0.6707 -3.142	1.355 -7.149 4.164 -5.237
18100	4.035 0.3095 6.56 3.665	3.628 -1.384 4.597 -3.473	-2.999 1.242 -0.789 -3.081	1.376 -6.751 4.498 -5.359
18200	3.811 0.3768 6.422 3.354	3.66 -1.251 4.812 -3.627	-2.88 1.16 -0.8015 -3.269	1.542 -6.614 4.415 -5.538
18300	3.992 0.8525 6.333 3.411	3.427 -1.176 4.592 -3.659	-2.799 0.3487 -1.005 -3.036	1.495 -6.615 4.82 -5.663
18400	3.943 0.7836 6.653 3.752	3.656 -1.29 4.335 -3.889	-3.076 0.7833 -1.377 -3.25	1.162 -6.867 4.681 -5.694
18500	3.757 1.591 6.42 3.607	3.718 -1.243 4.473 -4.112	-2.86 0.6299 -1.42 -3.032	1.314 -6.886 4.838 -5.776
18600	3.757 1.877 6.212 3.215	3.415 -1.045 4.298 -4.225	-3.011 0.6568 -1.364 -3.322	1.311 -6.442 4.527 -5.981
18700	3.5 1.946 6.141 3.167	3.426 -0.8296 4.001 -4.042	-2.814 0.837 -1.503 -3.135	1.238 -6.173 4.727 -6.268
18800	3.669 2.131 5.712 3.105	3.559 -0.4785 3.949 -4.108	-2.76 0.5513 -1.741 -2.732	1.343 -6.522 4.349 -6.456
18900	3.366 2.096 5.351 3.431	3.65 -0.3283 3.381 -3.902	-3.129 0.685 -1.517 -2.834	0.9533 -6.715 4.26 -6.595
19000	3.583 2.267 5.396 3.635	3.968 -0.7747 3.324 -3.523	-3.371 0.7469 -1.429 -2.8	0.4878 -6.507 4.404 -6.801
19100	3.336 2.041 5.136 3.778	4.188 -1.197 3.301 -3.853	-3.522 0.7908 -1.414 -2.746	0.5279 -6.483 4.521 -6.954
19200	3.076 2.203 5.009 3.479	4.374 -1.678 3.462 -3.802	-3.327 0.7369 -1.615 -2.8	0.5136 -6.372 4.326 -6.809
19300	3.158 2.458 4.719 3.409	4.508 -1.545 3.449 -3.646	-3.066 0.7488 -1.584 -2.73	0.4285 -6.187 4.728 -6.903
19400	3.257 2.44 4.683 2.845	4.553 -1.719 3.317 -3.7	-3.284 0.4495 -1.827 -2.882	0.02377 -5.751 4.437 -6.946
19500	3.043 2.068 4.937 2.412	4.765 -2.198 3.696 -3.325	-2.812 0.6961 -1.946 -2.547	0.4261 -5.312 4.558 -6.606
19600	3.115 1.415 4.762 2.671	4.58 -2.197 3.817 -3.126	-2.808 1.077 -2.094 -2.068	0.4562 -5.485 4.711 -6.993
19700	2.988 1.379 4.837 2.826	4.351 -2.474 3.968 -3.226	-2.365 1.006 -2.362 -2.042	0.4555 -5.639 4.636 -7.112
19800	3.193 1.241 4.66 3.235	4.449 -2.631 3.923 -3.262	-1.92 1.239 -2.028 -2.024	0.009407 -5.774 5.032 -6.975
19900	3.119 1.13 5.094 2.929	4.675 -2.701 3.852 -3.416	-1.663 0.9758 -1.967 -1.943	0.2151 -5.717 4.924 -6.968
20000	3.006 1.333 5.291 2.807	4.459 -2.844 3.988 -3.498	-1.913 0.6442 -1.87 -1.912	0.2346 -5.625 5.164 -7.152
20100	3.553 0.9828 4.74 2.731	4.622 -2.917 4.147 -3.714	-1.581 0.7282 -1.916 -1.778	0.2748 -5.511 5.136 -7.123
20200	3.712 1.189 4.615 2.876	4.632 -3.444 4.154 -3.871	-1.252 1.323 -1.742 -1.343	0.1801 -5.426 5.403 -6.99
20300	3.403 0.9916 4.43 2.777	4.248 -3.43 4.324 -4.239	-1.149 1.411 -2.032 -1.673	0.1278 -5.175 5.52 -6.894
20400	4.02 0.5632 4.955 3.158	4.05 -3.107 4.162 -4.04	-0.7922 1.522 -2.157 -1.185	0.04279 -5.031 5.346 -6.615
20500	3.979 0.5279 5.03 3.488	4.647 -2.922 4.114 -4.074	-0.9377 1.64 -2.162 -0.9221	0.0973 -5.3 5.232 -6.901
20600	3.83 1.076 4.894 3.397	4.534 -2.732 3.998 -4.541	-1.165 1.503 -2.05 -0.9268	0.1382 -5.073 5.137 -6.956
20700	3.908 0.7905 5.497 3.511	4.49 -2.676 4.033 -4.222	-0.8497 1.664 -2.039 -0.5856	0.5949 -4.938 5.495 -7.104
20800	3.999 1.005 5.389 3.516	4.886 -2.73 4.606 -4.145	-0.9612 1.582 -1.936 -0.3429	1.182 -5.601 5.446 -7.061
20900	3.868 1.035 4.922 3.978	4.742 -2.738 4.593 -4.082	-0.7663 1.678 -1.739 -0.2614	1.141 -5.299 5.119 -7.523
21000	4.402 0.9213 4.924 4.238	4.962 -2.726 4.716 -3.899	-1.381 2.181 -1.334 -0.6047	0.8789 -5.032 4.909 -7.561
21100	5.116 0.6627 4.671 4.127	4.955 -2.518 4.678 -3.844	-1.791 2.074 -1.593 -0.7336	1.075 -5.417 5.139 -7.867
21200	4.453 0.4447 4.731 4.463	4.794 -2.154 5.369 -3.42	-1.452 1.827 -1.749 -0.4358	0.9397 -5.188 4.434 -8.024
21300	4.446 0.2836 4.867 4.514	4.975 -2.54 5.412 -3.355	-1.472 1.617 -1.778 -0.3333	1.059 -5.077 4.261 -8.052
21400	4.195 0.4475 4.357 4.804	5.441 -2.723 5.596 -2.948	-1.389 1.895 -1.533 -0.3539	1.107 -5.094 4.433 -8.279
21500	4.217 0.5867 4.415 5.6	5.426 -2.711 5.43 -2.914	-1.656 2.041 -1.733 -0.3862	1.242 -4.978 4.705 -8.793
21600	4.241 0.8106 4.33 5.33	5.48 -2.218 5.266 -2.11	-1.882 2.049 -1.565 -0.3762	1.109 -5.232 4.498 -8.852
21700	4.26 0.7952 4.66 4.891	5.411 -1.839 4.96 -1.973	-1.871 2.282 -1.17 -0.3896	1.06 -5.411 4.796 -8.94
21800	4.415 0.3248 4.662 5.232	5.459 -1.197 4.455 -2.086	-1.764 2.356 -0.8581 -0.6325	1.127 -5.298 5.027 -9.155
21900	4.684 0.5481 4.33 5.196	4.94 -0.8347 4.598 -1.927	-1.875 1.903 -0.6638 -0.3033	0.6835 -4.958 4.797 -9.388
22000	4.784 1.222 3.976 5.311	5.035 -0.8537 4.466 -2.111	-1.86 1.538 -0.6349 -0.3488	0.2725 -4.91 4.324 -9.396
22100	5.164 1.41 3.878 5.761	5.009 -1.028 4.342 -2.038	-1.589 1.512 -0.9287 -0.4332	0.5026 -5.12 3.899 -9.616
22200	4.903 1.482 3.455 5.928	4.721 -1.245 4.565 -2.38	-1.496 1.497 -0.8927 -0.4395	0.424 -4.939 4.235 -9.763
22300	5.004 1.24 3.602 5.826	4.52 -1.691 4.682 -2.975	-1.088 1.19 -0.8366 -0.1383	0.5731 -4.883 4.359 -9.927
22400	4.865 1.253 3.974 5.416	4.569 -1.679 4.656 -3.116	-0.6808 0.8455 -0.8937 -0.3175	0.4923 -4.98 4.553 -9.788
22500	5.006 1.362 4.401 5.653	5.08 -1.458 4.457 -3.232	-0.6087 0.6915 -0.8101 -0.3697	0.1862 -4.685 4.54 -9.981
22600	5.052 1.044 4.181 5.679	5.255 -1.899 4.479 -3.419	-0.6953 0.4535 -0.7288 -0.4612	0.2965 -4.611 4.361 -9.868
22700	5.007 1.348 4.115 5.432	5.136 -1.642 4.439 -3.221	-0.9245 0.6503 -0.9944 0.02969	-0.1828 -4.331 4.28 -9.737
22800	4.966 1.226 4.347 5.748	5.523 -1.096 4.439 -3.531	-0.9515 0.2142 -0.8874 0.4515	-0.2917 -4.2 4.557 -9.765
22900	4.585 0.4345 4.25 5.751	5.229 -1.415 4.339 -3.26	-0.8857 -0.01262 -0.731 0.3608	-0.222 -4.045 4.695 -10.03
23000	4.481 0.9496 4.369 6.094	4.638 -1.179 4.55 -3.387	-1.104 0.1268 -1.022 0.1819	-0.4959 -3.984 4.753 -9.993
23100	4.469 0.799 4.51 5.87	5.098 -1.077 4.322 -3.252	-0.9004 0.205 -1.108 0.0842	-0.2256 -4.364 5.138 -10.02
23200	4.731 0.9838 4.655 5.572	5.003 -0.935 4.484 -3.18	-1.058 0.3023 -1.032 -0.07225	-0.222 -4.669 4.963 -9.801
23300	4.528 0.7476 4.857 5.918	5.062 -0.9879 5.077 -3.111	-1.294 0.2341 -1.028 -0.07939	-0.07498 -4.112 4.934 -9.655
23400	4.654 0.8663 4.963 6.234	5.146 -1.004 4.924 -3.042	-1.297 0.4678 -1.435 -0.2473	-0.2059 -4.191 4.448 -9.703
23500	4.696 1.094 4.983 6.337	5.262 -1.473 4.784 -3.272	-1.777 0.1009 -1.694 -0.09401	-0.3152 -4.221 4.585 -9.331
23600	4.862 1.087 4.666 6.638	5.423 -1.077 5.157 -3.606	-2.084 0.06928 -1.313 -0.4727	-0.01204 -3.761 4.185 -9.68
23700	4.741 1.569 4.656 6.123	5.603 -1.152 5.083 -4.013	-2.111 -0.3548 -0.8733 -0.4478	0.3865 -3.876 4.081 -9.662
23800	4.723 1.173 4.835 5.987	5.121 -0.7772 5.093 -4.557	-2.346 -0.2532 -0.3283 -0.1613	0.5579 -3.484 4.289 -10.16
23900	4.526 1.171 4.764 6.085	4.351 -1.127 5.078 -4.722	-2.119 0.2146 -0.3897 -0.564	0.5785 -3.366 3.938 -10.02
24000	4.746 1.158 5.353 6.254	4.427 -1.341 4.799 -4.694	-1.869 0.5314 -0.451 -0.4362	0.5259 -2.993 3.918 -10.08
24100	4.757 1.185 4.623 6.121	4.393 -1.373 4.377 -4.301	-1.902 0.366 -0.203 -0.2405	0.2772 -2.875 3.805 -9.877
24200	4.928 1.18 4.904 5.711	4.673 -1.207 4.417 -4.564	-1.859 -0.02788 -0.1192 -0.5375	0.9412 -2.994 3.99 -10.27
24300	5.349 1.172 4.85 5.746	4.231 -1.257 4.364 -4.441	-1.883 0.4101 0.1501 -0.5247	0.703 -2.885 4.175 -9.87
24400	5.749 1.368 4.763 5.966	4.647 -1.695 4.723 -4.763	-2.102 0.2744 0.08303 -0.2623	0.7268 -3.034 4.546 -10.1
24500	5.908 1.714 4.803 6.227	4.481 -1.628 4.405 -4.731	-1.891 0.7773 -0.1462 -0.2887	0.9334 -2.956 4.929 -10.41
24600	5.942 1.775 4.711 6.477	4.297 -1.788 3.835 -5.021	-2.067 0.3464 -0.1806 -0.07449	0.9096 -2.569 4.833 -10.6
24700	6.016 2.199 4.88 6.579	4.252 -2.031 3.725 -5.839	-1.788 0.6018 -0.06795 -0.3934	0.8686 -2.678 4.584 -10.81
24800	5.903 2.176 5.06 6.495	4.866 -1.573 3.707 -5.875	-2.148 0.2331 0.1281 -0.6227	0.7015 -2.427 4.585 -10.97
24900	5.884 2.229 4.649 6.265	4.78 -1.411 3.661 -5.897	-1.67 0.3595 0.1987 -0.5837	1.187 -2.291 4.468 -11.35
25000	5.744 2.275 4.435 6.633	4.14 -1.077 3.943 -6.311	-1.767 0.6863 0.0492 -0.5902	1.211 -2.445 4.459 -11.57
25100	6.013 2.118 4.367 6.592	3.999 -0.9618 4.366 -6.609	-1.801 0.5506 -0.304 -0.2192	1 -2.184 4.305 -11.97
25200	6.17 2.326 4.212 6.862	4.418 -1.01 4.795 -6.922	-1.772 0.302 -0.5967 0.4536	1.243 -2.333 4.108 -12.16
25300	6.042 2.102 4.213 7.253	4.394 -0.6235 4.463 -6.748	-1.506 0.7312 -1.085 0.7791	0.7634 -1.953 3.835 -11.81
25400	5.701 2.046 4.533 7.356	4.047 -0.2809 4.42 -6.923	-1.451 0.3701 -0.6447 0.2167	0.4677 -1.698 3.881 -11.85
25500	5.83 2.275 4.902 7.436	4.485 -0.5769 4.614 -7.292	-1.422 0.8256 -0.7041 0.4119	0.3126 -1.99 3.712 -11.77
25600	5.541 2.302 5.26 7.317	4.335 -0.5319 4.429 -7.675	-1.564 1.43 -1.338 0.5375	0.2361 -2.17 3.667 -11.61
25700	5.836 2.426 5.392 7.306	4.369 -0.1186 4.304 -7.841	-1.477 1.411 -0.9714 0.4169	0.258 -1.919 3.629 -11.42
25800	6.119 2.438 5.912 7.085	4.584 0.0157 3.994 -7.864	-1.327 1.266 -1.156 0.1689	0.5469 -1.789 3.646 -11.51
25900	6.011 2.437 5.354 6.781	4.336 0.2415 4.292 -8.139	-1.032 0.855 -0.7513 -0.1837	0.6248 -2.212 3.654 -11.65
26000	6.309 2.682 5.429 7.171	4.061 0.7479 4.423 -8.145	-0.6007 0.6673 -0.5277 -0.05257	1.016 -2.116 3.757 -11.44
26100	6.561 2.992 5.351 7.718	3.815 0.8687 4.752 -8.389	-0.6649 0.5262 -1.052 -0.3644	0.9987 -2.364 4.131 -11.19
26200	6.751 2.731 5.455 7.856	4.007 0.9897 4.667 -8.287	-0.9296 0.6162 -0.6481 -0.5033	0.9841 -1.82 4.662 -10.79
26300	6.881 3.088 5.382 7.702	4.262 1.234 4.853 -8.396	-0.676 0.4764 -1.002 -0.8649	1.147 -2.152 4.67 -10.95
26400	6.559 3.078 5.724 7.479	4.751 1.693 5.477 -8.47	-0.5694 0.6273 -0.4979 -1.136	0.4897 -2.181 4.295 -10.59
26500	6.536 3.098 5.437 7.498	4.789 1.389 5.217 -8.59	-0.6459 0.6465 -0.7204 -1.339	0.4321 -1.899 4.312 -10.63
26600	6.675 3.098 5.331 7.419	5.01 1.376 4.968 -8.524	-0.3827 0.9781 -0.6524 -1.233	0.3681 -1.952 4.344 -10.79
26700	6.547 3.214 5.573 7.657	5.576 1.28 4.906 -8.468	-0.3467 0.8175 -0.8568 -1.038	0.09938 -2.072 4.025 -10.39
26800	6.573 3.085 5.594 7.647	5.278 0.7985 4.555 -8.563	-0.8243 0.6103 -0.5454 -0.7985	0.6423 -2.169 3.886 -10.34
26900	6.479 2.982 5.641 7.541	5.586 0.7016 4.519 -8.823	-1.087 1.004 -0.5276 -0.1124	0.8344 -2.326 4.093 -10.46
27000	6.194 2.73 5.526 7.442	5.544 0.4226 4.593 -9	-0.9429 1.187 -0.3899 -0.377	1.418 -2.291 4.029 -10.94
27100	5.952 2.56 5.831 7.621	5.611 0.2674 4.164 -9.038	-0.9446 1.06 -0.05713 -0.3498	1.159 -2.382 3.913 -11.21
27200	5.755 2.5 5.75 7.666	5.98 0.3591 3.824 -9.202	-0.6124 0.6332 -0.2259 -0.7537	0.9489 -2.265 3.746 -11.24
27300	5.646 2.533 5.685 7.538	5.592 0.4358 3.938 -9.286	-1.071 0.684 -0.17 -0.7645	1.093 -2.197 3.41 -11.36
27400	6.071 2.998 5.481 7.648	5.453 0.3264 4.165 -8.73	-1.087 0.3915 0.06039 -1.14	1.254 -2.523 3.199 -11.54
27500	6.396 3.393 5.27 7.776	5.726 0.5171 4.409 -9.29	-0.7196 0.1572 -0.1391 -1.143	1.337 -2.756 3.137 -11.48
27600	6.61 3.229 5.319 8.124	5.315 0.3164 4.728 -9.458	-0.4605 -0.0751 0.04121 -1.093	1.283 -3.039 3.408 -11.38
27700	6.726 2.882 4.903 8.685	5.476 0.552 5.133 -9.668	-0.4713 -0.1813 -0.7234 -0.9214	1.403 -3.369 3.559 -11.57
27800	6.657 2.668 5.184 8.597	5.422 0.7873 5.234 -9.374	-0.4188 0.216 -0.6414 -1.136	1.429 -3.609 3.619 -11.86
27900	6.56 2.492 5.355 8.346	5.517 0.8151 5.381 -9.322	-0.3833 0.5011 -0.6306 -0.9423	1.405 -2.966 3.482 -11.76
28000	6.4 2.521 5.294 7.955	5.937 0.8363 5.421 -9.476	-0.3593 0.5717 -0.3589 -1.045	1.076 -2.988 3.598 -11.75
28100	6.072 2.181 5.483 8.257	6.054 0.9081 5.739 -9.182	-0.1181 0.7269 -0.2032 -1.02	0.9984 -2.868 3.364 -12.06
28200	6.339 2.266 5.247 8.301	5.909 1.029 5.603 -9.106	-0.02624 0.3431 -0.2055 -1.197	0.8725 -2.55 3.238 -12.43
28300	6.077 2.148 5.138 8.378	5.776 1.05 5.581 -9.121	0.02767 0.4033 -0.1983 -1.207	0.8757 -2.032 3.345 -12.33
28400	5.729 2.161 5.645 8.286	5.835 0.7927 5.955 -8.995	0.2214 0.3036 0.04984 -1.003	1.311 -2.074 2.718 -12.48
28500	5.753 2.099 5.893 8.802	5.609 0.5142 6.229 -8.26	0.1488 0.1797 -0.0298 -0.9931	1.54 -1.845 2.765 -12.59
28600	5.743 1.939 5.75 8.546	5.765 0.7784 6.164 -8.671	-0.07029 -0.1026 0.06407 -1.14	1.53 -1.563 2.574 -12.49
28700	5.925 2.11 5.834 8.651	5.759 0.7185 6.147 -8.971	-0.1558 0.3063 0.2383 -1.089	2.02 -1.337 2.75 -12.2
28800	5.801 2.36 6.028 8.501	6.126 0.2237 6.294 -8.97	-0.3031 0.3155 0.2915 -1.224	2.377 -1.459 2.488 -12.29
28900	5.988 2.211 6.042 8.43	6.009 0.2563 6.854 -9.033	-0.3803 0.232 0.2233 -0.8584	2.312 -1.429 2.476 -11.95
29000	5.868 2.057 6.252 8.356	6.022 0.6683 6.945 -9.347	-0.4231 0.8493 0.3101 -0.8515	2.587 -1.38 2.798 -12.09
29100	5.818 2.367 5.799 8.469	5.977 0.669 6.758 -9.191	-0.3088 0.9909 0.4199 -0.8955	2.439 -0.8016 2.893 -12.1
29200	6.114 2.187 6.013 8.245	5.982 1.034 6.915 -9.163	-0.1948 0.3871 0.4187 -0.7636	2.248 -0.3198 2.914 -11.68
29300	6.101 1.679 5.214 8.319	5.24 0.8816 7.02 -9.097	-0.3146 0.1938 0.4635 -0.5915	2.258 0.09422 3.09 -11.79
29400	5.829 1.794 5.449 8.17	5.013 1.16 7.113 -8.78	-0.3043 0.4385 0.4171 -0.5842	2.347 -0.1316 3.067 -11.41
29500	5.934 1.579 5.199 7.796	5.533 1.193 7.046 -8.489	-0.4986 0.6585 0.3133 -0.6109	2.729 -0.2546 2.993 -11.7
29600	5.928 1.563 5.057 7.985	5.171 1.354 7.009 -8.527	-0.5213 0.932 0.2066 -0.2992	2.295 -0.286 3.317 -11.78
29700	5.984 1.51 5.172 8.001	5.582 1.39 7.155 -8.294	-0.7046 1.015 0.2907 0.0006769	2.338 -0.3593 3.52 -11.94
29800	6.277 1.23 5.095 7.878	5.28 1.003 7.085 -8.189	-0.5597 1.073 0.2852 -0.1918	1.896 -0.3983 3.711 -12.02
29900	6.503 1.096 4.772 8.155	5.044 1.102 6.904 -8.302	-1.138 0.6404 0.3843 0.09538	2.041 -0.7057 3.35 -12.36
30000	6.707 1.049 5.23 8.024	5.119 1.25 7.187 -8.626	-1.047 1.071 0.2417 -0.07643	2.022 -0.6702 3.051 -12.05
30100	6.697 0.9044 5.428 8.251	5.325 1.455 7.33 -8.706	-1.035 1.38 0.08902 -0.03066	1.719 -0.6985 2.857 -12.36
30200	7.036 0.7235 5.394 8.423	5.114 1.381 7.262 -9.119	-1.452 1.837 0.6962 0.02416	2.233 -0.867 2.699 -12.45
30300	6.906 0.8726 5.611 8.31	4.791 1.31 7.421 -8.574	-1.639 1.61 1.047 0.02369	2.424 -1.187 2.378 -12.42
30400	7.567 0.9291 5.531 8.138	4.87 1.35 7.506 -8.551	-1.644 1.775 0.7626 -0.2526	1.871 -1.803 2.909 -12.62
30500	7.479 0.9025 5.503 8.189	5.382 1.932 7.095 -8.557	-1.672 2.163 1 -0.5207	1.435 -1.647 3.074 -12.47
30600	8.081 1.16 5.461 8.561	5.575 2.2 7.48 -8.415	-1.677 2.215 0.944 -0.4793	1.283 -1.621 3.388 -12.47
30700	8.154 1.389 5.708 8.385	5.383 2.445 7.483 -8.291	-2.15 2.194 0.7489 -0.1361	1.192 -1.647 3.338 -12.24
30800	8.067 1.525 5.355 8.286	5.749 2.518 7.975 -8.498	-2.298 2.238 0.6328 -0.08944	1.292 -2.077 3.181 -11.93
30900	8.308 1.4 5.413 8.184	5.867 2.471 7.915 -8.646	-2.451 2.237 0.7868 -0.1246	1.229 -2.247 3.167 -11.88
31000	8.276 1.228 5.187 7.822	5.188 1.975 7.949 -8.611	-2.544 1.94 1.034 0.09539	1.004 -2.026 2.89 -12.51
31100	8.428 0.886 4.984 7.792	5.072 2.019 8.384 -8.302	-2.881 2.196 0.8151 -0.004723	0.9203 -1.98 2.268 -12.7
31200	8.842 0.991 5.122 7.883	5.094 2.225 8.004 -8.086	-3.019 1.961 0.9765 0.4546	0.9653 -1.646 2.045 -12.9
31300	8.584 1.054 5.077 7.826	5.514 2.396 7.895 -7.787	-2.755 1.429 1.048 0.3777	0.9843 -1.334 1.927 -12.92
31400	8.438 1.062 5.228 7.558	5.43 2.277 7.788 -7.887	-2.762 1.342 1.014 0.6315	0.7881 -1.655 1.849 -13.14
31500	8.663 1.083 5.039 7.395	5.491 2.166 7.788 -7.849	-2.572 1.089 1.224 0.5031	0.9063 -2.068 1.897 -13.26
31600	8.507 1.186 5.191 7.606	5.451 1.815 8.225 -8.259	-2.474 1.084 1.064 0.7736	0.7227 -1.723 1.845 -13.12
31700	8.48 0.6366 5.426 7.367	5.356 1.942 7.967 -8.365	-2.172 0.8964 0.9134 1.083	0.5072 -1.424 1.819 -13.05
31800	8.218 0.8576 5.203 6.941	5.571 2.02 7.55 -8.276	-2.157 0.8284 0.8559 1.188	0.3079 -1.543 2.116 -12.7
31900	8.291 1.448 5.315 7.032	5.448 2.131 7.396 -8.04	-2.323 0.9787 1.027 1.832	0.2228 -1.193 2.08 -12.72
32000	8.569 0.9116 5.171 7.449	5.284 2.111 7.581 -7.992	-2.347 0.7681 1.765 1.693	0.6164 -1.895 2.09 -12.93
32100	8.735 0.7354 5.005 7.919	5.596 2.179 7.25 -7.639	-2.183 0.6614 1.867 1.195	0.5861 -1.661 1.933 -13.42
32200	8.597 1.136 4.875 8.384	5.854 1.819 6.914 -7.278	-2.439 1.137 2.073 1.241	0.7809 -1.81 1.842 -13.44
32300	9.018 1.106 4.848 8.193	5.442 2.077 6.586 -7.274	-2.403 1.139 2.164 1.648	1.084 -1.662 2.212 -13.38
32400	8.725 0.9501 4.849 7.972	5.726 1.831 6.678 -7.205	-2.241 1.211 2.234 1.51	1.272 -2.33 2.491 -13.51
32500	8.886 1.054 5.068 7.996	5.601 2.104 6.766 -7.391	-2.455 1.176 1.712 1.437	1.684 -1.972 2.716 -13.65
32600	8.837 1.007 5.353 8.369	5.668 2.065 6.755 -7.271	-2.418 0.8974 1.603 1.26	2.102 -2.304 3.157 -13.78
32700	8.664 0.781 5.474 8.373	6.286 2.006 6.504 -7.587	-2.407 0.6784 1.477 1.108	1.972 -1.867 2.802 -13.2
32800	8.235 1.092 5.556 8.277	6.218 2.119 6.047 -7.402	-2.254 0.4829 1.307 0.9383	1.809 -1.883 2.585 -12.87
32900	7.88 1.235 5.587 8.322	6.086 2.562 5.882 -7.672	-1.933 0.569 1.207 0.8982	1.686 -1.829 2.117 -12.59
33000	8.048 1.104 5.398 8.457	6.294 2.851 5.646 -7.49	-1.688 0.7419 1.28 1.008	1.571 -1.866 2.078 -12.68
33100	7.993 0.6523 5.008 8.897	6.515 3.103 5.4 -7.259	-2.092 0.5786 1.702 0.7835	1.875 -2.013 1.832 -12.83
33200	8.279 0.8237 5.048 8.86	6.591 3.136 5.778 -7.164	-2.248 0.4112 1.736 0.5411	1.398 -1.828 1.86 -12.73
33300	8.382 1.001 4.86 8.949	6.407 3.095 5.667 -7.242	-2.807 0.8251 1.813 0.8968	1.173 -2.021 2.17 -12.86
33400	8.559 0.8937 4.898 8.668	6.068 3.566 5.648 -7.323	-3.066 0.923 1.744 0.8561	0.9566 -1.698 2.368 -12.83
33500	8.519 1.089 5.239 8.233	5.988 3.931 5.586 -7.355	-3.156 1.128 1.956 0.3812	0.9555 -1.86 2.083 -13.12
33600	8.505 1.396 4.937 8.454	5.828 4.057 5.568 -7.081	-2.758 1.145 2.586 0.3428	1.032 -1.842 1.847 -12.83
33700	8.149 1.197 4.91 8.352	5.857 4.052 6.087 -6.723	-2.928 1.285 2.503 0.4769	0.8861 -1.936 2.434 -12.61
33800	8.176 0.915 5.145 8.305	5.73 4.298 6.46 -6.876	-3.498 1.328 2.43 0.5852	1.02 -2.477 2.522 -12.44
33900	8.115 1.124 5.343 7.999	5.932 4.09 6.45 -6.836	-3.439 1.282 2.257 0.8191	1.139 -2.613 2.111 -12.22
34000	8.043 1.369 5.266 7.807	5.914 4.216 6.514 -7.067	-3.582 1.204 2.156 1.108	1.266 -2.874 2.128 -12.1
34100	7.781 1.462 5.056 7.881	6.547 4.005 6.216 -6.505	-3.499 1.7 2.236 1.074	1.569 -2.561 1.874 -12.27
34200	7.753 1.346 5.225 8.426	6.9 4.294 5.998 -5.863	-3.084 1.833 2.504 1.033	1.652 -1.993 1.815 -12.43
34300	7.958 0.872 5.859 8.319	7.151 4.41 6.62 -5.885	-3.199 1.514 2.798 0.9697	1.773 -1.61 2.514 -12.4
34400	8.031 0.4807 5.705 7.673	7.067 4.145 6.366 -6.068	-3.472 1.358 3.23 0.721	1.833 -1.669 2.235 -12.24
34500	7.757 0.392 5.599 7.786	6.9 3.828 6.648 -6.09	-3.287 1.132 3.483 0.6484	1.89 -1.478 2.24 -12.23
34600	7.973 0.3302 5.57 7.94	6.41 3.355 6.388 -6.246	-2.973 1.113 3.374 0.6825	1.858 -1.589 1.763 -11.64
34700	7.754 -0.4719 5.835 7.895	6.659 3.327 6.523 -6.438	-2.564 1.23 3.035 0.6876	1.689 -1.573 1.76 -11.45
34800	7.877 -0.2863 5.775 7.604	6.307 3.203 6.805 -6.134	-2.482 1.198 2.712 1.049	1.809 -1.261 1.57 -11.72
34900	8.26 -0.1165 5.829 7.756	6.293 2.817 6.899 -6.429	-2.286 0.6168 2.454 0.7519	1.74 -1.781 1.58 -11.58
35000	8.197 -0.3052 5.716 7.679	6.59 2.769 6.998 -6.203	-2.226 0.4091 2.906 1.128	1.471 -1.855 1.544 -11.19
35100	8.238 -0.22 5.817 8.035	6.694 3.086 7.185 -6.429	-2.412 0.0875 3.517 1.289	1.557 -1.779 1.399 -11.19
35200	8.301 -0.2248 5.858 7.977	6.521 3.039 7.378 -5.774	-2.207 0.08339 3.689 1.38	1.874 -1.899 1.605 -11.2
35300	8.024 0.06305 6.154 8.198	6.275 2.988 7.053 -5.965	-1.937 0.3044 3.767 1.287	2.398 -2.099 1.522 -11.11
35400	8.38 -0.1886 6.393 7.938	6.191 2.548 6.712 -5.62	-1.787 0.3449 3.561 1.289	2.12 -1.82 1.661 -10.83
35500	8.234 -0.3684 6.671 7.853	6.331 2.309 6.512 -5.679	-2.386 0.2833 3.141 1.536	1.796 -2.089 1.96 -11.16
35600	8.141 -0.2672 6.258 7.943	6.302 2.331 6.505 -6.02	-2.419 0.2885 3.196 1.114	1.69 -2.541 1.666 -11.1
35700	8.356 -0.1205 6.621 7.851	5.818 2.353 6.484 -6.312	-2.366 0.3236 2.966 1.479	1.304 -2.824 1.381 -11.32
35800	8.617 0.1995 6.329 8.165	5.952 2.346 6.32 -6.273	-2.23 -0.1426 2.938 1.373	1.501 -2.532 1.445 -11.27
35900	8.597 0.478 6.904 8.268	5.949 1.864 5.828 -5.878	-2.074 -0.2511 2.533 1.056	1.431 -2.411 1.439 -11.15
36000	8.334 0.3951 7.094 7.989	5.451 1.679 5.903 -6.218	-2.308 -0.3631 2.634 1.115	1.277 -2.852 1.353 -10.86
36100	7.736 0.4575 7.111 8.332	5.744 2.148 6.023 -6.104	-2.028 -0.1217 2.652 1.05	0.8857 -2.329 1.391 -10.72
36200	7.636 0.679 7.175 8.396	5.757 1.912 6.312 -6.187	-2.032 0.1032 2.499 1.274	0.9583 -2.253 1.528 -11.07
36300	7.603 0.6692 7.161 8.501	5.464 2.229 6.619 -6.432	-1.656 -0.0116 2.256 1.364	1.079 -2.145 1.336 -10.72
36400	7.82 0.519 7.199 8.403	5.144 2.05 6.803 -6.111	-1.032 -0.1818 2.129 1.384	0.9385 -2.19 1.362 -10.86
36500	7.905 0.8018 6.935 8.368	4.987 2.058 6.749 -6.209	-1.028 -0.5617 2.347 1.433	0.8909 -1.912 0.9365 -10.79
36600	7.975 0.4814 6.976 8.472	4.723 2.233 6.757 -6.086	-1.364 -0.7402 2.575 1.123	0.6818 -1.946 0.6831 -10.99
36700	7.893 0.1802 6.679 8.433	5.238 2.236 6.955 -5.918	-1.342 -1.128 2.635 1.36	0.6191 -1.779 0.7128 -11.12
36800	7.958 -0.2177 6.831 7.939	4.532 2.141 6.974 -5.966	-1.135 -0.7522 2.724 1.626	1.008 -1.401 0.5216 -11.37
36900	7.77 -0.1157 6.679 8.046	4.656 2.169 6.863 -6.13	-1.066 -0.6795 2.729 1.832	0.849 -1.491 0.14 -11.1
37000	7.359 0.005842 6.512 8.178	4.531 2.068 6.945 -5.93	-0.8465 -0.5175 2.677 1.85	0.5809 -1.444 -0.1211 -11.1
37100	7.75 0.3851 6.76 8.26	4.509 2.05 7.203 -6.052	-0.9567 -0.5249 2.812 2.081	0.6161 -1.065 -0.2349 -11.13
37200	8.053 0.4131 6.818 8.21	4.389 2.056 7.297 -6.032	-1.179 -0.7213 2.492 2.675	0.7038 -1.154 -0.2238 -11.34
37300	8.622 0.1635 6.474 8.284	4.041 2.077 7.123 -5.991	-0.9452 -0.6837 2.681 2.947	0.7944 -1.719 0.3618 -11.54
37400	8.679 0.05173 6.327 8.376	4.385 2.449 7.396 -5.944	-0.8184 -0.8619 2.255 2.951	0.7907 -1.445 0.7656 -12.09
37500	8.782 0.217 6.208 8.194	4.124 2.471 7.649 -5.7	-0.9714 -0.7241 2.11 3.098	0.7969 -1.74 0.9544 -12.53
37600	8.721 0.3962 6.348 8.36	3.98 2.567 7.218 -5.562	-1.508 -0.6224 2.288 3.504	0.9388 -1.708 0.5041 -13
37700	8.75 0.7591 6.583 8.355	3.894 2.27 7.268 -5.453	-1.637 -0.8692 2.152 3.791	1.208 -2.106 0.01337 -13.02
37800	9.061 1.007 6.69 8.159	4.018 2.295 7.244 -5.425	-1.391 -1.217 2.063 3.827	1.214 -2.345 -0.2291 -13.31
37900	9.164 0.7232 6.735 8.364	3.885 2.298 6.387 -5.468	-1.297 -1.269 2.394 4.284	1.307 -2.446 -0.4856 -13.11
38000	9.577 0.748 6.826 8.311	4.334 2.451 6.342 -5.316	-1.254 -1.423 2.66 4.058	1.387 -2.562 -0.4943 -12.8
38100	9.656 0.9968 7.123 8.519	4.741 2.491 6.96 -5.445	-1.599 -1.365 3.134 3.765	1.099 -2.345 -0.825 -12.65
38200	9.472 1.408 6.975 8.391	4.36 2.178 6.546 -5.473	-1.852 -1.571 2.728 3.722	1.224 -1.641 -0.945 -12.34
38300	9.651 1.495 7.257 8.514	4.305 2.237 6.816 -5.699	-1.882 -1.457 2.829 3.513	1.36 -1.774 -0.7837 -12.15
38400	9.695 1.457 7.09 8.29	4.347 1.9 6.735 -5.635	-1.765 -1.059 3.056 3.911	1.739 -1.632 -0.8605 -11.93
38500	9.503 1.404 7.01 8.182	4.328 2.132 6.345 -5.766	-2.144 -1.263 3.254 3.573	1.95 -1.493 -0.9827 -11.66
38600	9.26 1.912 6.98 7.939	4.333 2.405 6.161 -5.971	-2.068 -0.8109 3.329 3.54	1.636 -1.494 -0.7189 -11.39
38700	9.146 1.962 7.084 8.315	4.072 2.125 6.344 -5.972	-1.849 -0.8724 3.519 3.467	1.617 -1.386 -0.5298 -11.63
38800	9.148 2.044 7.285 8.375	4.206 2.21 6.422 -5.518	-1.762 -0.687 3.56 3.94	1.675 -1.413 -0.6653 -11.48
38900	9.509 1.585 7.172 8.578	4.262 1.64 6.417 -5.461	-1.772 -0.4059 3.391 3.796	1.657 -1.78 -0.7764 -11.42
39000	9.503 1.543 7.331 8.965	4.21 1.732 6.118 -5.515	-1.737 -0.4024 3.214 3.472	1.947 -1.618 -1.156 -11.66
39100	9.309 1.569 7.223 9.211	4.342 1.896 6.094 -5.725	-1.644 0.1194 3.144 3.595	2.18 -1.403 -1.592 -11.45
39200	8.9 1.852 7.338 9.099	4.289 2.096 5.911 -5.961	-1.491 -0.05012 3.168 3.527	2.231 -1.249 -1.21 -11.36
39300	8.756 1.68 7.315 9.028	4.535 1.74 6.142 -5.709	-1.507 0.1035 3.539 3.689	2.76 -1.224 -1.603 -11.18
39400	9.048 1.516 7.348 9.374	4.814 1.624 5.834 -5.757	-1.382 -0.2718 3.477 3.572	2.82 -1.158 -1.877 -11.17
39500	9.352 1.794 7.039 9.418	4.748 2.053 5.555 -6.021	-1.366 -0.3535 3.083 3.718	2.944 -0.9037 -1.76 -11.11
39600	9.574 1.608 7.468 9.29	4.683 1.771 5.353 -6.441	-1.449 -0.1957 3.212 3.571	3.019 -1.135 -2.018 -11.29
39700	9.581 2.172 7.753 9.456	4.967 1.679 5.024 -6.075	-1.69 -0.4281 3.165 3.873	2.932 -0.932 -2.044 -11.54
39800	9.318 2.3 7.895 9.796	4.9 1.416 5.138 -6.318	-2.019 -0.4465 3.217 4.092	3.058 -0.9379 -2.311 -11.45
39900	8.971 2.407 8.044 9.539	4.861 1.572 5.267 -6.763	-1.991 -0.7541 3.235 4.205	3.399 -0.8313 -2.034 -11.63
40000	9.021 2.2 8.206 9.882	4.31 1.644 4.944 -6.857	-2.045 -1.039 2.51 4.336	3.846 -0.7763 -2.09 -11.96
40100	8.971 2.353 7.693 9.965	4.548 1.48 5.046 -7.034	-2.016 -0.9062 2.397 4.464	3.647 -0.8908 -2.079 -11.79
40200	9.175 2.44 7.911 9.637	5.017 1.662 4.995 -7.479	-1.807 -0.8712 2.304 4.735	3.471 -0.7806 -2.006 -11.34
40300	9.266 2.485 7.783 9.389	4.74 1.407 4.885 -7.799	-1.63 -0.2035 2.354 4.604	3.548 -0.8895 -1.924 -11.28
40400	9.169 2.33 7.674 9.482	4.614 1.354 5.138 -7.631	-1.106 -0.2813 2.446 4.875	3.314 -0.6868 -1.936 -11.26
40500	9.36 2.296 7.732 9.391	4.45 1.486 5.164 -7.957	-1.559 0.1296 2.418 5.297	3.594 -0.7688 -1.707 -11.09
40600	9.536 2.216 7.817 9.44	4.257 1.224 5.085 -7.463	-2.024 -0.2323 1.886 5.165	3.6 -1.03 -1.759 -10.83
40700	9.209 2.299 7.778 9.038	3.807 1.075 5.471 -7.299	-1.944 -0.5284 1.689 4.716	4.159 -1.652 -1.627 -10.68
40800	9.652 2.169 7.692 8.874	3.923 1.163 5.599 -7.265	-1.773 -0.9582 1.579 4.864	4.211 -1.559 -1.384 -10.97
40900	9.248 1.865 8.003 8.844	3.551 1.642 5.726 -7.731	-1.5 -0.846 1.836 5.166	4.215 -1.535 -1.424 -10.83
41000	9.025 1.955 7.906 8.457	3.586 1.836 5.753 -7.717	-1.441 -0.9092 1.646 4.882	4.221 -1.876 -1.517 -10.92
41100	8.755 2.038 7.888 8.25	3.54 1.963 5.49 -7.593	-1.391 -0.6912 1.787 4.433	4.231 -1.456 -1.814 -11.22
41200	8.735 2.174 8.207 8.321	3.904 1.908 6.12 -7.85	-1.639 -0.6456 1.931 4.176	4.341 -1.657 -1.459 -11.13
41300	8.522 2.378 8.068 8.801	4.102 1.98 6.164 -7.893	-1.826 -0.3216 1.956 3.876	4.346 -1.636 -1.758 -10.94
41400	8.363 2.148 8.011 8.95	4.242 2 5.96 -7.912	-1.498 0.1576 1.576 4.073	4.171 -1.523 -2.404 -11.52
41500	8.574 2.183 7.906 9.188	4.078 1.617 6.25 -8.034	-1.517 -0.1815 1.401 3.707	4.08 -1.746 -2.415 -11.52
41600	8.472 2.319 7.813 9.291	4.05 1.904 6.128 -7.977	-1.509 -0.7511 1.849 3.918	4.311 -1.689 -2.305 -11.53
41700	8.669 2.402 7.404 9.302	4.303 1.454 6.066 -7.668	-1.649 -0.919 1.424 4.228	4.23 -1.499 -1.969 -11.84
41800	8.908 2.374 7.427 9.164	4.101 1.487 5.811 -7.355	-1.72 -0.8915 1.337 4.477	4.016 -1.352 -1.607 -12.16
41900	8.835 2.249 7.22 9.265	3.972 1.356 5.311 -7.338	-1.91 -0.972 1.452 4.607	3.571 -1.455 -1.421 -11.86
42000	9.136 2.501 7.253 8.936	3.839 1.495 5.442 -7.676	-1.786 -0.9382 1.618 5.129	3.962 -1.475 -1.468 -11.67
42100	9.248 2.409 7.156 8.348	3.991 1.855 5.375 -7.41	-1.922 -0.9881 1.483 4.516	3.967 -1.1 -1.101 -12.16
42200	8.942 2.059 6.887 8.275	4.093 2.02 5.464 -7.235	-2.379 -1.264 1.635 4.754	4.185 -1.237 -0.6585 -12.04
42300	9.088 1.664 7.317 8.289	4.308 2.205 5.897 -6.929	-2.779 -1.049 1.869 4.934	4.161 -1.268 -0.7778 -12.23
42400	8.899 1.664 7.456 8.372	4.444 2.037 5.375 -6.862	-2.707 -0.7682 1.448 4.941	3.724 -1.268 -0.73 -12.03
42500	9.186 1.497 7.283 8.126	4.086 2.074 5.258 -7.044	-2.771 -0.9142 1.742 4.978	3.254 -1.242 -0.9564 -12.44
42600	9.17 1.335 7.179 8.35	4.221 1.933 5.044 -7.116	-2.604 -1.049 1.753 4.947	3.307 -1.293 -1.104 -12.19
42700	9.396 0.9262 6.915 8.006	3.975 2.047 4.831 -6.814	-2.778 -1.116 1.611 4.983	3.562 -1.132 -0.8029 -12.39
42800	9.446 1.416 7.395 8.106	4.317 1.567 4.871 -7.009	-2.572 -1.592 1.491 5.142	4.017 -0.731 -0.6197 -12.51
42900	9.71 1.403 7.614 8.561	4.062 1.471 5.081 -7.237	-2.555 -1.326 1.304 5.365	4.117 -0.4167 -0.137 -12.44
43000	9.479 1.185 7.494 8.546	4.647 1.593 4.681 -7.357	-2.96 -1.546 1.014 4.97	3.881 -0.5238 0.1069 -12.44
43100	9.688 1.071 7.523 8.71	4.653 1.466 4.579 -7.164	-3.201 -1.605 0.8975 5.074	3.883 -0.658 0.1804 -12.31
43200	9.578 1.216 7.532 9.241	4.517 1.111 4.175 -7.086	-3.232 -1.861 0.8029 5.298	3.979 -0.6937 0.4149 -12.46
43300	9.612 0.7518 7.75 9.313	4.57 0.9831 4.302 -7.074	-2.939 -2.035 0.8637 5.065	3.866 -0.5743 0.513 -12.66
43400	9.654 0.9692 7.73 9.711	4.129 1.043 4.431 -6.762	-2.875 -2.185 0.9417 4.83	3.332 -0.6699 0.5425 -12.9
43500	9.628 1.31 7.554 9.359	4.105 1.057 4.143 -6.616	-2.854 -2.146 1.195 4.875	3.489 -0.2882 0.1823 -12.77
43600	9.514 1.217 7.474 9.656	4.291 1.199 3.77 -6.948	-3.008 -2.298 0.9872 4.862	3.404 -0.04287 0.2581 -12.62
43700	9.466 1.559 7.489 10	4.753 0.6099 3.596 -7.1	-3.278 -2.165 0.879 5.024	3.122 -0.148 0.1238 -12.75
43800	8.832 1.697 7.474 9.677	4.698 0.7107 3.456 -6.859	-3.356 -2.233 0.79 4.62	2.811 -0.2545 -0.2632 -12.76
43900	8.962 1.709 7.351 9.807	4.312 0.973 3.481 -6.972	-2.706 -2.07 0.8941 4.534	3.118 -0.2805 0.1735 -12.26
44000	9.546 1.786 7.311 10.08	4.409 1.133 3.715 -7.026	-2.396 -2.699 1.162 4.733	3.001 -0.4586 0.01878 -12.09
44100	9.3 1.858 6.929 9.793	4.586 1.24 3.621 -6.783	-2.361 -2.547 1.361 4.485	2.937 -0.4296 0.1097 -12.21
44200	9.229 1.85 7.154 10.03	4.953 1.638 4.007 -6.782	-2.454 -2.263 1.006 4.822	2.786 -0.7426 0.3166 -12.63
44300	9.536 1.893 7.083 9.992	4.806 1.691 4.529 -6.475	-2.313 -1.786 0.8221 4.839	2.832 -1.216 0.3685 -12.51
44400	9.587 1.703 6.89 10.25	4.526 1.401 4.576 -6.604	-2.061 -1.959 0.7102 4.992	2.963 -1.195 0.3127 -12.44
44500	9.554 2.061 6.706 10.33	4.841 1.691 4.516 -6.656	-1.966 -1.902 0.7082 5.197	2.998 -0.9233 0.04945 -12.33
44600	9.936 2.224 6.476 10.48	4.735 1.58 4.827 -6.827	-1.53 -2.167 1.038 5.344	2.988 -1.091 0.08129 -12.48
44700	9.92 2.313 6.231 10.79	4.626 1.832 4.831 -6.892	-1.823 -1.906 1.172 4.886	2.826 -1.263 0.3209 -12.24
44800	9.992 2.445 6.207 10.42	4.747 2.156 4.729 -7.037	-1.872 -1.813 0.9934 4.989	3.119 -1.085 0.3547 -12.56
44900	10.02 1.737 6.13 10.58	5.163 1.916 4.649 -7.139	-1.99 -1.955 0.8343 5.05	3.126 -0.7107 0.634 -12.83
45000	10.17 1.732 6.134 10.63	4.798 2.067 4.828 -6.936	-1.753 -1.746 0.7883 4.981	3.097 -0.6076 0.6048 -12.45
45100	10.34 1.707 6.028 10.49	4.677 2.155 5.34 -6.366	-2.163 -1.42 0.8149 4.692	2.728 -0.5274 0.6783 -12.56
45200	10.45 1.502 6.354 11.07	4.618 1.939 4.858 -5.965	-2.161 -1.404 0.9684 4.409	2.744 -0.645 0.5271 -12.79
45300	10.6 1.332 6.527 10.91	4.815 1.292 4.52 -6.025	-2.241 -1.631 1.06 4.317	2.902 -0.2687 0.9854 -13.07
45400	10.24 1.386 6.507 10.88	4.89 1.374 4.07 -5.887	-2.112 -1.717 1.089 4.394	3.178 -0.589 1.295 -12.42
45500	10.06 1.615 6.484 11.01	4.955 1.378 4.21 -5.454	-2.53 -1.999 1.404 4.319	3.23 -0.6848 1.174 -12.59
45600	10.13 1.536 6.374 10.85	5.317 1.659 4.003 -5.287	-2.548 -1.717 1.447 4.783	2.84 -0.868 1.439 -12.32
45700	9.888 1.216 6.291 10.65	5.452 1.613 3.734 -5.12	-2.342 -1.883 1.253 4.47	2.865 -0.9137 1.802 -11.91
45800	10.12 1.156 6.026 10.68	5.712 1.603 4.251 -5.136	-2.4 -1.618 1.352 4.529	3.242 -1.104 2.144 -12.13
45900	10.27 1.179 6.011 10.45	5.639 1.407 4.484 -4.987	-2.515 -1.829 1.409 4.067	3.299 -0.8 2.18 -11.94
46000	10.15 1.388 5.717 10.22	5.614 1.453 4.831 -4.686	-2.574 -1.503 1.625 4.151	3.371 -0.7488 2.776 -11.8
46100	9.821 1.303 5.8 10.48	5.52 1.393 4.708 -4.608	-2.501 -1.591 1.644 4	3.298 -0.8538 2.496 -11.41
46200	10.09 1.272 5.816 10.14	5.481 1.808 4.928 -4.777	-2.517 -1.601 1.176 4.415	2.948 -1.101 2.748 -11.47
46300	10.02 1.468 5.978 10.85	5.626 1.617 4.86 -4.958	-2.262 -1.293 1.134 4.806	2.872 -1.347 2.998 -11.68
46400	10.09 1.41 5.657 11.19	5.836 1.636 4.805 -5.442	-1.957 -1.327 1.57 4.319	3.234 -1.289 2.539 -11.91
46500	10.35 1.859 5.813 11.39	6.206 1.26 5.183 -5.712	-1.629 -1.597 1.434 4.274	3.458 -1.046 2.137 -11.69
46600	10.23 1.775 5.621 11.54	6.294 1.263 4.97 -5.69	-1.269 -1.547 1.447 4.43	3.303 -0.9177 2.135 -11.54
46700	10.14 1.863 5.404 11.33	6.319 1.105 4.756 -6.106	-1.261 -1.373 1.398 4.634	2.918 -0.8272 2.419 -11.49
46800	10.18 1.998 5.278 11	6.651 1.27 5.421 -6.616	-1.066 -0.8757 1.591 4.587	2.937 -0.9649 2.548 -11.42
46900	9.982 2.38 5.294 10.77	6.563 1.435 5.706 -6.163	-1.179 -0.5863 1.821 5.124	2.837 -0.5912 2.387 -10.84
47000	9.983 2.259 5.321 10.73	6.655 1.533 5.626 -5.956	-0.9492 -0.3218 1.925 4.642	2.806 -0.7453 2.58 -11.01
47100	10.08 2.254 5.01 10.63	6.757 1.321 5.639 -6.102	-1.149 -0.2218 2.109 4.992	2.688 -0.3473 2.495 -10.94
47200	10.39 1.918 5.258 10.08	6.651 1.384 5.465 -5.747	-1.424 0.09491 2.37 5.052	2.596 0.06163 2.597 -10.68
47300	10.36 1.926 5.253 10.25	6.882 1.591 5.746 -5.835	-1.449 -0.02473 2.49 5.061	2.438 0.09739 2.753 -10.76
47400	10.51 2.171 5.433 10.37	6.523 1.672 6.037 -5.738	-1.4 0.09433 2.616 5.073	2.092 -0.08972 2.612 -10.62
47500	10.87 2.078 5.028 10.7	6.604 2.148 5.985 -5.826	-1.094 -0.2121 2.263 5.157	2.289 0.2178 2.68 -10.63
47600	10.85 1.874 5.348 11.15	6.145 2.38 5.878 -5.4	-0.7429 -0.4409 2.666 4.846	2.478 0.4624 2.672 -10.44
47700	11.26 2.071 5.417 11.27	6.095 2.437 6.115 -5.444	-0.9717 -0.1439 2.411 4.874	2.31 0.5262 3.009 -10.64
47800	11.71 1.791 5.501 10.73	6.441 2.142 6.264 -5.983	-0.732 -0.7049 1.864 4.875	2.326 0.5636 3.087 -10.48
47900	11.69 1.787 5.921 10.8	6.264 2.049 6.283 -5.932	-1.194 -0.8258 2.197 4.934	2.325 0.6782 2.895 -10.38
48000	11.95 1.853 5.934 10.84	6.233 1.622 6.042 -5.389	-1.552 -0.9304 2.079 4.495	2.466 0.3188 3.23 -10.65
48100	11.98 1.535 6.328 11.12	5.925 2.129 6.132 -5.263	-1.596 -0.3221 1.868 4.539	2.498 0.5023 3.56 -10.96
48200	11.84 1.494 6.2 10.93	5.886 2.121 5.774 -5.044	-2.038 -0.4359 2.127 4.77	2.704 0.5167 3.156 -10.94
48300	11.83 1.213 6.066 11.29	5.628 2.043 5.738 -4.836	-1.874 -0.2591 2.106 4.439	2.905 0.7263 3.515 -10.79
48400	12 1.048 6.449 11.09	5.643 1.818 5.875 -4.467	-1.678 -0.3059 1.945 4.513	2.591 0.8308 3.39 -10.86
48500	11.81 1.333 6.659 10.95	5.767 2.261 6.064 -4.557	-2.263 -0.1613 2.105 4.417	2.84 0.7917 3.218 -11.01
48600	11.62 1.588 6.22 10.5	6.191 1.79 6.398 -4.667	-2.319 -0.00373 1.744 4.366	2.708 0.7376 3.102 -11.08
48700	10.95 1.529 6.615 10.55	6.367 1.914 5.87 -4.806	-2.25 -0.0326 1.694 4.341	3.098 0.7909 3.033 -11.15
48800	10.79 2.115 6.684 10.69	6.341 1.738 6.155 -4.677	-2.597 0.02428 1.543 4.237	3.539 0.7989 3.117 -11.02
48900	10.89 2.241 6.967 11.19	6.311 2.06 5.881 -4.886	-2.147 0.16 1.41 3.881	3.556 1.197 3.305 -11.27
49000	10.79 2.39 6.698 10.85	6.364 2.192 6.024 -4.995	-1.91 0.04862 1.234 4.192	3.87 0.9656 3.408 -11.3
49100	10.42 2.663 6.953 11.31	6.669 1.705 5.84 -5.147	-1.93 -0.0111 1.507 4.1	4.154 1.253 3.321 -11.26
49200	10.22 2.796 6.815 11.31	6.939 1.359 6.075 -5.086	-1.851 -0.2772 1.508 3.791	4.433 1.431 3.768 -11.53
49300	10.25 2.669 6.709 11.43	7.587 1.494 5.947 -5.371	-1.945 -0.0377 1.582 3.619	4.434 1.41 4.156 -11.56
49400	9.73 2.588 6.934 11.13	8.041 1.653 5.867 -5.532	-2.078 0.2606 1.95 3.905	4.215 1.671 4.194 -11.29
49500	9.734 2.427 6.719 11.54	8.107 1.722 5.795 -5.22	-2.149 0.4241 2.413 3.757	4.756 2.462 4.73 -11.48
49600	9.653 2.195 7.084 11.41	8.267 1.672 5.866 -5.396	-1.923 0.5089 2.499 3.472	4.884 2.058 4.827 -11.65
49700	10.04 2.485 7.155 11.45	8.551 1.761 6.382 -5.592	-1.742 0.4086 2.26 3.085	4.77 2.104 4.53 -11.84
49800	10.02 2.228 7.39 11.48	8.521 2.101 6.382 -5.465	-1.795 0.7995 2.259 3.087	5.053 2.33 4.396 -12.4
49900	9.811 2.132 7.85 11.59	8.962 2.037 6.357 -5.812	-2.291 0.5089 2.515 3.287	4.504 2.409 4.666 -12.64
50000	9.723 2.235 7.529 11.23	8.594 1.91 6.125 -5.895	-2.882 0.6205 2.871 3.389	4.691 2.04 4.499 -13.19
50100	9.595 2.314 7.941 11.36	8.598 2.271 6.087 -5.71	-3.046 0.4465 2.746 3.184	4.644 2.135 4.148 -12.78
