0	0 0	0 0
100	-0.2147 -0.2143	0.08435 0.07228
200	-0.1255 -0.1757	0.1265 0.06493
300	-0.05277 -0.2635	0.1507 -0.001128
400	-0.1316 -0.3637	0.4776 -0.148
500	-0.03381 -0.07368	0.2835 0.1072
600	-0.1036 -0.1124	0.2971 0.0449
700	-0.1272 -0.3673	0.6917 -0.2905
800	-0.3083 0.04587	0.7655 -0.515
900	-0.4698 0.3721	0.8467 -0.6327
1000	-0.5515 0.2625	0.7315 -0.4639
1100	-0.4167 0.4491	1.025 -0.2543
1200	-0.6022 0.7714	0.8444 -0.518
1300	-0.6299 1.193	1.065 -0.7893
1400	-0.9099 1.185	1.133 -0.9289
1500	-1.219 1.093	0.9142 -1.08
1600	-1.179 1.43	1.315 -1.422
1700	-1.456 1.741	1.532 -1.106
1800	-1.354 1.23	1.685 -1.477
1900	-1.471 1.032	1.838 -1.632
2000	-1.579 1.324	2.187 -1.4
2100	-1.46 1.453	1.852 -1.391
2200	-1.058 1.882	1.686 -0.968
2300	-1.192 1.613	1.51 -1.159
2400	-0.9508 1.647	1.633 -0.912
2500	-0.8878 1.617	2.186 -1.144
2600	-0.9593 1.599	2.722 -1.214
2700	-1.297 1.312	2.813 -1.339
2800	-1.718 1.555	2.5 -1.615
2900	-1.558 1.738	2.216 -1.577
3000	-1.493 1.498	2.35 -1.687
3100	-1.588 1.983	2.168 -1.725
3200	-1.521 2.05	1.505 -1.81
3300	-1.392 2.011	1.153 -1.803
3400	-1.674 1.903	1.24 -1.689
3500	-1.271 2.439	1.346 -1.516
3600	-1.48 2.665	1.452 -1.274
3700	-1.562 2.01	1.303 -1.535
3800	-1.88 2.133	1.385 -1.673
3900	-1.92 2.206	0.7336 -1.765
4000	-1.875 2.013	0.5652 -1.723
4100	-1.86 1.996	0.3602 -1.475
4200	-1.575 2.122	0.361 -1.377
4300	-1.305 2.342	0.06468 -1.274
4400	-1.847 2.083	0.5346 -1.753
4500	-1.966 1.705	0.1555 -1.653
4600	-1.929 1.612	0.2179 -2.117
4700	-2.297 1.523	0.4125 -2.213
4800	-2.024 1.648	0.3843 -1.703
4900	-2.012 1.294	0.6115 -1.897
5000	-1.551 1.414	0.6516 -1.58
5100	-1.949 1.243	0.6454 -1.844
5200	-1.893 1.281	0.4768 -1.892
5300	-2.057 1.076	0.211 -1.907
5400	-2.249 1.048	-0.09523 -1.968
5500	-1.882 1.241	-0.2166 -2.075
5600	-2.28 1.061	0.1511 -1.827
5700	-1.701 1.274	0.1217 -1.736
5800	-1.578 1.246	0.2798 -1.532
5900	-1.666 0.4454	0.5627 -1.287
6000	-1.435 -0.01702	0.7403 -1.372
6100	-1.207 -0.3046	0.9719 -1.144
6200	-1.255 -0.8043	0.8277 -1.21
6300	-1.132 -1.099	0.7734 -1.348
6400	-1.255 -0.7562	0.5549 -1.109
6500	-0.9997 -1.152	0.7932 -0.9914
6600	-0.8583 -0.6278	0.8664 -1.055
6700	-0.7942 -0.2167	1.087 -1.209
6800	-0.9962 -0.5243	0.9365 -0.9081
6900	-1.115 -0.8689	1.02 -0.8147
7000	-1.075 -0.4152	0.3328 -0.6863
7100	-0.752 -0.4765	0.324 -0.9251
7200	-0.7599 -0.5595	0.01559 -0.9328
7300	-1.092 -0.1386	0.4659 -0.9783
7400	-0.823 0.3351	0.2003 -0.981
7500	-0.8587 0.284	0.3324 -0.6293
7600	-0.7934 -0.1235	0.7355 -0.653
7700	-0.8536 -0.03246	0.873 -0.5935
7800	-1.004 0.07041	0.7167 -0.6463
7900	-1.238 0.1551	0.4786 -0.7715
8000	-1.226 0.08674	0.7827 -0.9572
8100	-1.474 0.227	0.5047 -1.195
8200	-1.149 0.1699	0.4547 -1.413
8300	-1.265 0.2877	0.1599 -1.602
8400	-1.653 0.1615	0.2738 -1.64
8500	-1.566 0.4953	0.2593 -1.673
8600	-1.491 0.5278	0.4653 -1.402
8700	-1.263 0.6849	0.426 -1.458
8800	-1.387 0.9907	0.6875 -1.1
8900	-1.576 1.41	0.7488 -1.487
9000	-1.658 1.743	0.2511 -1.485
9100	-1.309 1.452	0.3057 -1.422
9200	-1.408 1.162	0.2841 -1.34
9300	-1.266 1.049	-0.2249 -1.177
9400	-0.9122 1.063	0.1203 -1.066
9500	-1.061 1.19	-0.1166 -0.7695
9600	-1.321 0.7785	-0.05675 -1.188
9700	-1.673 0.6422	-0.2147 -1.284
9800	-1.507 0.7005	-0.3307 -1.671
9900	-1.727 0.3033	-0.6682 -1.628
10000	-1.721 0.5693	-0.5287 -1.385
10100	-1.701 0.8071	-0.6228 -1.55
10200	-1.941 0.7799	-0.6086 -1.749
10300	-1.835 0.8196	-1.055 -2.108
10400	-1.917 0.7085	-1.29 -2.099
10500	-2.459 0.1137	-1.05 -2.436
10600	-2.459 0.1312	-1.025 -2.566
10700	-2.506 0.06257	-0.8387 -2.505
10800	-2.118 -0.5116	-0.5268 -2.309
10900	-1.742 -0.372	-0.5842 -2.019
11000	-2.159 -0.4098	-0.4823 -1.888
11100	-2.022 -0.2141	-0.3158 -2.159
11200	-2.194 -0.5541	0.04816 -2.097
11300	-2.152 -0.2154	-0.05249 -2.11
11400	-2.3 0.003241	-0.1822 -2.234
11500	-2.211 0.118	-0.5868 -2.272
11600	-2.497 0.2728	-0.4348 -2.347
11700	-2.346 0.3762	-0.2317 -2.374
11800	-2.642 0.1578	-0.3308 -2.431
11900	-3.095 -0.1093	-0.3221 -2.85
12000	-2.975 0.1132	-0.2181 -3.063
12100	-3.05 0.2019	-0.5348 -2.931
12200	-3.131 0.345	-0.07446 -3.015
12300	-2.906 0.2376	-0.007504 -3.179
12400	-3.255 0.5396	-0.3198 -3.28
12500	-3.196 -0.06939	-0.7447 -3.437
12600	-3.162 -0.1614	-0.7499 -3.288
12700	-3.373 -0.3635	-0.8197 -3.362
12800	-3.581 -0.5262	-1.021 -3.481
12900	-3.478 -0.7614	-0.8004 -3.53
13000	-3.354 -1.154	-0.9491 -3.548
13100	-3.265 -1.132	-1.198 -3.567
13200	-3.584 -1.453	-1.321 -3.405
13300	-3.622 -1.618	-1.45 -3.589
13400	-3.66 -1.781	-1.903 -3.661
13500	-3.546 -2.252	-1.883 -3.335
13600	-3.361 -2.103	-1.907 -3.302
13700	-3.193 -1.954	-2.08 -3.027
13800	-2.822 -2.276	-2.091 -2.888
13900	-3.093 -2.475	-1.753 -3.064
14000	-2.856 -2.423	-1.987 -3.017
14100	-2.805 -2.109	-2.103 -2.734
14200	-2.791 -2.173	-2.077 -2.649
14300	-2.995 -2.466	-1.924 -2.789
14400	-2.787 -1.946	-1.739 -2.84
14500	-2.784 -1.634	-1.997 -2.7
14600	-2.654 -1.827	-2.088 -2.929
14700	-2.689 -1.988	-2.258 -2.784
14800	-2.789 -1.781	-2.471 -3.048
14900	-2.771 -1.889	-2.272 -2.833
15000	-2.815 -1.89	-2.188 -2.647
15100	-2.499 -2.271	-2.076 -2.482
15200	-2.512 -1.794	-2.084 -2.632
15300	-2.535 -1.903	-2.381 -2.555
15400	-2.607 -1.664	-2.442 -2.432
15500	-2.656 -1.839	-2.087 -2.591
15600	-2.971 -2.253	-2.094 -2.473
15700	-2.451 -2.331	-2.316 -2.454
15800	-2.367 -2.571	-2.259 -2.647
15900	-2.532 -2.568	-2.465 -2.404
16000	-2.444 -2.484	-2.587 -2.771
16100	-2.611 -2.506	-2.367 -2.748
16200	-2.532 -2.334	-2.759 -2.751
16300	-2.647 -1.908	-2.469 -2.777
16400	-2.574 -1.99	-2.256 -2.712
16500	-2.794 -2.145	-2.127 -3.102
16600	-2.327 -2.21	-2.136 -2.668
16700	-2.431 -1.867	-1.95 -2.731
16800	-2.421 -2.124	-1.805 -2.448
16900	-2.661 -2.263	-1.815 -2.696
17000	-2.801 -2.464	-1.805 -2.954
17100	-2.386 -2.636	-1.7 -2.459
17200	-2.5 -2.611	-2.023 -2.45
17300	-2.628 -2.585	-2.078 -2.553
17400	-2.807 -2.72	-2.164 -2.587
17500	-2.731 -2.739	-2.474 -2.741
17600	-2.705 -2.578	-2.363 -2.989
17700	-2.888 -2.918	-2.039 -2.817
17800	-2.957 -3.489	-1.88 -2.745
17900	-2.892 -3.592	-2.022 -2.97
18000	-2.904 -3.221	-2.124 -2.837
18100	-2.945 -3.418	-2.593 -2.704
18200	-3.032 -3.297	-2.768 -2.857
18300	-2.849 -3.332	-2.775 -2.642
18400	-2.978 -3.484	-3.191 -3.002
18500	-2.875 -3.042	-3.272 -3.225
18600	-2.701 -3.131	-3.283 -3.176
18700	-3.005 -3.657	-2.964 -3.133
18800	-2.839 -3.894	-3.213 -3.058
18900	-2.334 -3.932	-3.013 -2.589
19000	-2.746 -3.859	-2.795 -2.568
19100	-2.496 -4.268	-2.813 -2.543
19200	-2.468 -4.584	-2.505 -2.359
19300	-2.656 -4.938	-2.849 -2.345
19400	-2.594 -4.683	-3.097 -2.385
19500	-2.684 -4.906	-2.787 -2.596
19600	-2.563 -4.664	-2.771 -2.358
19700	-2.602 -4.735	-2.728 -2.422
19800	-2.282 -4.974	-2.823 -2.189
19900	-2.169 -4.988	-2.491 -1.935
20000	-2.068 -4.721	-2.328 -2.138
20100	-2.037 -4.562	-2.311 -1.915
20200	-2.472 -4.645	-1.95 -2.144
20300	-2.39 -4.625	-2.349 -2.509
20400	-2.592 -4.764	-2.338 -2.322
20500	-2.726 -5.677	-2.093 -2.66
20600	-2.664 -5.753	-1.642 -2.661
20700	-2.782 -5.863	-1.27 -2.508
20800	-2.929 -5.993	-0.9315 -2.644
20900	-2.689 -6.495	-0.7841 -2.819
21000	-2.822 -6.578	-0.8319 -2.705
21100	-2.862 -6.651	-1.119 -2.803
21200	-2.669 -6.657	-1.106 -2.68
21300	-2.855 -6.746	-1.125 -2.661
21400	-3.164 -6.52	-1.032 -2.607
21500	-2.632 -6.142	-1.019 -2.677
21600	-2.602 -6.452	-1.209 -2.361
21700	-2.42 -5.914	-1.254 -2.541
21800	-2.233 -5.731	-1.234 -2.344
21900	-1.969 -5.511	-1.095 -2.058
22000	-1.974 -5.937	-1.037 -1.901
22100	-1.836 -6.05	-0.765 -1.833
22200	-1.825 -5.774	-0.6755 -1.717
22300	-1.603 -5.744	-1.013 -1.546
22400	-1.39 -5.471	-1.073 -1.54
22500	-1.437 -5.309	-1.3 -1.333
22600	-1.76 -5.36	-1.485 -1.318
22700	-1.816 -5.077	-1.481 -1.925
22800	-1.488 -4.971	-1.547 -1.67
22900	-1.817 -4.663	-1.781 -1.474
23000	-1.866 -4.746	-1.874 -1.74
23100	-1.64 -4.601	-2.179 -1.451
23200	-1.635 -4.678	-2.312 -1.373
23300	-1.28 -4.893	-2.333 -1.357
23400	-1.309 -5.075	-2.356 -1.447
23500	-1.118 -4.674	-2.341 -1.546
23600	-1.191 -5.112	-2.497 -1.523
23700	-1.188 -5.008	-2.716 -1.069
23800	-1.501 -4.869	-2.927 -1.187
23900	-1.668 -5.083	-2.466 -1.486
24000	-1.455 -4.797	-2.561 -1.471
24100	-1.719 -5.083	-2.488 -1.65
24200	-1.659 -4.923	-2.639 -1.868
24300	-1.701 -5.21	-2.752 -1.628
24400	-1.488 -4.923	-2.602 -1.443
24500	-1.529 -4.487	-2.887 -1.688
24600	-1.53 -4.534	-2.95 -1.542
24700	-1.601 -4.529	-3.024 -1.368
24800	-1.588 -4.53	-2.965 -1.279
24900	-1.391 -4.623	-2.979 -1.272
25000	-1.427 -4.993	-2.589 -1.516
25100	-1.234 -5.604	-2.61 -1.356
25200	-1.569 -5.387	-2.489 -1.415
25300	-1.776 -5.658	-2.967 -1.559
25400	-1.64 -5.711	-3.026 -1.773
25500	-1.532 -5.798	-3.04 -2.023
25600	-1.842 -5.694	-3.094 -1.728
25700	-1.93 -5.733	-3.175 -1.779
25800	-1.706 -5.762	-2.769 -1.659
25900	-1.702 -5.851	-2.843 -1.734
26000	-1.759 -6.061	-2.753 -1.75
26100	-1.585 -5.991	-2.747 -1.754
26200	-1.556 -6.283	-2.796 -1.149
26300	-0.9902 -6.238	-2.725 -0.9249
26400	-1.155 -5.754	-2.812 -0.9832
26500	-1.271 -6.083	-3.039 -0.7007
26600	-1.06 -6.145	-3.252 -0.7486
26700	-0.9179 -6.149	-3.222 -0.6947
26800	-0.7803 -6.139	-2.958 -0.792
26900	-0.5944 -5.901	-2.988 -0.6126
27000	-0.4853 -6.223	-2.933 -0.7577
27100	-0.6338 -6.203	-2.791 -0.6594
27200	-0.4201 -6.024	-2.668 -0.5726
27300	-0.6753 -5.889	-2.595 -0.7995
27400	-0.7482 -5.821	-2.762 -0.6962
27500	-1.013 -4.912	-2.509 -1.085
27600	-1.038 -4.663	-2.214 -0.9703
27700	-0.9859 -4.758	-2.34 -1.085
27800	-0.6345 -4.406	-1.958 -0.9707
27900	-1.036 -4.462	-1.977 -1.284
28000	-1.185 -4.348	-1.946 -1.411
28100	-1.467 -4.32	-1.89 -1.488
28200	-1.418 -4.643	-1.422 -1.366
28300	-1.524 -4.384	-1.127 -1.326
28400	-1.487 -4.472	-0.937 -1.743
28500	-1.621 -4.322	-1.299 -1.525
28600	-1.674 -4.363	-1.532 -1.855
28700	-1.992 -4.632	-1.613 -2.073
28800	-2.105 -4.701	-1.638 -2.2
28900	-2.273 -4.673	-1.609 -2.167
29000	-1.849 -4.752	-1.481 -1.93
29100	-2.003 -4.651	-1.446 -1.792
29200	-2.286 -3.935	-1.39 -1.977
29300	-2.252 -3.974	-1.694 -2.198
29400	-2.138 -4.208	-1.565 -2.139
29500	-2.133 -4.522	-0.9104 -1.754
29600	-2.158 -4.334	-1.02 -1.808
29700	-1.907 -4.085	-0.9048 -1.81
29800	-1.813 -4.238	-0.9142 -1.377
29900	-1.785 -4.193	-1.028 -1.76
30000	-1.692 -3.93	-0.5466 -2.056
30100	-2.13 -3.768	-0.211 -1.881
30200	-2.012 -4.084	-0.2392 -1.975
30300	-2.051 -3.961	-0.02618 -2.293
30400	-1.992 -3.975	0.4167 -2.375
30500	-2.163 -4.1	0.6206 -2.401
30600	-2.328 -4.311	0.668 -2.285
30700	-2.382 -4.109	1.074 -2.483
30800	-2.288 -4.04	1.233 -2.621
30900	-2.365 -4.213	0.7978 -2.453
31000	-2.74 -4.432	0.6759 -2.406
31100	-2.638 -3.891	0.4134 -2.443
31200	-2.302 -3.733	0.2811 -2.087
31300	-2.301 -3.684	0.3186 -2.012
31400	-2.387 -3.79	0.1731 -2.421
31500	-2.323 -3.854	0.3852 -2.152
31600	-2.558 -4.011	0.2253 -2.221
31700	-2.786 -3.793	0.3193 -2.431
31800	-2.894 -3.612	0.1276 -2.579
31900	-2.672 -3.186	0.3056 -2.65
32000	-2.613 -2.837	0.3635 -2.68
32100	-2.856 -2.92	0.3766 -2.457
32200	-2.491 -2.886	0.3495 -2.587
32300	-2.928 -2.959	0.3532 -2.611
32400	-2.921 -2.761	-0.07754 -2.841
32500	-2.714 -2.988	-0.2695 -2.759
32600	-2.808 -2.774	-0.2141 -2.403
32700	-2.68 -2.847	-0.2746 -2.553
32800	-2.673 -2.996	-0.3479 -2.718
32900	-2.224 -3.178	-0.2623 -2.427
33000	-1.878 -3.149	-0.4386 -1.997
33100	-1.457 -3.286	-0.3923 -1.638
33200	-1.694 -3.229	-0.4624 -1.712
33300	-1.755 -3.084	-0.3769 -1.594
33400	-1.672 -3.193	-0.4627 -1.383
33500	-1.579 -3.196	-0.3044 -1.609
33600	-1.484 -3.621	0.008136 -1.407
33700	-1.151 -3.477	0.2235 -1.509
33800	-1.364 -3.438	0.6057 -0.9705
33900	-0.8393 -3.735	0.6311 -1.147
34000	-1.134 -3.63	0.4751 -1.188
34100	-1.137 -3.486	0.8928 -1.253
34200	-0.8686 -3.587	0.5228 -1.214
34300	-0.8774 -3.891	0.8486 -1.116
34400	-0.8707 -3.189	0.7645 -0.905
34500	-0.4997 -3.338	0.8519 -0.7703
34600	-0.4112 -3.348	0.8545 -0.4218
34700	-0.4689 -3.557	1.145 -0.7622
34800	-0.8982 -3.829	1.294 -1.024
34900	-1.003 -3.702	1.211 -0.9177
35000	-0.8986 -3.318	0.9296 -0.6319
35100	-0.8242 -3.394	0.5068 -0.7651
35200	-0.5577 -3.278	0.4738 -0.5208
35300	-0.5877 -3.611	0.6314 -0.524
35400	-0.6557 -3.772	0.8307 -0.688
35500	-0.6074 -4.071	0.7162 -0.9942
35600	-0.4941 -4.162	0.8207 -0.835
35700	-0.8048 -4.158	1.116 -0.3351
35800	-0.8643 -4.337	0.9573 -0.6707
35900	-0.7849 -4.177	0.685 -0.7661
36000	-1.008 -4.148	0.7133 -1.087
36100	-1.057 -4.608	1.134 -0.9646
36200	-1.034 -4.512	0.8891 -1.002
36300	-0.8462 -4.227	0.7685 -1.091
36400	-1.157 -4.48	0.4225 -1.125
36500	-1.089 -4.43	0.3745 -0.8121
36600	-0.8324 -4.543	0.3864 -0.6967
36700	-1.168 -4.168	0.5606 -1.235
36800	-1.252 -4.349	0.5265 -1.714
36900	-1.562 -4.185	0.6968 -1.841
37000	-1.597 -3.742	0.7877 -1.707
37100	-1.543 -3.428	0.9116 -1.533
37200	-1.638 -3.572	0.6261 -1.86
37300	-1.973 -3.142	0.5116 -1.638
37400	-1.888 -3.118	0.4867 -1.588
37500	-1.697 -3.413	0.4222 -1.555
37600	-1.686 -3.185	0.06032 -1.371
37700	-1.726 -3.138	-0.007246 -1.504
37800	-1.723 -3.366	0.211 -1.715
37900	-1.696 -3.449	-0.007399 -1.689
38000	-1.666 -3.301	0.06508 -1.496
38100	-1.267 -3.188	0.3833 -1.532
38200	-1.418 -3.148	0.6006 -1.507
38300	-1.395 -3.238	0.3156 -1.581
38400	-1.351 -2.918	0.5592 -1.282
38500	-0.7293 -2.887	0.2231 -0.7501
38600	-0.4564 -2.809	0.359 -0.6091
38700	-0.1106 -2.545	0.4312 -0.001347
38800	-0.4375 -2.552	0.6993 -0.2467
38900	-0.4802 -1.846	0.628 -0.3626
39000	-0.6495 -1.718	0.5432 -0.4829
39100	-0.5488 -1.393	0.6984 -0.6623
39200	-0.4332 -1.643	0.5623 -0.6457
39300	-0.6319 -1.623	0.2298 -0.5323
39400	-0.5862 -1.589	0.05076 -0.5883
39500	-0.7623 -1.564	0.2105 -0.5972
39600	-0.4552 -1.534	0.5703 -0.3666
39700	-0.4019 -1.411	0.6129 -0.5729
39800	-0.7583 -1.413	1.097 -0.5846
39900	-0.503 -1.443	0.9603 -0.627
40000	-0.5455 -1.424	0.8263 -0.4968
40100	-0.8993 -1.807	0.4824 -0.5578
40200	-0.852 -1.681	0.6383 -0.8249
40300	-0.667 -1.659	0.7694 -0.6859
40400	-0.5523 -1.493	0.514 -0.7145
40500	-0.6663 -1.605	0.6436 -0.6219
40600	-0.7469 -1.686	0.7515 -0.6672
40700	-0.8622 -1.834	0.6306 -0.8758
40800	-0.8484 -1.92	0.2866 -0.8232
40900	-0.9917 -1.672	0.3277 -0.8702
41000	-0.9198 -1.795	0.1755 -0.8779
41100	-1.073 -1.948	0.3286 -0.9699
41200	-0.8685 -2.282	0.6359 -0.9415
41300	-0.6388 -2.978	0.84 -0.6253
41400	-0.772 -2.983	0.6544 -0.8658
41500	-1.04 -2.708	0.8031 -1.119
41600	-1.091 -2.736	1.01 -1.009
41700	-1.042 -2.325	0.8922 -0.7623
41800	-0.8389 -2.104	1.079 -1.056
41900	-0.8135 -2.04	1.093 -0.8608
42000	-1.222 -1.723	1.277 -1.376
42100	-1.611 -1.876	1.214 -1.542
42200	-1.77 -1.617	1.589 -1.697
42300	-1.849 -1.697	1.22 -1.802
42400	-1.975 -2.006	1.145 -1.575
42500	-1.8 -2.486	1.527 -1.75
42600	-1.642 -2.401	1.698 -1.691
42700	-1.963 -2.356	1.642 -1.801
42800	-1.906 -2.162	1.646 -1.814
42900	-1.956 -1.985	1.871 -1.818
43000	-1.929 -1.879	1.611 -2.04
43100	-1.445 -1.696	1.457 -1.766
43200	-1.333 -1.498	1.168 -1.666
43300	-1.767 -1.564	1.184 -1.688
43400	-1.708 -1.434	1.16 -1.895
43500	-1.851 -1.106	0.6737 -1.886
43600	-1.902 -1.053	0.734 -2.066
43700	-2.13 -1.154	0.9124 -2.088
43800	-2.27 -0.9034	0.6958 -2.239
43900	-2.627 -1.175	0.3614 -2.376
44000	-2.504 -1.102	0.2974 -2.608
44100	-2.526 -0.7498	0.3241 -2.289
44200	-2.517 -1.094	0.6031 -2.391
44300	-2.617 -0.9761	0.4843 -2.333
44400	-2.271 -0.5306	0.3181 -2.092
44500	-1.913 -0.5102	0.2347 -2.235
44600	-2.076 -0.8128	0.5766 -2.067
44700	-2.068 -0.9657	0.5893 -2.179
44800	-1.671 -0.9277	0.7713 -1.699
44900	-1.569 -1.16	0.6675 -2.024
45000	-1.492 -1.084	0.708 -1.365
45100	-1.152 -0.9382	0.5884 -1.569
45200	-1.255 -0.9461	0.1545 -1.351
45300	-1.074 -0.9441	0.3349 -1.009
45400	-0.7176 -0.928	0.2585 -0.7546
45500	-0.8127 -0.6683	0.2316 -0.879
45600	-1.239 -0.6554	-0.3151 -1.051
45700	-1.205 -0.459	-0.4063 -1.034
45800	-1.765 -0.2442	-0.7397 -1.692
45900	-2.22 -0.2002	-1.058 -1.996
46000	-1.92 0.09533	-0.9845 -1.982
46100	-2.14 0.293	-0.7159 -2.118
46200	-2.202 0.355	-0.9507 -2.368
46300	-2.19 0.4522	-0.7828 -2.17
46400	-2.118 0.393	-1.086 -2.109
46500	-2.293 0.9707	-0.7461 -2.165
46600	-2.068 0.8884	-1.02 -2.275
46700	-2.092 0.9701	-0.9492 -2.312
46800	-2.036 0.7528	-0.7865 -2.383
46900	-2.209 0.7915	-1.247 -1.942
47000	-2.255 0.4049	-1.629 -2.317
47100	-2.145 0.4755	-1.532 -2.172
47200	-2.126 0.6087	-1.482 -1.975
47300	-1.983 0.5135	-1.72 -1.975
47400	-1.726 0.3883	-1.529 -1.695
47500	-1.831 0.4762	-1.585 -1.665
47600	-1.897 0.4746	-2.096 -2.072
47700	-2.115 0.695	-2.168 -2.004
47800	-2.038 0.3464	-2.24 -1.814
47900	-1.887 0.7651	-2.44 -2.078
48000	-1.684 0.7612	-2.46 -1.872
48100	-1.616 0.5154	-2.143 -1.92
48200	-1.936 0.715	-2.013 -2.222
48300	-2.057 0.4275	-2.076 -2.123
48400	-1.943 0.3762	-2.02 -1.888
48500	-1.964 0.2734	-1.686 -1.707
48600	-2.244 0.08299	-1.644 -2.102
48700	-2.138 -0.253	-1.457 -2.054
48800	-1.854 -0.4011	-1.045 -2.011
48900	-1.908 -0.7202	-0.9916 -1.72
49000	-1.824 -0.6538	-1.287 -1.541
49100	-1.873 -0.4704	-1.09 -1.917
49200	-1.67 -0.6354	-1.299 -1.83
49300	-1.923 -0.5254	-1.036 -2.198
49400	-1.936 -0.1702	-1.288 -1.951
49500	-2.046 0.09324	-1.358 -1.963
49600	-1.823 0.1419	-1.767 -2.006
49700	-1.99 -0.4281	-1.779 -2.082
49800	-2.378 -0.3341	-1.63 -2.338
49900	-2.149 -0.5867	-1.425 -2.262
50000	-1.705 -0.3195	-1.578 -1.765
50100	-1.904 0.01678	-1.49 -1.63
50200	-1.869 -0.03149	-1.322 -1.655
50300	-1.664 -0.5479	-1.641 -1.968
50400	-1.467 -0.3291	-1.386 -1.891
50500	-1.643 -0.3906	-0.9195 -1.852
50600	-1.793 -0.5205	-0.7833 -2.002
50700	-1.947 -0.2886	-0.9658 -1.917
50800	-1.912 -0.331	-0.8737 -2.015
50900	-2.3 -0.3643	-0.7873 -2.078
51000	-2.223 -0.3408	-0.9786 -2.146
51100	-2.012 -0.4649	-0.6826 -1.73
51200	-1.797 -0.3783	-0.9612 -1.837
51300	-1.994 -0.1884	-0.9667 -1.757
51400	-2.16 -0.3486	-0.6986 -1.878
51500	-2.262 -0.6025	-0.8364 -1.731
51600	-2.067 -0.4589	-0.987 -2.162
51700	-2.331 -0.4984	-1.257 -2.406
51800	-1.718 -0.6567	-0.8266 -2.056
51900	-1.868 -0.6233	-0.9679 -2.037
52000	-1.882 -0.5875	-1.179 -1.871
52100	-2.041 -0.7019	-1.005 -2.065
52200	-1.735 -0.5926	-0.8145 -2.116
52300	-1.878 -0.3851	-1.102 -2.36
52400	-2.169 -0.4911	-0.8969 -2.272
52500	-2.213 -0.439	-0.7686 -2.131
52600	-1.866 -0.6044	-0.9817 -2.063
52700	-1.967 -0.8431	-0.9322 -1.904
52800	-1.9 -0.1986	-0.9842 -2.035
52900	-2.078 -0.06602	-0.982 -1.844
53000	-2.097 -0.3339	-0.993 -1.895
53100	-1.784 -0.3359	-1.238 -1.908
53200	-2.005 -0.4396	-1.138 -1.892
53300	-2.258 0.0106	-1.161 -1.88
53400	-2.001 -0.1673	-0.7942 -2.142
53500	-2.081 -0.4009	-0.6993 -1.88
53600	-1.801 -0.3561	-0.584 -1.966
53700	-2.318 -0.1282	-0.7767 -2.24
53800	-2.423 0.6177	-0.9231 -2.412
53900	-2.332 0.5077	-1.249 -2.235
54000	-2.415 0.5452	-1.386 -2.159
54100	-2.157 0.5655	-1.775 -2.183
54200	-2.306 0.5258	-1.835 -2.182
54300	-2.328 0.6271	-2.195 -2.52
54400	-2.929 0.8547	-2.455 -2.542
54500	-2.774 0.9559	-2.394 -2.53
54600	-2.688 0.8924	-2.225 -2.664
54700	-2.224 0.4309	-2.104 -2.48
54800	-2.695 0.5535	-2.126 -2.748
54900	-2.853 0.5223	-2.607 -2.598
55000	-2.909 0.4632	-2.687 -3.015
55100	-2.755 0.9365	-2.798 -2.968
55200	-2.863 1.134	-2.75 -2.828
55300	-2.829 1.026	-2.856 -3.09
55400	-3.123 1.015	-3.349 -3.491
55500	-3.114 1.08	-3.453 -3.543
55600	-3.497 1.128	-3.391 -3.502
55700	-3.232 1.07	-3.023 -3.294
55800	-2.961 0.6848	-3.112 -3.1
55900	-2.95 0.8225	-3.189 -2.977
56000	-2.713 0.6099	-2.829 -3.129
56100	-2.962 0.3161	-2.813 -2.861
56200	-2.806 0.2616	-3.086 -2.78
56300	-2.715 0.2556	-3.21 -2.825
56400	-2.185 0.8202	-3.626 -2.389
56500	-2.49 0.7264	-3.824 -2.581
56600	-2.396 0.9719	-3.93 -2.507
56700	-2.58 0.9749	-4.127 -2.508
56800	-2.615 1.445	-3.631 -2.539
56900	-2.212 1.781	-3.445 -2.41
57000	-2.703 1.897	-3.336 -2.438
57100	-2.054 2.249	-3.33 -2.73
57200	-2.322 2.041	-3.514 -2.641
57300	-2.57 2.508	-3.606 -2.382
57400	-2.56 2.725	-3.621 -2.459
57500	-2.207 2.578	-3.497 -2.224
57600	-2.244 2.369	-3.597 -2.38
57700	-2.5 2.148	-3.41 -2.291
57800	-2.321 1.954	-3.288 -2.26
57900	-2.282 2.159	-3.482 -2.072
58000	-2.027 2.022	-3.398 -2.045
58100	-1.925 2.13	-3.859 -2.215
58200	-2.024 2.242	-3.757 -2.132
58300	-1.904 2.17	-3.576 -2.117
58400	-1.917 2.294	-3.531 -1.865
58500	-2.06 2.353	-3.463 -2.06
58600	-2.018 2.457	-3.825 -2.055
58700	-1.909 2.601	-3.628 -2.167
58800	-2.174 2.577	-3.397 -2.164
58900	-2.424 2.733	-3.752 -2.48
59000	-2.285 2.819	-3.689 -2.366
59100	-2.384 2.733	-3.509 -2.596
59200	-2.673 2.579	-3.865 -2.615
59300	-2.877 2.469	-4.142 -2.578
59400	-2.694 2.402	-3.955 -2.745
59500	-2.608 2.355	-4.055 -2.6
59600	-2.51 2.624	-3.736 -2.683
59700	-2.35 2.378	-3.636 -2.422
59800	-2.532 2.541	-3.609 -2.316
59900	-2.381 2.259	-3.567 -2.188
60000	-2.18 2.216	-3.899 -2.149
60100	-2.056 1.833	-3.819 -2.323
60200	-2.368 2.07	-3.529 -2.269
60300	-2.286 2.2	-3.895 -2.365
60400	-2.202 2.164	-3.788 -2.359
60500	-2.219 2.126	-4.059 -2.088
60600	-2.275 2.2	-4.055 -2.32
60700	-2.275 2.137	-3.944 -2.3
60800	-2.249 2.188	-3.974 -2.224
60900	-2.536 2.26	-4.03 -2.376
61000	-2.532 2.024	-4.43 -2.524
61100	-2.808 2.071	-4.12 -2.943
61200	-2.434 2.103	-3.896 -2.746
61300	-2.19 2.246	-3.988 -2.213
61400	-2.182 2.122	-3.392 -2.121
61500	-2.053 2.164	-3.003 -2.015
61600	-2.282 2.254	-2.658 -1.788
61700	-2.158 1.936	-2.692 -1.757
61800	-1.806 1.958	-2.606 -2.056
61900	-1.783 2.045	-2.176 -1.849
62000	-1.796 2.102	-1.825 -1.692
62100	-1.674 2.083	-1.73 -1.525
62200	-1.522 2.171	-2.189 -1.698
62300	-1.877 2.416	-1.884 -1.519
62400	-1.741 2.162	-1.89 -1.716
62500	-1.426 1.545	-1.978 -1.335
62600	-1.506 1.467	-1.664 -1.251
62700	-1.194 1.475	-2.195 -1.131
62800	-1.417 1.144	-2.458 -1.449
62900	-1.496 1.039	-2.158 -1.403
63000	-1.208 0.9726	-2.107 -1.168
63100	-1.186 1.17	-2.089 -1.426
63200	-1.187 1.095	-2.265 -1.238
63300	-1.007 1.193	-2.501 -1.134
63400	-0.8108 1.187	-2.641 -1.17
63500	-1.114 0.79	-2.407 -1.21
63600	-1.234 0.9358	-2.671 -1.248
63700	-1.248 1.063	-2.343 -1.502
63800	-1.334 1.195	-2.19 -1.599
63900	-1.573 1.094	-2.413 -1.994
64000	-1.77 0.8844	-2.729 -1.991
64100	-1.726 0.9939	-2.279 -1.818
64200	-2.06 1.463	-2.718 -1.65
64300	-1.856 1.287	-3.048 -2.204
64400	-1.912 1.411	-3.079 -2.011
64500	-1.694 2.138	-3.276 -1.827
64600	-1.595 2.426	-3.18 -1.686
64700	-1.9 2.546	-3.095 -1.812
64800	-1.622 2.215	-3.172 -1.845
64900	-1.882 1.829	-2.869 -1.946
65000	-2.374 1.67	-2.752 -2.2
65100	-2.516 1.505	-2.788 -2.412
65200	-2.312 1.552	-2.994 -2.376
65300	-2.349 1.389	-3.21 -2.296
65400	-2.706 1.443	-3.014 -2.558
65500	-2.84 1.524	-3.153 -2.543
65600	-2.692 1.704	-3.72 -2.347
65700	-2.326 1.808	-3.429 -2.486
65800	-2.577 1.678	-3.517 -2.807
65900	-3.07 1.606	-3.598 -3.269
66000	-2.985 1.621	-4.11 -3.043
66100	-3.157 1.883	-4.047 -2.971
66200	-2.994 1.713	-3.947 -2.952
66300	-3.107 1.626	-4.095 -3.209
66400	-3.145 1.365	-4.205 -3.124
66500	-2.96 1.49	-4.666 -3.026
66600	-3.152 1.327	-4.751 -3.063
66700	-2.869 1.021	-4.763 -3.098
66800	-2.954 1.602	-4.953 -2.855
66900	-2.925 1.999	-4.934 -3.077
67000	-3.199 2.044	-4.756 -3.065
67100	-3.192 2.13	-4.993 -3.118
67200	-3.414 2.235	-5.004 -3.262
67300	-3.41 2.138	-4.689 -3.319
67400	-3.541 1.88	-4.58 -3.425
67500	-3.637 1.867	-4.503 -3.414
67600	-3.529 1.583	-4.309 -3.332
67700	-3.486 2.151	-4.225 -3.526
67800	-3.478 1.695	-4.611 -3.659
67900	-3.745 1.708	-4.712 -3.75
68000	-3.514 1.784	-4.948 -3.766
68100	-3.505 1.991	-4.632 -3.66
68200	-3.783 1.984	-4.611 -3.723
68300	-3.881 2.219	-4.983 -3.97
68400	-3.697 1.919	-4.78 -3.903
68500	-4.049 1.847	-4.673 -3.945
68600	-3.63 1.836	-5.082 -3.817
68700	-3.676 2.094	-5.037 -3.702
68800	-3.664 2.017	-4.757 -3.841
68900	-3.866 1.764	-4.841 -3.933
69000	-3.705 1.937	-4.649 -3.802
69100	-3.56 1.889	-4.68 -3.68
69200	-3.484 1.58	-4.697 -3.782
69300	-3.571 1.491	-4.402 -3.817
69400	-3.666 1.935	-4.17 -3.628
69500	-3.554 2.401	-4.4 -3.97
69600	-3.308 2.588	-4.267 -3.733
69700	-3.57 2.679	-4.307 -4.038
69800	-3.488 2.533	-3.878 -3.719
69900	-3.741 2.014	-4.279 -3.716
70000	-3.871 1.988	-3.851 -3.814
70100	-3.827 2.23	-3.863 -3.824
70200	-3.8 2.147	-3.756 -3.716
70300	-3.89 2.104	-3.654 -3.992
70400	-3.68 1.99	-3.544 -3.815
70500	-3.909 2.097	-3.873 -3.791
70600	-4.076 2.336	-4.033 -3.975
70700	-4.029 1.99	-3.54 -4.14
70800	-4.239 2.241	-3.768 -4.21
70900	-4.361 2.437	-3.88 -4.351
71000	-4.31 2.614	-3.661 -4.191
71100	-4.199 2.509	-3.582 -4.204
71200	-4.359 2.396	-3.312 -4.201
71300	-4.317 2.261	-3.692 -4.278
71400	-4.072 2.328	-3.911 -4.118
71500	-4.155 2.164	-3.891 -4.127
71600	-3.994 2.489	-3.837 -3.845
71700	-4.361 2.008	-3.905 -4.055
71800	-4.603 2.444	-3.588 -4.372
71900	-4.765 2.973	-3.749 -4.504
72000	-4.583 2.784	-3.732 -4.529
72100	-4.91 2.392	-3.571 -4.542
72200	-5.096 2.609	-3.495 -4.517
72300	-5.033 3.119	-3.814 -4.809
72400	-5.153 2.987	-4.255 -5.328
72500	-5.241 2.975	-4.251 -5.323
72600	-5.378 3.166	-4.42 -5.314
72700	-5.318 2.998	-4.078 -5.232
72800	-5.45 2.46	-4.253 -5.544
72900	-5.574 2.899	-4.769 -5.412
73000	-5.487 2.96	-4.848 -5.435
73100	-5.182 3.046	-4.818 -5.191
73200	-5.529 2.871	-4.842 -5.381
73300	-5.27 2.692	-4.629 -5.465
73400	-5.42 2.293	-4.545 -5.545
73500	-5.368 2.392	-4.487 -5.501
73600	-5.505 2.129	-4.535 -5.508
73700	-5.767 2.034	-4.723 -5.889
73800	-5.758 1.965	-4.578 -5.818
73900	-5.641 2.547	-4.619 -5.977
74000	-5.555 2.53	-4.388 -5.555
74100	-5.92 2.723	-3.892 -5.863
74200	-6.012 2.956	-3.886 -5.814
74300	-5.96 2.984	-4.426 -5.91
74400	-5.983 2.79	-4.341 -6.132
74500	-5.947 3.035	-4.483 -5.923
74600	-6.056 2.88	-4.486 -5.828
74700	-5.672 2.735	-4.503 -5.759
74800	-5.515 2.726	-4.176 -5.625
74900	-5.413 2.437	-3.802 -5.587
75000	-5.155 2.089	-3.923 -5.137
75100	-5.223 2.457	-3.721 -5.163
75200	-5.211 2.904	-3.331 -4.932
75300	-4.818 3.134	-3.43 -4.546
75400	-5 2.838	-3.308 -4.871
75500	-5.014 2.715	-3.568 -5.054
75600	-4.931 2.908	-3.714 -4.813
75700	-5.175 2.73	-3.642 -5.398
75800	-5.452 2.424	-3.52 -5.593
75900	-5.36 2.618	-3.106 -5.353
76000	-5.138 3.015	-3.067 -5.408
76100	-5.216 3.559	-3.025 -5.352
76200	-5.634 3.242	-2.684 -5.524
76300	-5.691 3.298	-2.849 -5.442
76400	-5.364 3.834	-2.7 -5.423
76500	-5.583 4.188	-2.236 -5.331
76600	-5.352 3.702	-2.133 -5.34
76700	-5.178 3.855	-2.571 -5.161
76800	-5.087 3.687	-2.731 -5.284
76900	-5.413 4.033	-2.578 -5.306
77000	-5.403 4.203	-2.482 -5.436
77100	-5.193 4.728	-2.608 -5.126
77200	-5.171 4.853	-2.842 -5.104
77300	-4.906 4.734	-2.678 -4.981
77400	-4.814 4.707	-2.462 -5.183
77500	-4.957 4.534	-2.223 -5.35
77600	-4.859 4.424	-2.351 -4.903
77700	-4.99 4.515	-2.215 -5.173
77800	-5.025 4.429	-2.18 -5.014
77900	-5.388 4.961	-2.224 -5.076
78000	-5.382 4.575	-2.365 -5.375
78100	-5.337 4.496	-2.227 -5.538
78200	-5.14 4.534	-2.043 -5.366
78300	-5.152 4.547	-1.965 -5.039
78400	-5.033 4.783	-2.085 -5.062
78500	-5.065 4.48	-2.236 -5.112
78600	-5.327 4.171	-2.501 -5.098
78700	-5.315 4.1	-2.189 -5.239
78800	-5.455 4.246	-1.942 -5.262
78900	-5.604 4.503	-2.298 -5.39
79000	-5.092 4.425	-2.216 -5.537
79100	-4.849 4.438	-1.875 -5.237
79200	-4.941 4.685	-1.577 -5.262
79300	-5.099 4.643	-1.618 -5.246
79400	-5.231 4.772	-1.929 -4.776
79500	-4.866 5.041	-1.81 -4.762
79600	-4.73 5.386	-1.737 -4.503
79700	-4.461 5.873	-1.669 -4.637
79800	-4.508 5.915	-1.519 -4.572
79900	-4.599 6.054	-1.237 -4.806
80000	-4.575 5.798	-1.428 -4.565
80100	-4.709 5.386	-1.483 -4.306
80200	-4.628 5.132	-1.881 -4.208
80300	-4.526 5.321	-1.632 -4.492
80400	-4.434 5.242	-1.628 -4.392
80500	-4.099 5.688	-1.786 -4.392
80600	-4.211 6.022	-1.831 -4.272
80700	-4.308 6.42	-1.984 -4.415
80800	-4.44 6.58	-1.881 -4.445
80900	-4.285 6.253	-1.759 -4.119
81000	-3.71 6.476	-2.033 -3.79
81100	-3.717 5.974	-1.49 -3.845
81200	-3.959 5.643	-1.306 -3.944
81300	-3.876 5.781	-1.474 -4.011
81400	-4.012 6.125	-1.187 -4.271
81500	-3.79 5.864	-1.485 -4.119
81600	-3.722 6.299	-1.538 -4.01
81700	-3.738 6.5	-1.822 -4.143
81800	-4.057 6.786	-2.1 -4.166
81900	-4.131 6.767	-1.763 -4.345
82000	-3.957 6.53	-2.032 -4.149
82100	-3.899 6.528	-2.277 -3.814
82200	-3.622 5.961	-2.033 -3.368
82300	-3.554 6.137	-1.858 -3.494
82400	-3.454 6.039	-1.665 -3.221
82500	-3.341 5.702	-1.95 -3.175
82600	-3.565 5.478	-2.049 -3.366
82700	-3.591 5.901	-1.826 -3.587
82800	-3.584 6.033	-2.12 -3.369
82900	-3.288 6.053	-2.357 -3.338
83000	-3.402 6.453	-2.257 -3.446
83100	-3.278 5.833	-2.09 -3.602
83200	-3.141 5.711	-2.177 -3.828
83300	-3.334 5.933	-2.122 -3.445
83400	-3.775 6.231	-2.21 -3.323
83500	-3.159 6.012	-2.403 -3.419
83600	-3.387 5.549	-2.242 -3.164
83700	-3.288 5.294	-1.933 -3.538
83800	-3.109 5.014	-1.711 -3.163
83900	-3.322 4.851	-1.726 -3.216
84000	-3.135 4.723	-1.675 -3.139
84100	-3.514 4.812	-1.306 -3.526
84200	-3.099 4.546	-0.9654 -3.244
84300	-3.43 4.557	-1.198 -3.16
84400	-3.687 4.898	-1.024 -3.371
84500	-3.998 5.356	-0.8612 -3.622
84600	-4.152 5.265	-0.7588 -3.979
84700	-3.602 4.938	-0.9055 -3.914
84800	-3.55 4.696	-1.585 -3.845
84900	-3.407 4.623	-1.683 -3.289
85000	-3.392 4.794	-1.631 -3.319
85100	-3.339 4.655	-1.229 -3.34
85200	-3.214 4.986	-1.224 -3.211
85300	-3.339 5.139	-1.321 -3.36
85400	-3.319 4.827	-1.052 -3.612
85500	-3.292 5.261	-1.039 -3.6
85600	-3.416 5.025	-1.095 -3.255
85700	-3.384 4.897	-1.021 -3.51
85800	-3.669 5.119	-1.39 -3.31
85900	-3.379 4.907	-1.572 -3.43
86000	-3.194 4.748	-1.863 -3.185
86100	-3.31 4.755	-2.04 -3.21
86200	-3.406 4.408	-2.124 -3.298
86300	-3.447 4.454	-2.105 -3.627
86400	-3.518 4.293	-1.975 -3.69
86500	-3.568 3.939	-2.033 -3.601
86600	-3.512 4.295	-1.755 -3.807
86700	-3.605 4.369	-1.801 -3.633
86800	-3.334 4.648	-1.968 -3.621
86900	-3.3 4.442	-1.863 -3.604
87000	-3.438 4.307	-1.598 -3.407
87100	-3.309 4.309	-1.418 -3.344
87200	-3.275 4.364	-1.83 -3.299
87300	-3.424 4.413	-1.633 -3.247
87400	-3.393 4.482	-1.647 -3.307
87500	-3.311 4.66	-1.536 -3.2
87600	-3.365 4.703	-1.327 -3.39
87700	-3.405 4.573	-1.705 -3.716
87800	-3.201 4.592	-1.753 -3.465
87900	-3.286 4.433	-1.956 -3.263
88000	-3.549 4.771	-1.829 -3.222
88100	-3.792 5.038	-1.576 -3.508
88200	-3.704 4.944	-1.854 -3.741
88300	-3.497 5	-2.127 -3.455
88400	-3.418 5.266	-2.303 -3.51
88500	-3.517 5.08	-2.425 -3.945
88600	-3.761 5.25	-2.552 -3.693
88700	-3.714 4.955	-2.429 -3.476
88800	-3.923 4.977	-2.2 -3.705
88900	-3.952 4.822	-1.897 -3.636
89000	-4.076 4.885	-1.518 -4.394
89100	-4.087 4.934	-1.666 -4.221
89200	-4.449 4.949	-1.353 -4.24
89300	-4.329 4.682	-0.9188 -3.818
89400	-3.911 4.619	-1.514 -4.059
89500	-3.965 4.766	-1.291 -4.198
89600	-4.185 5.187	-1.664 -4.146
89700	-4.214 5.03	-1.137 -4.476
89800	-4.625 4.923	-1.331 -4.523
89900	-4.625 4.783	-0.9817 -4.438
90000	-4.413 4.755	-0.6586 -4.262
90100	-4.32 4.874	-0.6633 -4.125
90200	-4.185 4.834	-0.3123 -4.282
90300	-3.891 4.76	-0.3184 -3.889
90400	-3.619 4.663	-0.1548 -3.833
90500	-3.546 4.357	-0.323 -3.569
90600	-3.672 4.8	-0.05351 -3.599
90700	-3.696 4.561	-0.2511 -3.723
90800	-3.957 4.654	-0.08703 -3.511
90900	-3.991 4.692	0.1853 -3.786
91000	-4.241 4.716	0.009972 -3.839
91100	-3.994 4.859	-0.07803 -4.038
91200	-3.916 5.038	0.04278 -3.795
91300	-3.514 4.791	0.01551 -3.41
91400	-3.561 4.548	-0.1753 -3.348
91500	-3.767 4.801	0.008463 -3.705
91600	-3.965 4.855	0.09742 -3.742
91700	-3.802 4.9	0.1144 -3.871
91800	-3.479 4.792	-0.3449 -3.79
91900	-3.456 4.949	-0.2798 -3.816
92000	-3.959 4.922	-0.292 -4.08
92100	-4.205 4.821	-0.09908 -4.145
92200	-4.243 4.71	-0.3945 -4.353
92300	-4.056 4.69	-0.1206 -4.228
92400	-4.063 4.331	-0.5617 -4.028
92500	-3.845 5.073	-0.8117 -3.974
92600	-3.852 5.508	-1.274 -3.89
92700	-3.304 5.894	-1.4 -3.632
92800	-3.319 5.918	-1.165 -3.435
92900	-3.211 5.961	-1.349 -3.107
93000	-3.19 6.247	-0.9877 -2.956
93100	-2.919 6.321	-1.439 -3.323
93200	-3.528 6.653	-1.223 -3.208
93300	-3.537 6.635	-1.106 -3.4
93400	-3.799 6.715	-1.096 -3.426
93500	-3.895 6.507	-1.307 -3.851
93600	-4.064 6.937	-1.287 -4.169
93700	-4.089 7.48	-1.324 -4.222
93800	-4.265 7.778	-1.344 -4.401
93900	-4.22 7.413	-1.369 -4.374
94000	-4.384 7.08	-1.01 -4.592
94100	-4.599 6.934	-1.131 -4.558
94200	-4.387 6.877	-0.9673 -4.221
94300	-4.447 6.579	-1.151 -4.083
94400	-4.212 6.521	-0.867 -4.037
94500	-4.57 6.072	-0.7236 -4.488
94600	-4.662 6.066	-0.4167 -4.551
94700	-4.383 6.09	-0.6182 -4.505
94800	-4.596 6.327	-0.9737 -4.673
94900	-4.48 6.173	-1.162 -4.68
95000	-4.525 6.578	-1.524 -4.611
95100	-4.447 6.824	-1.919 -4.377
95200	-4.465 6.984	-1.987 -4.359
95300	-4.814 6.928	-2.166 -4.632
95400	-4.722 6.75	-2.113 -4.642
95500	-4.665 6.602	-2.057 -4.572
95600	-4.885 6.731	-2.308 -4.921
95700	-4.996 6.833	-2.158 -4.966
95800	-4.923 7.078	-1.678 -4.915
95900	-4.446 7.439	-1.78 -4.755
96000	-4.406 7.435	-1.616 -4.717
96100	-4.562 7.407	-1.602 -4.674
96200	-4.487 7.442	-1.264 -4.694
96300	-4.684 7.549	-1.107 -4.829
96400	-4.651 7.773	-0.7559 -4.973
96500	-4.77 7.558	-0.705 -4.725
96600	-4.693 7.525	-1.08 -4.714
96700	-4.909 7.245	-1.206 -4.804
96800	-4.886 7.275	-1.001 -4.887
96900	-4.683 7.14	-1.011 -4.446
97000	-4.54 7.476	-0.9647 -4.314
97100	-4.146 7.638	-0.9435 -4.206
97200	-3.935 7.796	-0.6924 -4.014
97300	-4.204 7.812	-0.2696 -3.948
97400	-3.796 7.437	-0.3985 -4.051
97500	-3.709 7.508	-0.3344 -4.105
97600	-4.059 7.303	-0.7968 -3.656
97700	-3.765 6.723	-0.8623 -3.759
97800	-3.752 7.102	-0.779 -3.624
97900	-3.752 7.998	-0.362 -3.717
98000	-3.715 7.855	-0.7116 -3.689
98100	-3.822 7.813	-0.6126 -3.73
98200	-3.864 7.496	-0.6923 -3.654
98300	-3.548 7.239	-0.3644 -3.499
98400	-3.804 7.124	-0.5296 -3.599
98500	-3.682 7.267	-0.4455 -3.443
98600	-3.921 7.159	-0.4199 -3.734
98700	-3.891 6.662	-0.2475 -3.871
98800	-3.942 6.431	-0.5327 -4.032
98900	-4.105 5.957	-0.4182 -4.015
99000	-4.378 6.062	-0.7456 -4.024
99100	-4.09 6.01	-0.7029 -4.266
99200	-4.152 5.633	-0.4088 -4.252
99300	-4.25 6.076	-0.5177 -4.34
99400	-4.526 5.636	-0.8689 -4.298
99500	-4.215 5.534	-0.9527 -4.081
99600	-3.881 4.964	-1.094 -3.937
99700	-3.976 4.796	-0.8291 -3.925
99800	-4.088 4.392	-1.229 -4.32
99900	-4.288 4.296	-1.825 -4.24
100000	-4.649 4.17	-2.082 -4.557
100100	-4.704 4.469	-1.973 -4.508
100200	-4.363 4.559	-1.963 -3.969
100300	-4.068 4.411	-2.149 -4.267
100400	-4.565 4.302	-2.401 -4.267
100500	-4.62 3.994	-2.599 -4.427
100600	-4.299 4.085	-2.766 -4.47
100700	-4.523 4.21	-3.211 -4.603
100800	-4.592 4.487	-3.375 -4.866
100900	-4.838 4.141	-3.124 -4.514
101000	-4.68 4.162	-3.115 -4.626
101100	-4.653 4.52	-3.078 -4.932
101200	-5.099 4.15	-3.019 -5.263
101300	-5.447 3.685	-2.72 -5.298
101400	-5.219 3.507	-2.394 -4.976
101500	-4.904 3.334	-2.188 -4.77
101600	-5.177 2.774	-2.182 -4.758
101700	-5.109 2.772	-2.285 -5.022
101800	-5.188 3.094	-2.272 -4.957
101900	-5.087 2.995	-2.258 -4.996
102000	-5.086 2.997	-2.176 -4.856
102100	-4.995 2.697	-2.081 -5.013
102200	-5.121 2.622	-1.875 -5.042
102300	-4.955 2.711	-2.101 -4.991
102400	-5.327 2.675	-1.888 -5.168
102500	-5.303 2.911	-1.921 -5.129
102600	-5.385 3.013	-1.958 -5.254
102700	-5.742 2.761	-1.817 -5.465
102800	-5.665 2.653	-1.712 -5.616
102900	-5.897 3.106	-2.189 -5.95
103000	-5.791 3.219	-1.958 -5.813
103100	-5.792 2.999	-1.89 -5.788
103200	-5.973 3.324	-1.667 -5.749
103300	-5.792 3.168	-1.628 -5.671
103400	-5.955 3.097	-1.826 -5.936
103500	-5.869 3.227	-1.96 -6.031
103600	-6.01 3.419	-2.211 -6.101
103700	-5.968 3.245	-2.495 -6.152
103800	-5.928 3.415	-2.457 -5.98
103900	-6.094 3.639	-2.496 -6.225
104000	-5.836 4.218	-2.003 -5.922
104100	-5.773 4.22	-2.144 -5.6
104200	-5.787 4.45	-2.302 -5.389
104300	-5.43 4.395	-2.4 -5.485
104400	-5.595 4.827	-2.824 -5.538
104500	-5.655 5.072	-2.681 -5.845
104600	-5.678 4.986	-2.716 -5.706
104700	-6.096 4.786	-2.773 -6.096
104800	-6.351 5.311	-2.692 -6.243
104900	-6.259 5.033	-2.196 -6.247
105000	-6.084 4.786	-2.322 -5.93
105100	-6.288 4.573	-2.387 -5.825
105200	-5.661 4.6	-2.675 -5.66
105300	-5.283 4.3	-2.614 -5.401
105400	-4.971 4.627	-2.608 -4.726
105500	-4.717 4.351	-2.385 -4.582
105600	-4.376 4.146	-2.22 -4.789
105700	-4.672 4.532	-2.533 -4.842
105800	-4.498 4.601	-2.36 -4.663
105900	-4.51 4.376	-2.609 -4.637
106000	-4.61 4.353	-2.681 -4.507
106100	-4.688 4.136	-2.466 -4.647
106200	-4.636 4.06	-2.486 -4.496
106300	-4.306 3.985	-2.146 -4.579
106400	-4.095 4.255	-2.271 -3.818
106500	-4.214 4.462	-2.508 -4.061
106600	-4.452 4.454	-2.686 -4.489
106700	-4.739 4.545	-2.751 -4.587
106800	-4.683 4.546	-2.624 -4.792
106900	-4.431 4.815	-2.405 -4.726
107000	-4.341 4.672	-2.255 -4.277
107100	-4.243 4.934	-2.652 -4.046
107200	-3.729 4.991	-2.493 -3.829
107300	-3.784 5.288	-2.169 -3.704
107400	-3.904 5.183	-2.424 -4.054
107500	-3.679 5.346	-2.011 -3.896
107600	-4.088 5.507	-1.909 -3.912
107700	-4.159 5.185	-2.034 -4.269
107800	-4.406 4.572	-1.988 -4.324
107900	-4.472 4.539	-1.802 -4.446
108000	-4.306 4.44	-2.105 -4.478
108100	-3.943 4.532	-2.286 -4.007
108200	-3.675 4.339	-2.661 -3.813
108300	-3.622 4.235	-2.98 -3.633
108400	-3.602 4.823	-2.88 -3.546
108500	-3.66 5.363	-2.851 -3.262
108600	-3.599 5.702	-2.657 -2.983
108700	-3.009 5.393	-2.744 -2.792
108800	-3.151 5.33	-2.994 -2.765
108900	-2.89 5.203	-2.747 -2.638
109000	-2.432 5.435	-3.115 -2.312
109100	-2.304 5.068	-3.205 -2.601
109200	-2.067 5.019	-3.253 -2.334
109300	-2.121 5.181	-3.523 -2.102
109400	-2.167 5.496	-3.634 -2.271
109500	-2.06 5.722	-3.309 -2.424
109600	-2.222 5.914	-3.381 -2.586
109700	-2.465 5.769	-3.545 -2.597
109800	-2.368 5.91	-3.853 -2.555
109900	-2.216 5.999	-3.28 -2.355
110000	-2.31 5.802	-3.427 -2.039
110100	-2.379 6.347	-3.115 -2.426
110200	-2.727 6.8	-2.931 -2.372
110300	-2.669 7.08	-2.925 -2.62
110400	-2.744 7.526	-2.994 -2.923
110500	-2.831 7.805	-3.292 -2.767
110600	-2.479 7.781	-3.28 -2.58
110700	-2.85 7.739	-3.043 -3.004
110800	-3.055 7.523	-3.13 -3.076
110900	-3.106 7.693	-3.157 -3.07
111000	-3.244 8.015	-3.198 -3.147
111100	-3.228 8.154	-3.184 -3.511
111200	-3.511 8.375	-3.232 -3.418
111300	-3.493 8.261	-3.478 -3.505
111400	-3.887 8.18	-3.519 -4.094
111500	-4.158 8.432	-3.097 -4.079
111600	-3.929 8.372	-3.264 -3.811
111700	-3.954 8.223	-3.335 -3.605
111800	-3.942 8.493	-3.37 -3.399
111900	-3.766 8.521	-3.164 -3.217
112000	-3.351 8.394	-2.956 -3.428
112100	-3.43 8.505	-3.084 -3.01
112200	-2.948 8.914	-2.987 -2.844
112300	-2.755 8.857	-3.191 -2.748
112400	-2.602 8.843	-3.123 -2.712
112500	-2.594 8.759	-3.014 -2.879
112600	-2.592 8.863	-3.007 -2.541
112700	-2.311 8.772	-3.188 -2.301
112800	-2.518 8.43	-3.265 -2.463
112900	-2.33 8.511	-3.45 -2.245
113000	-2.168 8.442	-2.986 -2.055
113100	-2.607 8.482	-3.283 -2.387
113200	-2.7 8.524	-3.108 -2.371
113300	-2.713 8.618	-3.362 -2.476
113400	-2.677 8.531	-3.224 -2.543
113500	-2.637 8.736	-2.925 -2.669
113600	-2.745 8.784	-3.198 -3.213
113700	-2.535 8.749	-3.282 -2.901
113800	-2.837 8.817	-3.411 -2.439
113900	-2.704 9.268	-3.423 -2.864
114000	-2.715 9.299	-3.793 -2.963
114100	-2.639 9.256	-3.642 -2.955
114200	-2.708 9.031	-3.578 -2.907
114300	-2.671 9.4	-3.658 -2.885
114400	-2.663 9.335	-3.948 -2.782
114500	-2.821 9.678	-3.687 -2.756
114600	-2.642 9.276	-3.948 -2.535
114700	-2.701 9.728	-3.758 -2.735
114800	-2.814 9.608	-3.56 -2.687
114900	-2.89 9.651	-4.138 -2.748
115000	-2.989 9.923	-3.693 -2.797
115100	-2.986 9.579	-3.926 -3.198
115200	-3.081 9.482	-3.993 -3.058
115300	-3.099 9.579	-4.145 -3.133
115400	-3.025 9.047	-4.068 -2.798
115500	-3.555 8.914	-4.078 -3.615
115600	-3.985 8.623	-4.265 -4.093
115700	-3.97 8.41	-3.954 -4.19
115800	-3.971 8.457	-4.083 -3.94
115900	-3.956 8.35	-4.046 -4.149
116000	-4.463 8.232	-4.081 -4.25
116100	-4.801 7.961	-4.163 -4.642
116200	-4.692 8.414	-4.227 -4.522
116300	-4.67 8.918	-4.5 -4.314
116400	-4.683 8.685	-4.047 -4.719
116500	-4.612 8.504	-3.748 -4.867
116600	-4.743 8.368	-4.261 -4.772
116700	-4.618 8.503	-4.468 -4.747
116800	-4.96 8.689	-4.098 -4.616
116900	-4.939 8.993	-3.941 -4.896
117000	-4.983 9.39	-3.844 -4.978
117100	-4.786 8.992	-4.268 -4.544
117200	-4.674 9.373	-4.283 -4.449
117300	-4.461 9.481	-4.513 -4.717
117400	-4.538 9.147	-4.675 -4.5
117500	-4.154 9.56	-4.873 -4.146
117600	-4.022 9.448	-4.69 -3.956
117700	-4.163 9.415	-4.748 -4.291
117800	-4.218 9.363	-4.64 -4.27
117900	-4.247 9.457	-4.476 -4.368
118000	-4.303 9.011	-4.628 -4.115
118100	-4.115 9.157	-4.676 -3.799
118200	-4.012 9.062	-4.294 -3.587
118300	-3.775 8.529	-4.935 -3.648
118400	-3.822 8.424	-5.009 -3.835
118500	-3.749 8.761	-5.031 -3.706
118600	-3.422 8.496	-5.155 -3.599
118700	-3.479 8.668	-5.005 -3.547
118800	-3.111 8.814	-4.931 -3.418
118900	-3.217 8.659	-5.239 -3.112
119000	-2.962 8.663	-4.876 -2.888
119100	-3.01 8.679	-4.768 -2.861
119200	-2.985 8.854	-4.785 -2.75
119300	-2.515 8.544	-4.725 -2.803
119400	-2.636 8.397	-4.531 -2.509
119500	-2.343 8.243	-3.838 -2.286
119600	-2.325 8.799	-3.86 -2.5
119700	-2.667 8.409	-4.152 -2.74
119800	-2.7 8.397	-3.768 -2.46
119900	-2.471 8.567	-3.879 -2.386
120000	-2.128 8.867	-3.925 -2.354
120100	-2.194 8.998	-4.177 -2.131
120200	-1.982 8.836	-3.973 -1.842
120300	-1.953 8.316	-4.196 -1.692
120400	-1.772 8.385	-3.864 -1.682
120500	-2.225 8.482	-3.533 -2.206
120600	-2.241 8.475	-3.076 -2.27
120700	-1.915 8.39	-2.988 -2.196
120800	-1.785 8.306	-3.144 -2.299
120900	-2.113 8.079	-3.19 -2.21
121000	-2.581 8.07	-3.093 -2.529
121100	-2.4 7.977	-2.904 -2.501
121200	-2.427 8.631	-3.157 -2.343
121300	-2.27 8.959	-2.719 -2.344
121400	-2.49 8.692	-2.699 -2.422
121500	-2.861 8.756	-2.683 -2.643
121600	-3.126 8.531	-2.774 -2.612
121700	-2.835 8.791	-2.553 -2.368
121800	-2.919 8.351	-2.91 -2.89
121900	-2.828 8.618	-3.061 -2.74
122000	-2.756 8.638	-2.755 -2.651
122100	-2.885 8.627	-3.162 -2.869
122200	-2.694 8.715	-3.256 -2.883
122300	-3.021 8.517	-3.374 -3.036
122400	-2.866 8.677	-3.529 -2.832
122500	-3.048 9.077	-3.778 -2.728
122600	-3.038 8.906	-3.72 -2.654
122700	-3.085 8.864	-3.496 -2.689
122800	-3.256 8.868	-3.079 -3.33
122900	-3.379 8.935	-3.296 -3.536
123000	-3.242 9.089	-3.523 -3.376
123100	-3.612 8.853	-3.818 -3.488
123200	-3.34 9.283	-3.958 -3.343
123300	-3.353 9.415	-4.349 -2.841
123400	-3.251 9.201	-4.559 -2.997
123500	-3.085 9.253	-4.576 -3.102
123600	-3.041 8.881	-4.437 -3.073
123700	-3.194 9.283	-4.476 -3.147
123800	-3.143 8.977	-4.688 -3.089
123900	-3.153 9.236	-4.785 -3.309
124000	-3.179 9.132	-4.778 -3.233
124100	-3.091 9.116	-4.401 -3.153
124200	-3.115 9.291	-4.393 -3.215
124300	-3.136 9.765	-4.321 -2.922
124400	-3.216 9.984	-4.163 -2.913
124500	-3.364 10.13	-4.035 -3.38
124600	-3.41 9.87	-4.485 -3.532
124700	-3.505 9.986	-4.482 -3.424
124800	-3.476 9.777	-4.424 -3.42
124900	-3.3 9.769	-4.799 -3.17
125000	-3.33 9.149	-4.651 -3.426
125100	-3.54 9.119	-4.339 -3.517
125200	-3.432 9.285	-4.292 -3.676
125300	-3.322 9.292	-3.654 -3.52
125400	-3.556 9.24	-3.598 -3.329
125500	-3.426 9.439	-3.651 -3.233
125600	-3.36 9.403	-3.274 -3.59
125700	-3.303 9.683	-2.656 -3.187
125800	-3.066 9.751	-2.853 -3.107
125900	-3.141 9.589	-2.952 -3.003
126000	-2.733 9.556	-3.001 -2.759
126100	-2.819 9.378	-3.01 -2.895
126200	-3.075 9.44	-3.326 -2.973
126300	-2.91 9.547	-3.194 -2.831
126400	-2.92 9.779	-3.07 -2.815
126500	-2.996 9.846	-3.033 -2.636
126600	-2.841 9.663	-3.216 -2.725
126700	-2.335 9.627	-2.933 -2.204
126800	-2.61 9.205	-3.025 -2.21
126900	-2.218 9.185	-3.05 -2.44
127000	-2.159 9.051	-3.384 -2.158
127100	-2.263 9.04	-3.583 -2.448
127200	-2.363 8.933	-3.453 -2.206
127300	-2.084 9.232	-3.313 -2.188
127400	-2.25 9.237	-3.065 -2.176
127500	-2.071 9.342	-2.748 -2.474
127600	-1.849 9.191	-2.853 -2.516
127700	-1.876 9.507	-2.834 -2.246
127800	-2.031 9.905	-2.791 -2.089
127900	-2.352 9.934	-2.719 -2.234
128000	-1.893 10.02	-2.767 -2.081
128100	-1.909 9.684	-2.136 -2.106
128200	-2.003 9.66	-2.055 -2.061
128300	-2.039 9.519	-2.311 -2.186
128400	-2.353 9.258	-2.541 -2.233
128500	-2.753 9.281	-2.354 -2.301
128600	-2.728 9.259	-2.56 -2.423
128700	-2.838 9.494	-2.693 -2.74
128800	-2.54 9.654	-2.299 -2.963
128900	-2.783 9.319	-2.1 -2.701
129000	-2.625 8.86	-1.882 -2.654
129100	-2.865 8.85	-1.956 -2.609
129200	-3.186 8.399	-1.649 -2.859
129300	-3.021 8.396	-1.703 -2.806
129400	-3.033 8.437	-1.347 -2.693
129500	-2.942 8.233	-1.493 -2.757
129600	-2.861 8.154	-1.591 -2.82
129700	-2.843 8.082	-1.683 -2.808
129800	-2.831 8.099	-1.588 -2.832
129900	-2.61 8.123	-1.733 -2.784
130000	-2.639 8.381	-1.769 -2.78
130100	-2.624 8.542	-1.706 -2.759
130200	-2.958 8.515	-1.6 -3.039
130300	-2.962 8.573	-1.386 -3.047
130400	-3.136 8.793	-1.277 -3.312
130500	-3.204 9.171	-0.8593 -2.977
130600	-2.716 8.819	-0.5821 -2.706
130700	-2.598 9.102	-0.5847 -2.563
130800	-2.324 8.65	-0.6357 -2.613
130900	-2.515 8.82	-1.123 -2.538
131000	-2.499 9.112	-1.072 -2.62
131100	-2.514 9.015	-1.13 -2.713
131200	-2.524 9.274	-0.9578 -2.923
131300	-2.528 9.454	-0.8036 -2.881
131400	-2.463 9.409	-0.4989 -2.783
131500	-2.844 9.111	-0.4219 -2.827
131600	-2.8 9.268	-0.2773 -2.948
131700	-2.799 9.385	0.1614 -2.575
131800	-2.757 9.608	0.2893 -2.729
131900	-2.587 9.849	0.248 -2.642
132000	-2.774 9.913	-0.02808 -2.797
132100	-2.522 9.913	0.144 -2.406
132200	-2.625 9.871	0.3579 -2.485
132300	-2.926 9.842	0.1932 -2.671
132400	-2.763 9	-0.0009535 -2.788
132500	-2.702 9.386	-0.2517 -2.904
132600	-2.759 9.829	-0.003845 -3.043
132700	-2.932 10.11	0.08173 -2.799
132800	-2.685 9.759	0.04743 -2.799
132900	-2.728 9.638	0.2664 -2.688
133000	-2.856 9.884	0.0966 -2.723
133100	-2.797 10.09	0.1967 -2.841
133200	-2.943 10.22	-0.06228 -2.965
133300	-2.824 9.918	0.4737 -3.133
133400	-2.877 9.986	0.9133 -3.11
133500	-2.408 9.774	0.9295 -2.541
133600	-2.573 10.32	0.9783 -2.537
133700	-2.324 10.53	1.073 -2.686
133800	-2.402 10.85	1.12 -2.344
133900	-2.971 10.53	1.16 -2.719
134000	-2.862 10.28	0.6502 -2.857
134100	-3.058 10.23	0.7658 -2.947
134200	-3.051 10.44	0.6615 -2.911
134300	-3.106 10.2	1.254 -3.115
134400	-3.26 10.2	1.46 -3.151
134500	-2.938 10.34	1.665 -3.336
134600	-3.265 10.47	1.92 -2.944
134700	-3.269 10.48	2.385 -3.032
134800	-3.347 10.14	2.817 -3.052
134900	-3.221 10.61	2.698 -3.014
135000	-3.523 10.64	2.601 -3.15
135100	-3.569 10.79	2.784 -3.538
135200	-3.474 10.91	2.924 -3.579
135300	-3.811 11.28	3.289 -3.632
135400	-3.652 11.2	3.531 -3.661
135500	-3.549 11.03	3.388 -3.554
135600	-3.809 10.67	3.354 -3.731
135700	-3.672 10.77	3.147 -4.107
135800	-4.05 10.52	3.097 -4.224
135900	-4.342 10.3	3.153 -4.285
136000	-4.464 10.67	2.745 -4.318
136100	-4.327 10.47	2.656 -4.413
136200	-4.185 10.31	2.976 -4.249
136300	-4.336 10.43	3.082 -4.693
136400	-4.56 10.3	3.034 -4.56
136500	-4.347 10.54	3.11 -4.311
136600	-4.068 10.89	3.009 -4.03
136700	-4.304 10.51	2.799 -4.045
136800	-4.553 10.57	2.691 -4.448
136900	-4.221 10.41	2.703 -4.185
137000	-4.086 10.51	2.758 -4.23
137100	-4.506 10.44	2.661 -4.531
137200	-4.124 9.925	2.475 -4.254
137300	-4.132 9.988	2.724 -4.127
137400	-3.631 9.937	2.588 -3.899
137500	-3.703 9.736	2.426 -4.065
137600	-3.901 9.471	2.099 -4.07
137700	-4.244 9.493	1.721 -4.292
137800	-4.471 9.245	1.84 -4.449
137900	-4.501 9.356	1.522 -4.607
138000	-4.494 8.969	1.033 -4.427
138100	-4.269 9.072	0.914 -4.516
138200	-4.416 8.994	1.141 -4.813
138300	-4.264 9.136	1.146 -4.48
138400	-4.43 9.502	1.641 -4.291
138500	-4.109 9.611	1.66 -3.62
138600	-3.822 9.856	1.918 -3.757
138700	-3.773 9.918	2.259 -3.677
138800	-3.879 9.468	2.556 -3.997
138900	-3.875 9.718	2.417 -3.689
139000	-3.638 10.06	2.008 -3.824
139100	-3.993 10.07	2.091 -4.159
139200	-4.302 9.781	1.995 -4.441
139300	-4.207 9.84	1.874 -4.208
139400	-3.932 9.885	1.979 -3.762
139500	-3.704 9.643	1.583 -3.632
139600	-3.785 9.838	1.523 -3.674
139700	-3.636 9.766	1.462 -3.497
139800	-3.613 9.865	1.437 -3.657
139900	-3.515 9.797	1.704 -3.421
140000	-3.316 9.747	1.911 -3.169
140100	-3.244 9.572	1.705 -3.177
140200	-3.071 9.348	1.655 -3.146
140300	-3.078 9.454	1.74 -2.939
140400	-3.127 9.627	1.974 -2.896
140500	-2.946 8.963	1.929 -3.012
140600	-3.153 8.973	1.563 -3.047
140700	-3.267 9.034	1.385 -3.031
140800	-3.361 9.132	1.478 -3.371
140900	-3.194 8.777	1.662 -3.536
141000	-3.483 9.08	1.832 -4.091
141100	-3.955 8.998	1.888 -3.904
141200	-3.892 8.859	2.071 -3.831
141300	-3.851 8.558	1.808 -4.036
141400	-4.057 8.536	1.356 -4.091
141500	-3.995 8.389	1.23 -3.886
141600	-3.888 8.612	0.9312 -3.629
141700	-3.564 8.411	1.058 -3.728
141800	-3.564 8.691	0.9573 -3.583
141900	-3.369 8.801	0.762 -3.497
142000	-3.404 8.522	0.7137 -3.275
142100	-3.307 8.513	1.248 -3.074
142200	-3.133 8.474	1.458 -3.002
142300	-2.971 8.828	1.267 -2.859
142400	-2.661 8.841	1.123 -2.542
142500	-2.844 8.728	0.9828 -2.528
142600	-2.625 8.163	1.035 -2.456
142700	-2.213 8.297	0.8001 -2.313
142800	-2.254 8.556	0.8211 -2.212
142900	-2.351 8.51	0.9853 -2.198
143000	-2.256 8.179	1.046 -2.345
143100	-2.112 8.026	1.152 -2.28
143200	-1.692 8.063	0.8072 -2.173
143300	-1.592 8.319	0.6156 -2.034
143400	-1.796 7.999	0.4894 -1.689
143500	-1.601 8.138	0.3483 -1.63
143600	-1.742 7.899	0.05693 -1.369
143700	-1.711 8.143	-0.0565 -1.513
143800	-1.918 8.03	0.07198 -1.738
143900	-2.176 8.034	0.4983 -1.926
144000	-2.042 7.622	0.2127 -1.94
144100	-2.049 7.96	0.4642 -1.829
144200	-1.756 8.169	0.423 -1.853
144300	-1.888 8.103	0.2039 -2.357
144400	-1.669 8.111	-0.0004779 -1.889
144500	-1.857 8.132	-0.08924 -2.062
144600	-2.058 8.5	-0.3603 -2.027
144700	-1.952 8.733	-0.06038 -2.14
144800	-2.106 9.002	-0.02387 -2.055
144900	-2.254 9.008	-0.2184 -2.126
145000	-2.19 8.877	-0.271 -2.507
145100	-1.962 9.573	-0.4251 -2.532
145200	-1.9 9.496	-0.5804 -2.184
145300	-2.068 9.703	-0.6318 -1.845
145400	-2.139 9.912	-0.9194 -2.069
145500	-2.142 10.01	-0.7201 -1.838
145600	-1.945 9.958	-0.4294 -2.087
145700	-2.219 9.934	-0.5057 -2.032
145800	-1.882 9.859	-0.3074 -2.022
145900	-2.308 9.773	-0.1064 -2.008
146000	-2.332 9.815	0.2557 -1.851
146100	-1.929 10.13	0.1704 -2.058
146200	-1.887 10.3	-0.1874 -2.018
146300	-1.797 10.51	-0.3092 -2.145
146400	-1.843 10.53	-0.3328 -2.229
146500	-2.078 10.02	-0.4788 -2.035
146600	-1.699 9.976	-0.7412 -1.768
146700	-1.993 10.52	-0.7607 -1.937
146800	-1.992 10.44	-0.9282 -1.953
146900	-1.694 10.58	-0.7878 -1.958
147000	-1.867 10.56	-0.5303 -1.854
147100	-2.163 10.46	-0.594 -1.796
147200	-2.071 10.43	-0.301 -1.452
147300	-1.766 10.41	0.03638 -1.655
147400	-1.941 10.18	-0.07713 -1.803
147500	-1.939 10.01	-0.2011 -1.93
147600	-2.222 9.776	-0.1975 -2.069
147700	-1.88 9.309	-0.1477 -1.949
147800	-2.067 9.09	0.2175 -1.792
147900	-2.142 9.015	-0.0947 -1.792
148000	-1.915 8.882	0.135 -1.719
148100	-1.84 8.504	0.491 -1.776
148200	-2.011 8.473	0.7042 -1.841
148300	-2.01 8.33	0.6648 -1.831
148400	-1.644 8.098	0.2475 -1.965
148500	-1.559 7.857	0.3702 -1.668
148600	-1.618 7.498	0.2098 -1.371
148700	-1.236 7.663	0.2658 -1.459
148800	-1.835 7.802	-0.2268 -1.752
148900	-1.854 7.397	0.007444 -1.565
149000	-1.642 7.396	-0.1822 -1.469
149100	-1.639 7.429	-0.5144 -1.515
149200	-1.422 7.491	-0.7774 -1.555
149300	-1.335 7.589	-0.8823 -1.58
149400	-1.122 7.77	-0.4586 -1.51
149500	-1.52 7.678	-0.5648 -1.54
149600	-1.672 8.013	-0.978 -1.151
149700	-1.477 7.934	-0.8418 -1.362
149800	-1.573 7.774	-1.103 -1.366
149900	-1.319 7.179	-0.9674 -1.203
150000	-0.9784 6.998	-1.402 -0.9678
150100	-0.8205 7.434	-1.199 -0.8924
150200	-0.9226 7.566	-1.472 -0.8739
150300	-0.8296 7.552	-1.481 -0.7752
150400	-1.292 7.559	-1.444 -1.142
150500	-1.403 7.729	-1.747 -1.316
150600	-1.462 7.92	-1.73 -1.277
150700	-1.209 8.233	-1.777 -1.281
150800	-1.326 8.136	-1.706 -1.195
150900	-0.9147 8.253	-1.808 -0.9139
151000	-0.7079 8.118	-1.969 -0.6819
151100	-0.9554 8.184	-1.987 -0.6417
151200	-1.168 8.171	-2.039 -1.108
151300	-1.355 8.439	-2.145 -1.264
151400	-1.538 8.429	-2.325 -1.318
151500	-1.548 8.683	-2.172 -1.189
151600	-1.572 8.84	-2.727 -1.34
151700	-1.397 9.043	-2.949 -1.226
151800	-1.389 8.712	-3.147 -1.212
151900	-0.9803 8.42	-3.71 -1.004
152000	-1.063 8.058	-3.79 -0.9361
152100	-1.063 7.92	-4.162 -1.147
152200	-1.113 7.929	-4.423 -1.123
152300	-1.096 8.076	-4.582 -0.8736
152400	-1.246 8.186	-4.503 -1.591
152500	-1.27 8.238	-4.464 -1.554
152600	-1.128 7.632	-4.299 -1.456
152700	-1.232 7.632	-4.377 -1.606
152800	-1.573 7.877	-4.404 -1.599
152900	-1.512 7.566	-4.718 -1.463
153000	-1.451 7.177	-4.676 -1.798
153100	-1.802 7.572	-5.058 -1.92
153200	-2.007 7.596	-5.036 -2.26
153300	-2.217 7.083	-5.053 -2.632
153400	-2.308 7.577	-5.043 -2.697
153500	-2.541 7.7	-5.137 -2.919
153600	-2.406 7.426	-4.99 -2.881
153700	-2.19 7.301	-5 -2.597
153800	-2.281 7.532	-5.135 -2.296
153900	-2.58 7.676	-5.194 -2.547
154000	-2.623 7.845	-4.838 -2.465
154100	-2.472 8.116	-5.246 -2.626
154200	-2.501 8.318	-5.077 -2.537
154300	-2.715 8.243	-5.159 -2.459
154400	-2.798 8.372	-5.2 -2.62
154500	-2.834 8.353	-5.511 -2.694
154600	-2.722 8.225	-5.302 -2.878
154700	-2.62 7.918	-5.396 -2.837
154800	-2.553 7.94	-5.077 -2.847
154900	-2.732 7.865	-5.116 -3.02
155000	-3.027 7.69	-4.973 -2.997
155100	-2.958 7.833	-4.676 -2.992
155200	-2.86 8.313	-5.052 -3.059
155300	-2.702 8.448	-4.798 -2.789
155400	-2.447 8.676	-5.009 -2.757
155500	-2.27 8.559	-5.15 -2.528
155600	-2.254 8.833	-5.534 -2.466
155700	-2.681 8.719	-5.334 -2.388
155800	-2.38 8.505	-4.982 -2.36
155900	-2.312 8.362	-4.624 -2.308
156000	-2.02 8.548	-4.596 -2.14
156100	-1.952 8.559	-4.473 -2.157
156200	-2.332 8.611	-4.631 -2.247
156300	-2.207 9.236	-4.798 -2.36
156400	-2.155 9.251	-4.901 -2.465
156500	-2.158 9.327	-4.745 -2.131
156600	-1.81 9.134	-5.09 -1.997
156700	-2.016 9.211	-4.627 -2.21
156800	-2.176 9.668	-4.519 -2.028
156900	-2.536 9.803	-4.396 -2.471
157000	-2.516 9.805	-4.288 -2.552
157100	-2.445 9.678	-3.991 -2.384
157200	-2.486 9.484	-3.837 -2.188
157300	-2.634 9.611	-3.585 -2.521
157400	-2.269 9.821	-4.631 -2.19
157500	-1.748 9.899	-4.402 -1.862
157600	-1.68 9.837	-4.652 -1.799
157700	-1.827 9.954	-4.491 -1.81
157800	-1.8 9.777	-4.66 -1.676
157900	-1.555 10.09	-4.16 -1.564
158000	-1.086 10.3	-4.565 -1.116
158100	-1.369 10.23	-4.628 -1.165
158200	-1.393 10.45	-5.034 -1.586
158300	-1.599 10.57	-5.358 -1.332
158400	-1.389 10.74	-5.52 -1.497
158500	-1.636 10.34	-5.589 -1.741
158600	-1.779 10.67	-5.993 -1.931
158700	-1.764 10.75	-5.737 -1.961
158800	-2.108 10.31	-5.71 -1.903
158900	-2.22 10.42	-5.759 -2.133
159000	-2.516 10.74	-5.86 -2.533
159100	-2.44 10.37	-6.477 -2.528
159200	-2.467 10.18	-6.282 -2.475
159300	-2.597 10.24	-6.283 -2.236
159400	-2.445 10.15	-6.103 -2.168
159500	-2.307 10.26	-5.814 -2.181
159600	-2.068 10.4	-5.951 -2.2
159700	-2.312 10.74	-6.188 -1.998
159800	-2.287 10.69	-6.205 -2.241
159900	-1.993 11.02	-5.282 -1.621
160000	-1.732 11.02	-5.142 -1.747
160100	-1.937 11.04	-5.568 -1.915
160200	-1.507 11.09	-5.658 -1.692
160300	-1.354 11.18	-5.569 -1.414
160400	-1.433 10.69	-5.473 -1.425
160500	-1.396 10.63	-5.837 -1.274
160600	-1.454 10.52	-6.114 -1.487
160700	-1.575 10.77	-6.149 -1.461
160800	-1.551 10.62	-6.196 -1.505
160900	-1.499 10.57	-6.363 -1.535
161000	-1.367 11.07	-6.213 -1.464
161100	-1.598 11.44	-6.692 -1.75
161200	-1.671 11.72	-6.773 -1.607
161300	-1.394 11.52	-6.549 -1.462
161400	-1.823 11.88	-6.689 -1.8
161500	-2.082 11.8	-7.18 -1.992
161600	-2.083 11.75	-7.487 -2.214
161700	-1.865 12.26	-7.79 -1.83
161800	-1.873 12.17	-7.877 -2.085
161900	-1.949 12.3	-7.498 -2.13
162000	-2.032 12.39	-6.973 -1.9
162100	-2.307 12.67	-6.906 -1.701
162200	-2.112 12.51	-6.869 -1.991
162300	-1.855 12.34	-7.226 -2.218
162400	-1.721 12.18	-7.288 -2.239
162500	-1.984 12.32	-7.213 -2.319
162600	-2.166 12.19	-7.235 -2.354
162700	-2.249 11.84	-7.121 -2.259
162800	-2.263 11.93	-7.305 -2.085
162900	-1.917 12.15	-7.054 -2.177
163000	-2.004 11.91	-7.091 -1.863
163100	-1.75 12.22	-6.986 -2.129
163200	-1.991 12.07	-7.239 -2.353
163300	-2.262 12.08	-7.525 -2.457
163400	-2.36 12.02	-7.763 -2.581
163500	-2.431 12.16	-7.322 -2.515
163600	-2.307 12.56	-7.649 -2.519
163700	-2.348 13.01	-7.271 -2.478
163800	-2.459 13.11	-6.863 -2.642
163900	-2.499 13.5	-6.949 -2.484
164000	-2.582 13.72	-7.159 -2.763
164100	-2.642 13.78	-7.238 -2.864
164200	-2.756 13.9	-7.609 -2.406
164300	-2.38 13.87	-7.66 -2.366
164400	-2.213 13.95	-7.739 -2.294
164500	-2.459 14.11	-7.619 -2.23
164600	-2.83 13.77	-7.819 -2.388
164700	-2.314 13.95	-8.016 -2.639
164800	-2.533 13.7	-8.122 -2.659
164900	-2.363 13.85	-8.069 -2.674
165000	-2.637 13.71	-8.186 -2.674
165100	-2.494 13.82	-7.91 -2.501
165200	-2.557 13.94	-8.134 -2.47
165300	-2.548 13.6	-8.164 -2.423
165400	-2.463 13.94	-8.389 -2.563
165500	-2.529 14.1	-8.217 -2.435
165600	-2.369 13.66	-8.158 -2.444
165700	-2.467 13.67	-8.065 -2.561
165800	-2.605 14.01	-7.879 -2.81
165900	-2.894 14.49	-7.646 -2.929
166000	-2.694 14.35	-7.645 -2.86
166100	-2.7 14.25	-7.312 -2.728
166200	-2.934 14.46	-7.161 -2.794
166300	-2.811 14.72	-7.256 -3.248
166400	-2.842 15	-7.199 -2.819
166500	-2.6 14.85	-7.186 -2.78
166600	-3.021 14.79	-7.335 -2.646
166700	-2.616 14.72	-7.278 -2.579
166800	-2.503 14.7	-7.841 -2.937
166900	-2.799 14.65	-7.855 -3.07
167000	-3.019 14.71	-8.076 -2.836
167100	-3.267 14.98	-7.937 -2.79
167200	-3.231 14.63	-7.796 -2.968
167300	-3.207 14.38	-7.773 -3.094
167400	-3.283 14.67	-7.7 -3.143
167500	-2.906 14.4	-7.736 -3.037
167600	-2.611 14.72	-7.737 -3.205
167700	-2.702 15.17	-7.746 -2.895
167800	-2.697 15.41	-7.512 -3.021
167900	-2.694 15.18	-7.236 -2.982
168000	-2.724 15.44	-7.428 -2.885
168100	-3.077 15.72	-6.901 -3.071
168200	-2.735 15.78	-7.009 -2.765
168300	-2.637 15.55	-7.373 -2.658
168400	-2.671 15.24	-7.096 -2.334
168500	-2.405 15.48	-7.621 -2.398
168600	-2.304 15.56	-7.363 -2.346
168700	-2.239 16.06	-7.189 -2.095
168800	-2.405 15.93	-7.21 -2.267
168900	-2.517 16.11	-7.275 -2.346
169000	-2.559 16.42	-7.262 -2.256
169100	-2.697 16.81	-7.413 -2.384
169200	-2.884 16.9	-7.265 -2.59
169300	-2.775 16.34	-7.146 -2.583
169400	-2.643 16.62	-6.977 -2.494
169500	-2.254 16.86	-6.972 -2.219
169600	-2.13 16.68	-6.999 -2.117
169700	-1.616 16.93	-7.213 -1.681
169800	-1.723 17.13	-7.483 -1.625
169900	-1.489 16.75	-7.845 -1.444
170000	-1.637 17.09	-8.075 -1.202
170100	-1.329 16.9	-8.118 -1.001
170200	-0.9984 17.13	-8.232 -1.014
170300	-1.092 16.77	-8.324 -1.271
170400	-1.37 16.34	-8.091 -1.074
170500	-1.703 16.16	-7.85 -1.69
170600	-1.576 16.18	-8.304 -1.549
170700	-1.145 16.08	-8.336 -1.184
170800	-1.169 16.38	-8.169 -0.9973
170900	-1.165 16.64	-7.955 -1.219
171000	-1.499 16.72	-8.539 -1.271
171100	-1.558 16.62	-8.402 -1.288
171200	-1.589 16.48	-8.446 -1.486
171300	-1.371 16.54	-8.349 -1.298
171400	-1.24 16.28	-8.248 -1.089
171500	-1.173 16.64	-8.191 -1.061
171600	-1.102 16.64	-7.901 -1.182
171700	-0.7991 16.77	-8.125 -0.7936
171800	-1.18 17	-8.04 -1.08
171900	-1.066 16.36	-8.188 -0.9735
172000	-0.8115 16.24	-7.978 -0.9631
172100	-1.073 16.35	-7.384 -0.9191
172200	-0.9366 16.26	-7.617 -0.6246
172300	-0.9568 16.74	-7.705 -0.6905
172400	-0.6878 16.71	-7.699 -0.2328
172500	-0.5432 16.82	-7.638 -0.6609
172600	-0.6352 16.71	-7.593 -0.7731
172700	-0.4191 16.39	-7.13 -0.4633
172800	-0.471 16.74	-7.218 -0.2748
172900	-0.6403 16.66	-7.383 -0.4445
173000	-0.7843 16.55	-6.826 -0.5835
173100	-0.6214 16.63	-7.027 -0.3666
173200	-0.4699 16.5	-6.677 -0.4542
173300	-0.4189 16.88	-6.078 -0.4009
173400	-0.4136 16.88	-5.677 -0.4676
173500	-0.5482 16.84	-5.777 -0.3575
173600	-0.316 17.15	-5.573 -0.3078
173700	-0.4711 17.15	-5.554 -0.2792
173800	-0.1455 16.91	-5.649 -0.5342
173900	-0.2778 17.16	-5.513 -0.2996
174000	-0.4406 17.07	-5.759 -0.4383
174100	-0.4618 16.77	-6.15 -0.4985
174200	-0.5828 16.95	-5.998 -0.6734
174300	-0.4738 16.69	-6.198 -0.7204
174400	-0.5963 16.27	-6.115 -0.4385
174500	-0.345 15.87	-6.06 -0.2804
174600	-0.5301 15.54	-6.102 -0.3646
174700	-0.2511 15.33	-6.311 -0.3236
174800	-0.0001483 15.5	-6.856 -0.2859
174900	0.1397 15.81	-6.661 0.3029
175000	0.1349 16.1	-6.685 0.1821
175100	0.1328 16.56	-6.508 -0.2947
175200	-0.04159 16.03	-6.678 -0.4427
175300	0.09288 15.91	-6.781 -0.2038
175400	0.02074 16.06	-6.443 -0.1368
175500	-0.1716 16.07	-6.853 -0.1683
175600	-0.4621 16.26	-6.884 -0.3083
175700	-0.4734 16.47	-6.822 -0.678
175800	-0.2214 16.45	-7.043 -0.2788
175900	-0.2187 16.5	-6.835 -0.3622
176000	-0.4658 16.38	-6.983 -0.6011
176100	-0.2971 16.3	-6.86 -0.2644
176200	-0.1781 16.34	-7.054 -0.1403
176300	-0.155 16.05	-6.959 -0.3781
176400	-0.2219 15.81	-6.935 -0.09983
176500	-0.1303 15.6	-7.299 0.3345
176600	0.2726 15.66	-7.166 0.1926
176700	0.4907 15.07	-7.344 0.3763
176800	0.6522 15.06	-7.744 0.611
176900	0.5599 15.01	-7.221 0.9207
177000	0.7819 15.34	-7.142 0.7871
177100	0.7496 15.28	-6.919 0.6999
177200	1.069 15.36	-7.214 1.088
177300	1.235 15.27	-7.07 1.163
177400	1.838 15.25	-7.526 1.379
177500	1.858 15.27	-7.446 1.492
177600	1.623 15.09	-7.522 1.478
177700	1.57 14.94	-7.671 1.622
177800	1.428 14.97	-7.753 1.367
177900	1.31 15.06	-8.14 1.402
178000	1.623 15.29	-8.635 1.302
178100	1.442 15.38	-8.744 1.62
178200	1.663 15.61	-8.58 1.512
178300	1.567 15.68	-8.35 1.722
178400	1.479 15.99	-8.331 1.412
178500	1.409 16.52	-8.262 1.243
178600	1.348 17.07	-8.109 1.494
178700	1.623 16.96	-7.864 1.68
178800	1.904 16.95	-7.959 1.57
178900	1.393 16.61	-8.294 1.603
179000	1.43 16.33	-8.591 1.418
179100	1.537 16.31	-8.803 0.9601
179200	1.456 16.13	-8.646 1.11
179300	1.177 16.11	-8.701 1.144
179400	1.006 15.77	-8.64 0.9717
179500	1.394 15.77	-8.806 1.312
179600	1.609 16.29	-8.666 1.736
179700	1.635 16.77	-8.822 1.505
179800	1.379 17.03	-8.917 1.598
179900	1.368 17.49	-8.945 1.511
180000	1.537 17.48	-8.927 1.485
180100	1.99 17.57	-8.801 1.768
180200	1.982 17.67	-8.979 2.307
180300	2.048 17.18	-8.766 2.274
180400	1.803 17.02	-8.806 2.078
180500	2.199 16.74	-8.64 2.235
180600	1.568 16.57	-8.822 1.938
180700	1.485 17.17	-8.769 1.624
180800	1.656 17	-8.79 1.644
180900	1.634 17.05	-8.574 1.502
181000	1.134 17.1	-8.237 1.158
181100	1.219 16.99	-8.401 1.358
181200	1.419 16.86	-8.347 1.484
181300	1.458 16.73	-8.703 1.187
181400	1.332 16.65	-8.659 1.221
181500	1.615 16.33	-9.065 1.332
181600	1.554 16.23	-9.096 1.332
181700	1.093 16.45	-8.797 1.305
181800	1.252 16.08	-8.407 1.189
181900	1.1 16.26	-7.739 0.7069
182000	1.004 16.51	-7.199 0.8053
182100	1.466 15.99	-7.134 1.222
182200	1.285 15.98	-7.17 1.48
182300	1.36 16.38	-6.786 1.512
182400	1.579 16.05	-6.751 1.633
182500	1.567 16.12	-6.607 1.548
182600	1.215 16.22	-5.966 1.597
182700	1.443 16.26	-5.854 1.92
182800	1.471 16.6	-5.885 1.851
182900	1.192 16.81	-5.389 2.068
183000	1.777 16.63	-5.399 1.846
183100	1.984 16.64	-5.275 1.876
183200	2.248 16.6	-5.177 2.317
183300	2.564 16.87	-5.112 2.656
183400	2.669 17.02	-5.16 2.575
183500	2.794 16.83	-5.178 2.81
183600	3.239 16.72	-4.71 3.243
183700	3.504 16.98	-4.656 3.276
183800	3.792 16.79	-4.527 3.47
183900	3.894 16.54	-4.469 3.813
184000	3.843 16.21	-4.306 3.659
184100	3.767 16.22	-4.417 3.493
184200	4.193 16.27	-4.596 3.809
184300	4.383 16.05	-4.376 4.005
184400	4.387 16.12	-4.283 4.173
184500	4.159 16.17	-3.997 4.147
184600	4.122 16.71	-4.12 4.138
184700	4.2 16.52	-3.715 4.247
184800	3.95 16.17	-3.497 4.03
184900	4.055 16.54	-3.241 4.312
185000	4.404 16.66	-3.436 4.399
185100	4.366 16.53	-3.422 4.227
185200	4.493 16.63	-3.567 4.395
185300	4.186 16.54	-3.703 4.208
185400	4.124 16.47	-3.309 4.137
185500	4.106 16.31	-2.843 4.213
185600	3.832 15.88	-2.783 4.076
185700	3.89 16.07	-2.536 4.421
185800	4.432 15.89	-2.352 4.245
185900	4.519 16.08	-3.024 4.178
186000	4.633 15.93	-2.966 4.151
186100	4.321 15.59	-2.902 4.25
186200	4.299 15.48	-2.948 4.264
186300	4.204 15.35	-2.956 4.101
186400	4.569 14.95	-3 4.391
186500	4.392 14.98	-3.263 4.353
186600	4.134 14.91	-3.5 4.15
186700	4.386 14.87	-3.416 4.07
186800	4.214 14.84	-3.379 4.234
186900	4.148 14.79	-3.192 4.06
187000	4.483 15.06	-3.232 4.334
187100	4.354 14.89	-3.378 4.448
187200	4.456 15.14	-3.154 4.697
187300	4.332 15.47	-3.251 4.2
187400	4.167 15.65	-3.088 4.176
187500	4.195 15.8	-3.375 4.118
187600	4.358 16.19	-3.121 4.404
187700	4.413 15.7	-2.982 4.079
187800	4.306 15.62	-3.173 4.025
187900	4.343 15.35	-3.101 4.419
188000	4.434 15.64	-3.012 4.286
188100	4.522 15.81	-2.56 4.433
188200	4.702 15.69	-2.578 4.386
188300	4.45 15.91	-2.373 4.455
188400	4.452 15.7	-2.422 4.54
188500	4.541 15.98	-2.218 4.35
188600	4.684 15.7	-2.134 4.621
188700	4.524 16	-2.227 4.54
188800	4.654 16.24	-1.876 4.419
188900	4.547 15.8	-1.781 4.528
189000	4.838 15.82	-2.24 4.646
189100	4.631 15.84	-2.206 4.416
189200	4.693 15.74	-1.973 4.564
189300	4.889 15.85	-1.503 4.9
189400	4.614 15.97	-1.684 4.677
189500	4.697 16.14	-1.66 4.746
189600	5.108 16.36	-1.821 4.982
189700	5.271 16.38	-1.678 5.055
189800	5.405 16.23	-1.522 5.445
189900	5.203 16.46	-1.172 5.375
190000	5.571 16.66	-1.104 5.673
190100	5.491 16.47	-1.033 5.511
190200	5.393 16.31	-1.087 5.447
190300	5.458 16.37	-1.238 5.503
190400	5.255 16.07	-1.319 5.506
190500	5.074 16.18	-1.308 5.374
190600	5.289 16.13	-1.268 5.634
190700	5.503 16.03	-1.667 5.377
190800	5.514 15.94	-1.872 5.425
190900	5.776 16.36	-1.647 5.65
191000	5.881 16.5	-1.761 5.809
191100	5.747 16.32	-2.013 5.941
191200	5.975 16.33	-2.008 6.034
191300	5.781 15.71	-2.59 6.178
191400	5.873 15.45	-2.75 6.171
191500	6.132 15.48	-2.76 5.946
191600	6.373 15.8	-2.582 6.152
191700	6.296 15.83	-2.77 6.308
191800	5.742 15.92	-3.328 5.866
191900	5.773 16.25	-3.445 5.616
192000	5.816 16.03	-3.611 5.534
192100	5.807 16.18	-3.535 5.613
192200	5.725 16.54	-3.468 5.547
192300	5.534 17.17	-3.632 5.464
192400	5.441 17.34	-4 5.596
192500	5.373 17.11	-3.621 5.347
192600	5.451 17.35	-3.477 5.458
192700	5.642 17.32	-3.508 5.369
192800	5.399 17.38	-3.774 5.526
192900	5.185 17.53	-3.517 5.523
193000	5.507 17.7	-3.381 5.448
193100	5.431 17.58	-3.263 5.299
193200	5.306 17.43	-3.573 5.536
193300	5.468 17.26	-3.425 5.679
193400	5.174 17.66	-3.25 5.607
193500	5.518 17.27	-3.241 5.645
193600	5.774 16.97	-2.753 5.83
193700	5.842 17.22	-2.846 5.63
193800	5.511 17.2	-2.915 5.858
193900	5.829 17.47	-3.199 5.634
194000	5.496 16.96	-3.595 5.665
194100	5.666 16.83	-3.739 5.386
194200	5.198 16.77	-3.398 5.236
194300	5.347 16.78	-3.549 4.998
194400	5.579 16.97	-3.837 5.413
194500	5.478 17.2	-3.853 5.469
194600	5.843 17.47	-3.713 5.71
194700	5.952 17.54	-3.562 5.725
194800	5.752 17.85	-3.607 5.821
194900	5.933 17.81	-3.502 5.786
195000	5.865 17.77	-3.527 5.787
195100	5.786 17.31	-3.805 5.659
195200	5.618 17.3	-3.946 5.59
195300	5.431 17.22	-3.933 5.298
195400	5.547 17.47	-3.762 5.157
195500	5.449 18.08	-3.87 5.495
195600	5.594 18.2	-3.406 5.77
195700	5.587 18.05	-3.733 5.581
195800	5.504 17.81	-3.996 5.566
195900	5.197 17.75	-4.078 5.055
196000	5.3 17.5	-3.707 5.028
196100	5.184 17.74	-3.22 5.081
196200	5.369 17.56	-3.141 5.252
196300	5.278 17.73	-3.431 5.248
196400	5.091 18.12	-3.25 5.253
196500	5.216 17.84	-3.297 5.241
196600	5.037 17.93	-2.75 5.041
196700	5.103 18.52	-2.744 5.373
196800	5.418 18.83	-2.887 5.312
196900	5.382 18.54	-2.638 5.402
197000	5.511 18.62	-2.653 5.885
197100	5.623 18.7	-2.546 5.964
197200	5.808 18.66	-2.226 5.972
197300	5.524 18.61	-2.14 5.559
197400	5.576 19.02	-2.086 5.848
197500	5.857 18.98	-2.343 6.152
197600	5.691 19.12	-2.635 5.854
197700	5.906 19.25	-2.501 5.8
197800	5.796 19.61	-2.519 5.783
197900	5.994 19.98	-2.585 5.665
198000	5.966 19.78	-2.818 5.98
198100	6.163 19.65	-2.658 5.83
198200	5.862 19.62	-2.877 5.857
198300	5.867 19.56	-2.496 6.079
198400	6.245 19.63	-2.142 6.171
198500	6.604 19.72	-2.128 6.464
198600	6.141 19.82	-2.18 6.632
198700	6.35 20	-2.12 6.197
198800	6.516 19.75	-2.057 6.183
198900	6.278 19.69	-2.144 6.404
199000	6.294 19.63	-2.372 6.492
199100	6.461 19.85	-2.528 6.569
199200	6.47 19.71	-3.174 6.723
199300	6.827 19.92	-3.11 6.757
199400	6.616 19.97	-2.914 6.9
199500	6.796 19.83	-2.96 7.038
199600	6.824 19.86	-3 7.01
199700	6.97 19.62	-2.602 6.988
199800	6.9 19.75	-2.512 7.122
199900	6.54 19.9	-2.047 6.799
200000	6.503 19.99	-2.255 6.42
200100	6.155 19.5	-2.157 6.246
200200	6.034 19.27	-2.244 5.95
200300	5.848 18.66	-2.184 5.918
200400	5.832 18.67	-2.089 5.746
200500	5.644 18.3	-2.124 5.839
200600	5.84 18.05	-2.318 5.567
200700	5.655 17.59	-2.174 5.801
200800	5.877 17.59	-2.386 5.707
200900	5.78 17.93	-2.661 5.691
201000	5.664 17.88	-2.664 5.842
201100	6.138 17.59	-2.572 6.046
201200	5.674 17.74	-2.784 5.737
201300	6.112 17.94	-2.684 5.888
201400	5.944 17.81	-2.206 6.032
201500	6.071 17.96	-1.892 6.167
201600	5.884 18.18	-2.177 5.888
201700	5.899 18.03	-2.543 5.964
201800	5.971 18.12	-2.377 5.952
201900	6.088 18.33	-2.131 6.141
202000	6.028 18.22	-1.987 5.815
202100	5.94 18.23	-1.97 5.825
202200	5.806 18.14	-2.354 5.951
202300	5.789 18.14	-2.337 5.762
202400	5.826 18.26	-2.391 5.791
202500	6.115 18.4	-2.357 5.91
202600	6.044 18.62	-2.136 6.035
202700	6.399 18.62	-2.04 6.243
202800	6.38 18.67	-2.292 5.996
202900	6.223 18.9	-1.981 5.932
203000	5.997 18.98	-1.529 6.054
203100	6.135 19.08	-1.571 6.041
203200	6.03 18.93	-1.253 6.121
203300	5.998 19.14	-1.335 6.208
203400	6.083 19.14	-1.099 6.12
203500	6.4 19.5	-1.335 6.433
203600	6.419 19.41	-1.261 6.656
203700	6.432 19.81	-1.165 6.576
203800	6.531 19.57	-1.445 6.547
203900	6.302 19.57	-1.21 6.49
204000	6.713 19.33	-1.066 6.595
204100	6.714 19.27	-1.224 6.458
204200	6.806 19.15	-1.342 6.505
204300	6.756 18.81	-1.25 6.919
204400	7.039 18.31	-0.8929 7.345
204500	7.234 18.16	-0.9416 6.954
204600	7.42 18.16	-0.8601 7.331
204700	7.552 18.32	-0.4727 7.373
204800	7.227 18.29	-0.5071 7.566
204900	7.511 18.15	-0.61 7.668
205000	7.752 18.33	-0.6068 7.868
205100	7.887 18.68	-0.861 7.95
205200	8.143 18.55	-0.8406 8.071
205300	8.396 18.66	-0.6653 8.133
205400	8.104 18.52	-0.699 8.345
205500	8.145 18.36	-0.5078 8.406
205600	8.325 18.69	-0.5606 8.265
205700	8.034 18.93	-0.6951 7.919
205800	7.967 18.68	-0.4434 7.645
205900	7.86 18.53	-0.5311 7.753
206000	7.737 18.5	-0.8607 7.691
206100	7.809 18.27	-0.84 7.515
206200	7.5 17.82	-0.9189 7.465
206300	7.435 17.92	-1.194 7.505
206400	7.368 18.37	-0.7277 7.153
206500	7.373 18.11	-0.7153 7.184
206600	7.019 18.02	-0.8465 7.193
206700	7.377 18.11	-0.9622 7.432
206800	7.703 18.14	-0.7748 7.62
206900	8.163 18.07	-0.5848 7.902
207000	8.37 17.81	-0.5374 8.211
207100	8.605 17.99	-0.2583 8.414
207200	8.533 17.59	-0.8797 8.452
207300	8.603 17.92	-0.7441 8.706
207400	8.231 17.82	-1.043 8.402
207500	8.353 17.84	-1.24 8.259
207600	8.03 17.85	-1.285 8.252
207700	7.975 17.68	-1.003 8.191
207800	7.681 17.5	-0.7896 8.037
207900	7.546 17.06	-1.116 8.014
208000	7.927 16.61	-1.353 7.717
208100	7.652 16.91	-1.419 7.775
208200	7.771 16.97	-1.765 8.023
208300	7.866 17.03	-1.629 8.201
208400	7.851 17.48	-1.968 8.068
208500	7.735 16.99	-2.13 8.049
208600	7.608 16.91	-1.932 7.86
208700	7.782 16.81	-1.76 7.994
208800	7.845 16.59	-1.999 8.043
208900	8.18 16.42	-1.96 8.268
209000	8.388 16.11	-1.825 8.307
209100	8.701 16.17	-1.992 8.271
209200	8.571 16.3	-1.664 8.336
209300	8.338 16.19	-1.533 8.261
209400	8.553 16.2	-1.08 8.611
209500	8.354 16.27	-1.152 8.428
209600	8.45 16.83	-1.062 8.492
209700	8.728 16.71	-1.327 8.514
209800	8.718 16.38	-1.477 8.813
209900	8.682 16.21	-1.706 8.908
210000	8.934 16.24	-1.406 8.868
210100	9.137 16.39	-1.461 9.241
210200	9.047 15.89	-1.061 9.099
210300	9.4 15.98	-1.28 9.248
210400	9.538 16.02	-0.9073 9.272
210500	9.366 15.97	-1.249 9.251
210600	9.468 15.89	-1.263 9.592
210700	9.439 16.09	-1.074 9.47
210800	9.372 16.07	-1.1 9.528
210900	9.242 16.1	-1.328 9.251
211000	9.099 16.79	-1.294 9.112
211100	8.899 16.66	-1.481 8.855
211200	8.713 16.61	-1.235 8.762
211300	8.779 16.32	-0.9633 8.805
211400	8.881 16.44	-1.15 8.921
211500	8.653 16.14	-1.306 8.604
211600	8.434 15.87	-1.629 8.413
211700	8.436 16.02	-1.446 8.106
211800	8.327 16.3	-1.741 8.332
211900	8.556 15.99	-2.175 8.354
212000	8.69 16.22	-1.96 9.052
212100	8.958 15.94	-1.871 8.944
212200	9.056 15.81	-1.921 8.865
212300	9.123 15.65	-1.854 8.986
212400	9.175 15.51	-1.81 8.96
212500	9.08 15.73	-1.412 8.955
212600	8.752 16.03	-1.443 8.69
212700	8.989 16.21	-1.157 8.9
212800	9.055 16.06	-1.122 8.738
212900	8.782 16.19	-1.298 8.888
213000	9.011 16.11	-1.321 8.836
213100	9.055 15.99	-1.196 9.294
213200	9.441 16.39	-0.8922 9.044
213300	9.555 16.36	-0.9131 9.208
213400	9.6 15.79	-0.8546 9.473
213500	10.08 15.72	-0.6503 9.514
213600	9.994 15.51	-0.9702 9.808
213700	10 15.33	-0.9024 9.805
213800	9.578 15.36	-0.9292 9.608
213900	9.459 15.21	-0.9875 9.156
214000	9.201 15.02	-0.8761 9.249
214100	9.141 15.1	-1.003 8.961
214200	9.34 15	-1.396 9.125
214300	9.186 15	-1.402 9.056
214400	9.035 14.67	-1.353 9.123
214500	9.624 15.07	-0.8322 9.301
214600	9.608 15.01	-0.7742 9.439
214700	9.481 14.86	-0.6592 9.563
214800	9.572 14.75	-1.23 9.6
214900	9.298 14.59	-1.588 9.053
215000	9.334 14.52	-1.767 9.128
215100	9.147 14.65	-1.878 8.843
215200	9.208 14.72	-2.271 8.583
215300	9.033 15	-2.538 8.743
215400	9.013 14.96	-1.866 8.906
215500	8.966 15.03	-2.444 8.796
215600	9.017 15.35	-2.099 8.854
215700	8.946 15.21	-1.875 8.835
215800	8.97 14.9	-1.64 8.707
215900	8.92 14.64	-1.932 8.636
216000	8.922 14.9	-2.101 8.89
216100	8.775 14.96	-1.922 8.779
216200	9.014 15	-1.94 9.079
216300	8.85 14.96	-1.89 9.044
216400	8.965 14.87	-1.725 8.877
216500	8.87 14.92	-1.841 8.79
216600	8.816 14.99	-1.473 8.911
216700	9.145 14.89	-1.446 9.038
216800	8.934 14.95	-0.9083 8.842
216900	8.779 15.03	-1.054 8.961
217000	8.903 14.78	-0.9474 8.849
217100	8.994 14.89	-1.158 9.213
217200	9.245 14.79	-1.233 9.297
217300	9.124 15.04	-1.271 9.026
217400	9.057 15.13	-0.7049 9.133
217500	9.011 15.03	-0.4121 9.171
217600	9.04 15.33	-0.3333 9.169
217700	9.095 15.2	-0.7814 9.293
217800	9.087 14.87	-0.9506 9.367
217900	9.213 14.59	-0.8391 9.532
218000	9.056 14.68	-0.3 9.235
218100	9.262 14.85	-0.09681 9.424
218200	9.24 14.92	0.05469 9.218
218300	9.179 14.92	-0.01944 9.265
218400	9.066 14.7	-0.07366 9.199
218500	9.292 14.32	0.03661 9.242
218600	9.164 14.68	-0.006817 9.227
218700	9.017 14.72	-0.01817 8.948
218800	8.916 14.61	-0.1129 9.207
218900	8.84 14.1	-0.5239 8.919
219000	8.891 13.94	-0.4139 8.989
219100	9.192 13.72	-0.5097 9.014
219200	9.145 13.75	-0.6797 8.954
219300	9.066 13.75	-0.5019 8.989
219400	9.067 13.61	-0.6095 8.981
219500	8.959 13.83	-0.4041 9.01
219600	9.017 14.16	-0.2535 8.76
219700	8.932 13.73	-0.3068 8.828
219800	8.8 13.63	-0.355 8.83
219900	8.873 13.68	-0.5118 8.892
