from to weight
0 1 82942
0 2 96
0 4 82677
0 8 161
0 16 124
1 3 82802
1 5 81
1 9 9
1 17 50
2 3 50
2 6 46
3 7 41544
3 11 75
3 19 41233
4 5 28
4 12 82544
4 20 105
5 7 24
5 13 81
5 21 4
6 14 43
6 22 3
7 15 14777
7 23 26791
8 9 25
8 12 136
9 11 10
9 13 24
11 15 85
12 13 41268
12 14 10
12 28 41402
13 15 17634
13 29 23739
14 15 23
14 30 30
15 31 32519
16 17 44
16 20 80
17 19 93
17 21 1
19 23 41300
19 27 26
20 28 185
21 23 2
21 29 3
22 30 3
23 31 68093
27 31 26
28 29 41565
28 30 22
29 31 65307
30 31 55
