0	0 0 0 0 0	0 0 0 0 0	0 0 0 0 0	0 0 0 0 0	0 0 0 0 0
100	0.4901 0.4936 0.2167 -0.1351 0.1416	0.1454 -0.1178 0.1537 -0.294 -0.09837	-0.2414 0.09854 0.4124 0.3146 -0.06351	-0.09305 -0.1534 0.1901 -0.1366 0.03262	0.02586 0.07665 -0.1601 0.5626 -0.2734
200	0.6317 0.826 0.02395 -0.09647 0.1613	0.5946 -0.2665 -0.1368 -0.2064 -0.09558	-0.5686 0.1622 0.6316 0.6856 0.04767	-0.428 -0.5562 0.3488 -0.1995 0.0969	0.1465 -0.05762 0.03715 0.5816 -0.5697
300	0.8331 1.138 -0.2882 -0.5571 0.2034	0.5694 -0.4727 -0.5353 -0.3806 -0.1926	-0.7718 0.0141 0.6887 0.8172 0.2654	-0.7962 -0.7651 0.8547 -0.1511 0.08034	-0.03093 0.1033 0.187 0.5086 -0.7281
400	1.12 1.11 -0.5446 -0.4521 0.3569	1.132 -0.4441 -0.4913 -0.3952 -0.08221	-0.815 -0.1749 1.022 1.039 0.1762	-0.8432 -0.9291 1.075 -0.05131 0.1907	0.0305 0.2099 -0.2219 0.5317 -0.5884
500	1.195 1.377 -0.6667 -0.7206 0.471	1.709 -0.3905 -0.6726 -0.4184 -0.1061	-1.063 -0.5971 1.251 0.8001 0.2358	-0.5923 -1.066 1.487 -0.2046 0.4866	0.08808 0.03557 0.01984 0.5507 -0.6023
600	1.525 1.563 -0.8851 -0.6716 0.6201	1.897 -0.5181 -0.7656 -0.7857 0.01676	-1.254 -0.587 1.474 0.9179 0.08372	-0.6402 -1.375 1.782 -0.3386 0.3838	0.1999 0.1416 0.1849 0.8236 -0.9379
700	1.56 1.792 -1.148 -0.9231 0.9281	2.205 -0.4842 -0.9834 -0.7019 0.0581	-1.304 -0.3963 1.546 1.012 0.5181	-1.061 -1.64 2.19 -0.2517 0.3993	0.2932 0.6105 0.1179 1.002 -1.187
800	1.768 2.019 -1.258 -0.8435 1.132	2.428 -0.4905 -0.8895 -0.7369 0.06441	-1.486 -0.3282 1.571 1.41 0.3439	-1.074 -1.731 2.416 -0.4054 0.3946	0.1328 0.7436 0.1147 1.25 -1.376
900	1.683 2.217 -1.295 -0.7285 1.082	2.728 -0.7154 -0.8465 -1.042 -0.0001446	-1.561 -0.306 1.607 1.277 0.339	-1.087 -1.699 2.734 -0.5271 0.5387	0.349 0.9006 0.2172 1.203 -1.574
1000	1.637 2.245 -1.329 -0.7623 1.123	2.744 -0.7017 -0.8987 -1.008 0.05907	-1.564 -0.2797 1.649 1.234 0.3744	-1.149 -1.716 2.784 -0.525 0.5566	0.3232 0.8759 0.22 1.198 -1.594
1100	1.895 2.653 -1.521 -0.75 1.027	2.832 -0.8231 -1.073 -0.8599 -0.01155	-1.792 -0.268 1.85 1.252 0.493	-1.214 -1.799 2.913 -0.5063 0.665	0.4519 0.9116 0.3944 1.195 -1.617
1200	1.841 2.544 -1.605 -0.6195 0.8192	3.156 -0.8206 -1.247 -1.127 -0.03667	-1.815 -0.1585 1.799 1.443 0.419	-1.374 -1.944 3.329 -0.4722 0.643	0.7691 0.9497 0.2004 1.282 -1.927
1300	2.009 2.437 -1.755 -0.4716 0.9399	3.505 -0.7935 -1.241 -1.277 0.05906	-2.119 -0.2186 1.969 1.536 0.3102	-1.354 -2.043 3.345 -0.5214 0.842	0.754 0.801 0.3341 1.068 -1.732
1400	2.15 2.328 -1.984 -0.3464 1.055	3.665 -0.6788 -1.592 -1.261 -0.08739	-2.204 -0.1125 2.122 1.527 0.2231	-1.373 -2.184 3.483 -0.3891 0.7033	0.7577 0.6506 0.4097 1.106 -1.776
1500	2.211 2.463 -2.092 -0.5368 1.261	3.865 -0.6083 -1.566 -1.441 -0.2113	-2.283 0.08093 2.268 1.556 0.2581	-1.453 -2.191 3.65 -0.5706 0.7821	0.871 0.6037 0.2017 1.033 -1.67
1600	2.219 2.535 -2.227 -0.443 1.428	3.863 -0.6577 -1.58 -1.538 -0.3049	-2.277 0.2467 2.237 1.555 0.2823	-1.539 -2.351 3.677 -0.607 0.7751	0.9786 0.7695 0.1413 0.8962 -1.576
1700	2.383 2.221 -2.223 -0.5038 1.588	3.715 -0.7085 -1.408 -1.935 -0.1397	-2.443 0.1282 2.349 1.661 0.2503	-1.247 -2.526 3.87 -0.8669 0.7052	0.9097 0.9106 0.1552 1.153 -1.631
1800	2.298 2.258 -2.342 -0.6421 1.721	4.041 -0.573 -1.322 -2.175 -0.2782	-2.477 -0.04126 2.374 1.726 0.3625	-1.301 -2.54 3.765 -0.9958 0.6485	0.8359 0.9205 0.2278 1.202 -1.93
1900	2.245 2.417 -2.52 -0.5606 1.763	4 -0.6978 -1.47 -2.208 -0.2126	-2.542 -0.045 2.305 1.734 0.3102	-1.145 -2.479 3.761 -0.9781 0.8061	0.837 0.8408 0.2936 1.087 -2.086
2000	2.232 2.554 -2.512 -0.495 1.735	3.986 -0.7665 -1.317 -2.181 -0.225	-2.585 -0.1985 2.353 1.603 0.3035	-1.184 -2.548 3.947 -1.017 0.7777	0.8375 0.8585 0.2805 1.001 -2.018
2100	2.241 2.495 -2.463 -0.5701 1.726	4.012 -0.8407 -1.218 -2.345 -0.1859	-2.661 -0.207 2.283 1.468 0.208	-1.448 -2.499 3.89 -1.206 0.5478	0.7872 0.9192 0.1994 1.214 -2.25
2200	2.327 2.387 -2.584 -0.5083 1.728	3.985 -0.8441 -1.018 -2.372 -0.1925	-2.549 -0.3109 2.435 1.487 0.2371	-1.546 -2.367 4.01 -1.277 0.523	0.8658 0.9642 0.1731 1.431 -2.312
2300	2.45 2.34 -2.728 -0.5014 1.834	4.122 -0.9243 -1.088 -2.345 -0.1993	-2.704 -0.3545 2.478 1.566 0.3272	-1.55 -2.404 4.126 -1.357 0.5532	0.7923 0.902 0.1749 1.468 -2.286
2400	2.455 2.303 -2.682 -0.4844 1.713	4.21 -0.9019 -1.107 -2.389 -0.2624	-2.761 -0.3274 2.48 1.519 0.2694	-1.603 -2.521 4.237 -1.394 0.6	0.8795 0.8645 0.2224 1.462 -2.315
2500	2.492 2.056 -2.831 -0.57 1.634	4.249 -0.9011 -1.157 -2.221 -0.4979	-2.701 -0.4818 2.519 1.554 0.5224	-1.797 -2.587 4.406 -1.218 0.7969	1.088 0.7669 0.1924 1.348 -2.374
2600	2.454 2.076 -2.981 -0.443 1.564	4.197 -1.04 -1.213 -2.31 -0.6036	-2.696 -0.5561 2.476 1.586 0.6172	-1.718 -2.656 4.41 -1.208 0.7579	0.9861 0.7496 0.3722 1.232 -2.453
2700	2.462 2.111 -3.064 -0.4627 1.63	4.076 -1.194 -1.292 -2.398 -0.7469	-2.675 -0.603 2.46 1.666 0.4098	-1.525 -2.602 4.59 -1.305 0.7559	0.8932 0.8729 0.4114 1.176 -2.545
2800	2.536 2.005 -3.195 -0.4382 1.506	4.045 -1.317 -1.271 -2.402 -0.7643	-2.531 -0.5361 2.466 1.759 0.425	-1.64 -2.694 4.521 -1.364 0.7793	0.8235 0.982 0.5038 1.286 -2.621
2900	2.645 2.207 -3.291 -0.3804 1.677	4.166 -1.169 -1.228 -2.483 -0.7493	-2.64 -0.5843 2.54 1.834 0.4431	-1.569 -2.555 4.58 -1.354 0.8648	0.9485 0.9031 0.5011 1.221 -2.626
3000	2.615 2.305 -3.332 -0.3604 1.598	4.321 -1.198 -1.298 -2.617 -0.7544	-2.741 -0.6914 2.524 1.881 0.5039	-1.653 -2.426 4.556 -1.286 0.9553	0.831 0.8841 0.5069 1.028 -2.639
3100	2.443 2.184 -3.304 -0.2725 1.459	4.614 -1.176 -1.329 -2.658 -1.144	-2.751 -0.6292 2.348 2.127 0.5418	-1.627 -2.446 4.647 -1.266 0.8119	0.9685 0.9348 0.6172 1.183 -2.751
3200	2.416 2.269 -3.364 -0.2552 1.35	4.732 -1.286 -1.192 -2.648 -1.277	-2.804 -0.5074 2.448 2.056 0.4955	-1.78 -2.425 4.534 -1.253 0.8634	0.8286 0.8788 0.4994 1.15 -2.715
3300	2.284 2.022 -3.39 -0.06161 1.157	4.798 -1.405 -1.012 -2.776 -1.034	-2.736 -0.5096 2.4 2.159 0.4822	-1.601 -2.243 4.562 -1.469 0.875	0.9636 1.059 0.4765 1.013 -2.696
3400	2.422 1.949 -3.375 -0.09316 1.129	4.973 -1.398 -1.123 -2.68 -1.152	-2.683 -0.586 2.443 2.205 0.4152	-1.533 -2.113 4.53 -1.529 1.015	0.8838 1.047 0.7221 0.9826 -2.664
3500	2.432 1.988 -3.452 0.03399 1.191	4.94 -1.455 -1.089 -2.768 -1.23	-2.676 -0.599 2.497 1.953 0.317	-1.573 -2.117 4.522 -1.417 1.079	0.9982 0.9004 0.8131 0.9088 -2.766
3600	2.421 1.958 -3.535 0.1688 1.179	5.068 -1.462 -1.045 -2.643 -1.203	-2.985 -0.6857 2.49 1.977 0.4625	-1.465 -2.223 4.399 -1.62 1.052	1.215 0.7256 0.9142 0.9223 -2.899
3700	2.426 1.94 -3.525 0.1988 1.196	5.043 -1.459 -1.102 -2.665 -1.199	-2.995 -0.7217 2.494 1.95 0.5099	-1.422 -2.235 4.392 -1.635 1.023	1.189 0.6798 0.9379 0.9519 -2.889
3800	2.619 1.768 -3.689 0.2898 1.307	5.158 -1.382 -1.171 -2.6 -1.146	-2.916 -0.56 2.568 1.961 0.5932	-1.398 -2.433 4.389 -1.552 1.164	1.202 0.6496 1.044 0.8957 -2.744
3900	2.549 1.825 -3.583 0.1974 1.353	5.385 -1.334 -1.126 -2.73 -1.203	-3.097 -0.7674 2.71 2.034 0.5325	-1.556 -2.362 4.563 -1.553 1.117	1.202 0.6519 1.028 0.8404 -2.85
4000	2.642 1.952 -3.718 0.02106 1.221	5.232 -1.132 -1.261 -2.787 -1.152	-3.132 -0.6558 2.787 2.117 0.4046	-1.689 -2.399 4.552 -1.604 1.112	1.254 0.8024 1.12 0.7341 -2.998
4100	2.776 1.806 -3.861 0.1552 1.257	5.185 -1.264 -1.381 -2.768 -0.9957	-3.151 -0.6376 2.862 2.081 0.3035	-1.619 -2.614 4.874 -1.684 1.153	1.369 0.7426 1.231 0.7549 -3.006
4200	2.794 1.771 -3.853 0.1546 1.254	5.148 -1.299 -1.356 -2.774 -1.025	-3.141 -0.6251 2.872 2.094 0.2806	-1.614 -2.575 4.876 -1.695 1.144	1.342 0.7584 1.244 0.763 -3.001
4300	2.815 1.939 -3.762 0.2042 1.536	5.392 -1.419 -1.389 -2.76 -0.9746	-3.1 -0.5815 2.829 1.833 0.229	-1.657 -2.429 5 -1.671 1.123	1.319 0.789 1.165 0.9583 -2.98
4400	2.73 2.125 -3.907 0.1763 1.88	5.249 -1.633 -1.485 -2.805 -1	-3.134 -0.5849 2.851 1.954 0.1826	-1.613 -2.39 4.989 -1.598 1.058	1.119 0.9326 1.064 1.06 -2.954
4500	2.794 1.887 -4.01 0.1844 1.664	5.183 -1.67 -1.468 -2.68 -1.359	-3.119 -0.6129 2.711 1.987 0.157	-1.632 -2.355 5.15 -1.429 1.213	1.309 0.9282 0.8739 0.9777 -3.027
4600	2.807 1.856 -4.046 0.2335 1.476	5.097 -1.57 -1.439 -2.735 -1.385	-3.09 -0.6492 2.785 2.019 0.4527	-1.711 -2.293 5.177 -1.549 1.158	1.161 0.8673 0.8087 0.9618 -2.975
4700	2.814 2.079 -3.916 0.1646 1.565	4.968 -1.644 -1.458 -2.546 -1.572	-2.921 -0.6303 2.746 2.151 0.2892	-1.626 -2.308 5.245 -1.378 1.035	1.126 0.9851 1.115 1.122 -3.06
4800	2.775 2.201 -3.86 0.1823 1.665	5.134 -1.699 -1.458 -2.452 -1.601	-2.927 -0.5882 2.7 2.315 0.4225	-1.483 -2.31 5.231 -1.565 0.9805	1.057 1.129 1.114 1.107 -3.051
4900	2.738 2.182 -3.993 0.1664 1.584	5.13 -1.726 -1.347 -2.448 -1.622	-2.93 -0.6745 2.66 2.343 0.5467	-1.432 -2.426 5.087 -1.522 0.9792	1.016 1.151 1.099 1.077 -3.059
5000	2.704 2.089 -3.84 0.153 1.548	5.088 -1.918 -1.258 -2.506 -1.663	-3.029 -0.6342 2.692 2.399 0.5966	-1.388 -2.274 5.088 -1.491 0.9499	0.9303 1.379 1.128 0.9207 -3.164
5100	2.708 2.102 -3.826 0.2287 1.698	5.134 -1.876 -1.196 -2.566 -1.717	-3.014 -0.6318 2.75 2.225 0.6427	-1.367 -2.222 5.212 -1.519 0.9422	0.9135 1.33 1.21 0.9459 -3.118
5200	2.734 2.204 -3.85 0.1421 1.568	5.153 -1.875 -1.137 -2.601 -1.742	-3.046 -0.6483 2.779 2.331 0.725	-1.426 -2.251 5.106 -1.465 0.8954	0.8893 1.398 1.259 0.8441 -3.204
5300	2.708 2.197 -3.761 0.1316 1.544	5.22 -1.657 -1.08 -2.559 -1.664	-3.243 -0.7096 2.762 2.331 0.7179	-1.758 -2.257 4.96 -1.605 0.9435	0.8175 1.579 1.262 0.9119 -3.211
5400	2.654 2.22 -3.711 0.07802 1.588	5.225 -1.677 -1.134 -2.421 -1.578	-3.114 -0.7046 2.756 2.346 0.8782	-1.766 -2.205 4.952 -1.708 1.024	0.8242 1.565 1.288 0.8477 -3.194
5500	2.785 2.257 -3.707 0.1255 1.57	5.305 -1.739 -1.002 -2.408 -1.489	-3.074 -0.6301 2.742 2.43 0.8924	-1.732 -2.271 4.921 -1.679 1.126	0.9314 1.512 1.226 1.006 -3.167
5600	2.737 2.344 -3.869 0.04552 1.605	5.242 -1.696 -0.9643 -2.442 -1.388	-3.031 -0.7391 2.66 2.392 0.8104	-1.646 -2.332 4.916 -1.606 1.056	0.8932 1.336 1.296 1.059 -3.252
5700	2.601 2.276 -3.944 -0.1062 1.618	5.309 -1.78 -0.8333 -2.491 -1.301	-3.152 -0.7022 2.695 2.313 0.8328	-1.652 -2.335 4.986 -1.528 1.103	0.9747 1.24 1.139 1.037 -3.38
5800	2.652 2.256 -3.791 0.171 1.624	5.337 -1.718 -0.8361 -2.274 -1.127	-3.212 -0.6523 2.661 2.395 0.811	-1.716 -2.379 4.917 -1.536 1.098	1.019 1.235 1.22 1.118 -3.305
5900	2.68 2.264 -3.742 0.09914 1.563	5.368 -1.736 -0.8408 -2.307 -1.176	-3.246 -0.659 2.72 2.38 0.7839	-1.697 -2.402 4.912 -1.565 1.096	0.945 1.134 1.258 1.105 -3.316
6000	2.646 2.23 -3.748 0.03771 1.633	5.373 -1.689 -0.836 -2.313 -1.152	-3.228 -0.7258 2.678 2.403 0.807	-1.657 -2.337 4.942 -1.531 1.088	0.9381 1.198 1.279 1.166 -3.335
6100	2.685 2.05 -3.631 0.05386 1.952	5.085 -1.741 -0.7491 -2.381 -1.054	-3.291 -0.7298 2.731 2.519 0.7486	-1.438 -2.289 5 -1.581 1.048	1.061 1.197 1.215 1.16 -3.321
6200	2.818 2.012 -3.758 0.09117 1.965	5.132 -1.708 -0.8199 -2.412 -0.997	-3.32 -0.7641 2.856 2.431 0.7157	-1.464 -2.378 5.101 -1.61 1.003	1.049 1.263 1.274 1.166 -3.366
6300	2.904 2.056 -3.933 0.0004996 2.094	5.072 -1.884 -0.8012 -2.394 -1.01	-3.391 -0.8499 2.881 2.488 0.7472	-1.543 -2.406 5.087 -1.684 1.087	1.052 1.091 1.385 1.232 -3.428
6400	2.895 2.021 -3.88 0.08713 2.056	5.11 -1.893 -0.8024 -2.371 -0.9735	-3.409 -0.9106 2.881 2.485 0.772	-1.565 -2.42 4.989 -1.664 1.057	1.079 1.175 1.441 1.207 -3.601
6500	2.966 2.011 -3.81 0.09464 1.966	5.083 -2.001 -0.8918 -2.428 -1.029	-3.385 -0.9964 2.952 2.609 0.6654	-1.653 -2.327 5.238 -1.63 1.098	1.117 1.287 1.64 1.309 -3.738
6600	2.881 2.148 -3.575 0.2824 2.106	5.155 -1.92 -0.914 -2.494 -0.9894	-3.549 -1.028 2.951 2.79 0.6397	-1.786 -2.531 5.171 -1.75 1.26	1.016 1.278 1.715 1.331 -3.785
6700	2.889 2.131 -3.552 0.1796 2.146	5.25 -1.974 -0.8174 -2.594 -0.9837	-3.584 -1.075 2.906 2.699 0.8145	-1.891 -2.465 5.11 -1.63 1.387	1.082 1.287 1.687 1.216 -3.746
6800	2.948 2.12 -3.68 0.3821 2.133	5.402 -2.033 -0.8278 -2.7 -1.141	-3.411 -1.089 2.896 2.715 0.7973	-1.697 -2.443 5.148 -1.501 1.239	1.023 1.198 2.025 1.351 -3.824
6900	2.859 2.082 -3.574 0.3448 2.124	5.432 -1.915 -0.6494 -2.68 -1.346	-3.169 -1.105 2.918 2.733 0.8259	-1.653 -2.546 5.321 -1.498 1.286	0.8722 1.279 1.951 1.43 -3.702
7000	2.842 2.249 -3.654 0.5588 2.157	5.596 -1.975 -0.4654 -2.889 -1.341	-3.214 -1.023 2.789 2.804 0.8152	-1.699 -2.57 5.217 -1.721 1.379	0.8509 1.221 1.896 1.4 -3.501
7100	2.828 2.112 -3.603 0.5983 2.228	5.492 -1.898 -0.4458 -2.891 -1.291	-3.049 -1.094 2.77 2.892 0.8108	-1.558 -2.507 5.196 -1.702 1.32	0.9521 1.215 1.83 1.472 -3.562
7200	2.761 2.048 -3.515 0.5532 2.16	5.561 -1.808 -0.458 -2.757 -1.212	-3.006 -1.056 2.743 2.903 0.7242	-1.446 -2.656 5.145 -1.793 1.388	0.9445 1.283 1.68 1.551 -3.496
7300	2.729 2.054 -3.576 0.5806 2.246	5.39 -1.697 -0.5444 -2.671 -1.31	-3.083 -1.194 2.812 2.923 0.7542	-1.449 -2.626 5.138 -1.929 1.388	0.9433 1.234 1.497 1.503 -3.498
7400	2.796 2.007 -3.486 0.7079 2.24	5.305 -1.66 -0.6807 -2.666 -1.298	-3.054 -1.2 2.909 3.017 0.8702	-1.591 -2.711 5.15 -1.958 1.279	0.9696 1.273 1.602 1.615 -3.421
7500	2.856 2.185 -3.576 0.6686 2.392	5.478 -1.641 -0.7553 -2.699 -1.312	-3.075 -0.8916 2.859 2.93 1.022	-1.603 -2.964 5.263 -1.968 1.35	0.9219 1.339 1.506 1.685 -3.5
7600	2.68 2.078 -3.769 0.5933 2.365	5.457 -1.613 -0.4808 -2.463 -1.512	-3.322 -0.8435 2.761 2.922 1.029	-1.678 -3.148 5.269 -2.043 1.273	0.9538 1.34 1.378 1.67 -3.591
7700	2.717 1.977 -3.752 0.5528 2.349	5.532 -1.775 -0.5193 -2.318 -1.585	-3.37 -0.6481 2.849 2.789 1.112	-1.678 -2.932 5.274 -2.203 1.202	1.05 1.415 1.37 1.632 -3.651
7800	2.802 2.023 -3.859 0.7145 2.481	5.648 -1.904 -0.596 -2.462 -1.629	-3.24 -0.7432 2.832 2.949 1.288	-1.677 -2.932 5.309 -2.33 1.225	0.9232 1.361 1.548 1.598 -3.509
7900	2.767 1.934 -3.816 0.8137 2.393	5.641 -1.853 -0.575 -2.473 -1.649	-3.242 -0.774 2.825 3.055 1.362	-1.716 -2.933 5.325 -2.327 1.175	1.047 1.486 1.623 1.583 -3.548
8000	2.693 2.019 -4.031 0.8842 2.611	5.62 -1.834 -0.6971 -2.408 -1.689	-3.274 -0.7667 2.746 3.206 1.345	-1.596 -2.921 5.314 -2.306 1.093	0.8713 1.396 1.378 1.611 -3.596
8100	2.595 1.946 -4.037 0.9382 2.608	5.395 -1.898 -0.9216 -2.391 -1.784	-3.214 -0.7772 2.649 3.153 1.44	-1.596 -3.018 5.639 -2.131 0.9717	0.8041 1.367 1.398 1.489 -3.487
8200	2.615 1.978 -4.076 0.9354 2.619	5.352 -1.954 -0.9093 -2.371 -1.787	-3.198 -0.7678 2.681 3.154 1.464	-1.587 -3.034 5.63 -2.133 0.9465	0.8342 1.376 1.464 1.455 -3.477
8300	2.615 1.978 -4.076 0.9354 2.619	5.352 -1.954 -0.9093 -2.371 -1.787	-3.198 -0.7678 2.681 3.154 1.464	-1.587 -3.034 5.63 -2.133 0.9465	0.8342 1.376 1.464 1.455 -3.477
8400	2.716 1.94 -4.083 0.9494 2.681	5.323 -1.806 -0.9327 -2.287 -1.709	-3.222 -0.7127 2.734 3.242 1.34	-1.637 -2.998 5.594 -1.992 0.8776	0.8489 1.354 1.423 1.49 -3.416
8500	2.704 1.912 -4.179 1.025 2.712	5.274 -1.921 -1.014 -2.389 -1.715	-3.241 -0.7163 2.678 3.335 1.348	-1.591 -3.047 5.622 -2.078 0.8551	0.8729 1.368 1.382 1.411 -3.462
8600	2.68 2.163 -4.332 1.047 2.597	5.215 -1.935 -0.8529 -2.175 -1.705	-3.396 -0.7073 2.76 3.359 1.5	-1.608 -3.045 5.625 -2.054 1.004	0.8829 1.256 1.378 1.22 -3.329
8700	2.68 2.163 -4.332 1.047 2.597	5.215 -1.935 -0.8529 -2.175 -1.705	-3.396 -0.7073 2.76 3.359 1.5	-1.608 -3.045 5.625 -2.054 1.004	0.8829 1.256 1.378 1.22 -3.329
8800	2.709 2.379 -4.37 1.073 2.524	5.179 -1.953 -0.9545 -2.234 -1.778	-3.239 -0.6215 2.7 3.411 1.517	-1.575 -3.078 5.584 -2.049 1.022	0.8656 1.216 1.384 1.319 -3.272
8900	2.598 2.426 -4.374 1.125 2.506	5.237 -2.059 -1.114 -2.19 -1.786	-3.311 -0.6679 2.64 3.453 1.446	-1.495 -3.084 5.619 -2.036 1.115	0.8683 1.178 1.406 1.367 -3.34
9000	2.59 2.459 -4.504 1.144 2.507	5.455 -1.901 -1.102 -1.922 -2.059	-3.403 -0.7721 2.624 3.582 1.268	-1.66 -2.924 5.584 -2.168 1.007	0.6828 1.062 1.499 1.207 -3.32
9100	2.594 2.373 -4.53 1.09 2.621	5.478 -2.026 -1.1 -1.889 -2.081	-3.511 -0.8969 2.664 3.615 1.463	-1.722 -2.836 5.564 -2.218 1.043	0.5831 1.049 1.446 1.287 -3.327
9200	2.604 2.351 -4.564 1.207 2.711	5.494 -2.046 -1.237 -1.865 -2.033	-3.499 -0.8272 2.665 3.44 1.533	-1.725 -2.876 5.663 -2.222 1.19	0.6208 1.033 1.491 1.22 -3.299
9300	2.58 2.274 -4.514 1.283 2.541	5.438 -2.114 -1.134 -1.956 -2.165	-3.647 -0.9892 2.686 3.473 1.583	-1.948 -3.079 5.716 -2.391 1.071	0.6231 0.982 1.469 1.315 -3.466
9400	2.728 2.312 -4.785 1.239 2.348	5.337 -2.043 -1.19 -2.176 -2.159	-3.626 -0.8964 2.726 3.607 1.783	-1.992 -2.977 5.93 -2.349 0.9795	0.6995 0.9337 1.668 1.203 -3.596
9500	2.751 2.317 -4.862 1.265 2.54	5.39 -2.143 -1.06 -2.343 -2.255	-3.767 -0.9102 2.886 3.53 1.553	-1.987 -3.124 5.977 -2.348 1.127	0.8971 0.9367 1.617 1.103 -3.604
9600	2.769 2.355 -4.761 1.359 2.635	5.545 -2.031 -1.128 -2.346 -2.272	-3.901 -0.8764 2.882 3.754 1.509	-2.065 -3.247 5.936 -2.398 0.8149	1.02 0.9587 1.738 1.098 -3.767
9700	2.859 2.367 -4.994 1.376 2.721	5.634 -2.162 -1.101 -2.332 -2.113	-3.968 -0.8197 2.932 3.766 1.756	-2.094 -3.273 5.99 -2.329 0.8368	1.045 1.056 1.825 1.114 -3.712
9800	2.852 2.376 -5.005 1.384 2.732	5.671 -2.161 -1.093 -2.321 -2.163	-3.946 -0.8281 2.936 3.733 1.769	-2.107 -3.302 5.997 -2.355 0.7915	1.087 1.115 1.843 1.112 -3.756
9900	3.024 2.646 -5.058 1.413 2.682	5.727 -2.162 -1.073 -2.376 -2.216	-3.964 -0.6752 3.045 3.627 1.633	-2.063 -3.412 6.147 -2.364 0.7183	1.12 1.075 1.788 1.083 -3.848
10000	2.948 2.754 -5.028 1.267 2.805	5.674 -1.995 -1.099 -2.394 -2.349	-4.076 -0.6538 3.033 3.583 1.514	-2.02 -3.453 6.128 -2.369 0.8295	1.013 0.9689 1.875 0.9569 -3.869
10100	2.915 2.781 -5.011 1.217 2.861	5.673 -1.981 -1.069 -2.337 -2.42	-3.925 -0.7462 2.956 3.626 1.496	-2.097 -3.347 6.086 -2.244 0.775	1.052 1.003 1.879 1.078 -3.826
10200	2.942 2.737 -5.079 1.241 2.797	5.726 -1.98 -1.108 -2.43 -2.489	-3.985 -0.6746 2.954 3.696 1.385	-2.135 -3.266 6.179 -2.316 0.7526	1.14 0.9752 1.852 1.042 -3.78
10300	2.958 2.752 -5.062 1.278 2.804	5.736 -1.998 -1.101 -2.4 -2.513	-4.051 -0.6039 2.97 3.695 1.338	-2.208 -3.295 6.202 -2.287 0.6981	1.117 0.9164 1.814 1.059 -3.805
10400	2.898 2.853 -5.097 1.142 2.871	5.869 -2.062 -1.074 -2.363 -2.548	-4.105 -0.5814 2.907 3.64 1.356	-2.022 -3.395 6.068 -2.245 0.6284	1.196 0.9137 1.732 1.123 -3.882
10500	2.923 2.816 -5.131 1.149 2.783	5.9 -2.074 -1.229 -2.283 -2.582	-3.967 -0.6288 2.949 3.638 1.308	-1.85 -3.491 6.229 -2.189 0.6852	1.09 0.8749 1.686 1.132 -3.857
10600	3.034 3.051 -5.125 1.275 2.828	5.92 -2.099 -1.011 -2.127 -2.598	-4.144 -0.6337 3.022 3.591 1.385	-1.733 -3.611 6.127 -2.317 0.7728	1.024 0.7657 1.716 1.094 -3.735
10700	2.944 3.268 -5.312 1.276 2.582	5.893 -2.15 -1.013 -2.021 -2.508	-4.269 -0.5619 3.015 3.553 1.445	-1.683 -3.748 6.114 -2.328 0.8889	1.137 0.8826 1.78 1.009 -3.876
10800	2.95 3.279 -5.195 1.313 2.607	5.951 -2.106 -0.8744 -2.069 -2.629	-4.063 -0.5956 2.929 3.366 1.559	-1.68 -3.69 6.089 -2.415 0.874	1.146 1.067 1.789 1.108 -3.79
10900	2.955 3.241 -5.214 1.262 2.685	6.011 -2.11 -0.8494 -2.009 -2.636	-4.081 -0.6326 2.973 3.413 1.546	-1.748 -3.733 6.119 -2.366 0.8732	1.114 1.025 1.812 1.156 -3.797
11000	2.914 3.25 -5.071 1.157 2.691	5.764 -2.199 -0.6943 -2.179 -2.657	-4.214 -0.5706 2.854 3.331 1.434	-1.625 -3.882 6.018 -2.43 0.794	1.279 1.002 1.94 1.126 -4.021
11100	2.879 3.127 -5.007 1.167 2.769	5.791 -2.244 -0.6834 -2.075 -2.724	-4.304 -0.6789 2.909 3.418 1.419	-1.858 -3.705 6.178 -2.705 0.793	1.231 0.8175 1.908 1.073 -4.062
11200	2.93 3.118 -5.002 1.219 2.696	5.806 -2.278 -0.6827 -2.077 -2.773	-4.288 -0.6626 2.95 3.388 1.452	-1.834 -3.714 6.163 -2.705 0.8326	1.155 0.773 1.989 1.164 -4.003
11300	2.902 3.155 -4.997 1.11 2.608	5.648 -2.202 -0.554 -2.175 -2.704	-4.303 -0.6165 2.885 3.277 1.383	-1.744 -3.793 6.152 -2.706 0.6132	1.169 0.7173 2.02 1.17 -3.966
11400	2.841 3.22 -5.063 1.118 2.679	5.764 -2.173 -0.4397 -2.052 -2.745	-4.261 -0.6068 2.852 3.122 1.196	-1.956 -3.963 6.142 -2.685 0.6068	1.288 0.7025 1.93 1.119 -4.217
11500	2.709 3.203 -5.085 1.101 2.551	5.816 -2.023 -0.8471 -2.185 -3.062	-4.256 -0.6758 2.85 3.405 1.205	-2.082 -3.943 6.178 -2.497 0.6818	1.141 0.8397 2.015 1.027 -4.088
11600	2.727 3.137 -5.198 1.129 2.526	5.832 -2.101 -0.7717 -2.348 -3.009	-4.218 -0.6932 2.838 3.37 1.193	-2.129 -3.993 6.227 -2.464 0.6317	1.199 0.8017 1.961 0.9571 -4.072
11700	2.802 3.046 -5.272 0.9205 2.394	5.964 -2.208 -0.6398 -2.41 -3.03	-4.236 -0.7314 2.756 3.494 1.253	-2.128 -3.968 6.202 -2.537 0.5999	1.268 0.7181 1.803 0.8569 -4.135
11800	2.732 2.957 -5.24 0.9461 2.233	5.956 -2.108 -0.7908 -2.493 -3.121	-4.262 -0.7698 2.737 3.481 1.292	-2.1 -4.082 6.199 -2.508 0.7049	1.298 0.8042 1.831 0.9714 -4.187
11900	2.749 2.428 -5.335 1.125 2.19	5.701 -2.281 -0.8809 -2.51 -3.16	-4.177 -0.6409 2.869 3.417 1.04	-2.093 -4.06 6.372 -2.643 0.4838	1.085 0.9482 2.071 0.7357 -4.323
12000	2.682 2.297 -5.372 1.311 2.589	5.634 -2.314 -0.9852 -2.494 -3.176	-4.242 -0.7218 2.741 3.153 1.096	-2.037 -4.206 6.538 -2.615 0.441	1.149 0.8221 2.12 0.8014 -4.254
12100	2.667 2.34 -5.463 1.332 2.548	5.777 -2.415 -1.11 -2.408 -3.07	-4.21 -0.607 2.73 3.258 1.026	-2.097 -4.096 6.487 -2.798 0.4994	1.246 0.7937 1.938 0.8597 -4.238
12200	2.65 2.486 -5.307 1.175 2.654	5.886 -2.366 -1.19 -2.361 -2.949	-4.362 -0.6703 2.628 3.365 1.015	-2.112 -4.107 6.264 -2.721 0.6346	1.17 0.8917 1.932 0.8332 -4.151
12300	2.585 2.455 -5.352 1.135 2.571	6.015 -2.446 -1.231 -2.273 -2.853	-4.409 -0.7543 2.667 3.227 1.051	-2.046 -4.129 6.3 -2.768 0.6982	0.9997 0.8206 2.005 0.7696 -4.231
12400	2.572 2.437 -5.381 1.267 2.605	6.03 -2.426 -1.115 -2.375 -2.791	-4.357 -0.8753 2.598 3.213 1.114	-2.004 -3.987 6.386 -2.85 0.6511	1.046 0.8061 1.972 0.7624 -4.417
12500	2.557 2.461 -5.395 1.232 2.536	6.065 -2.488 -1.099 -2.401 -2.821	-4.425 -0.8462 2.647 3.234 1.174	-1.975 -4.026 6.437 -2.868 0.6029	1.021 0.854 2.065 0.7731 -4.452
12600	2.598 2.476 -5.51 1.136 2.473	6.084 -2.413 -1.213 -2.467 -2.944	-4.531 -0.8788 2.642 3.163 1.228	-2.07 -3.909 6.618 -2.789 0.6209	1.075 0.7995 2.003 0.7435 -4.499
12700	2.614 2.477 -5.566 1.04 2.422	6.171 -2.447 -1.343 -2.492 -2.966	-4.471 -0.8535 2.672 3.093 1.154	-2.038 -3.916 6.635 -2.829 0.4806	1.156 0.7293 1.888 0.8024 -4.523
12800	2.689 2.532 -5.519 1.161 2.25	6.189 -2.499 -1.3 -2.359 -3	-4.51 -0.7927 2.738 3.377 1.227	-2.096 -3.886 6.663 -2.797 0.648	1.179 0.845 1.949 0.9912 -4.609
12900	2.75 2.444 -5.503 1.13 2.246	6.111 -2.31 -1.34 -2.336 -3.027	-4.617 -0.61 2.753 3.526 1.164	-2.253 -3.768 6.564 -2.851 0.5947	1.234 0.7534 2.113 0.999 -4.596
13000	2.75 2.444 -5.503 1.13 2.246	6.111 -2.31 -1.34 -2.336 -3.027	-4.617 -0.61 2.753 3.526 1.164	-2.253 -3.768 6.564 -2.851 0.5947	1.234 0.7534 2.113 0.999 -4.596
13100	2.822 2.434 -5.556 1.216 2.239	6.05 -2.36 -1.335 -2.364 -3.125	-4.699 -0.734 2.799 3.446 1.091	-2.145 -3.69 6.707 -2.849 0.4902	1.125 0.7517 2.21 1.036 -4.633
13200	2.823 2.47 -5.548 1.194 2.226	6.083 -2.353 -1.435 -2.321 -3.154	-4.672 -0.7314 2.913 3.412 1.033	-2.1 -3.695 6.735 -2.888 0.4733	1.201 0.718 2.196 1.005 -4.683
13300	2.836 2.462 -5.596 1.233 2.281	6.124 -2.371 -1.473 -2.284 -3.13	-4.721 -0.7369 2.936 3.405 0.9889	-2.1 -3.589 6.742 -2.921 0.4242	1.243 0.695 2.121 1 -4.674
13400	2.85 2.282 -5.52 1.125 2.315	6.138 -2.404 -1.425 -2.392 -3.25	-4.773 -0.8605 2.878 3.607 1.374	-2.008 -3.662 6.981 -2.936 0.4557	1.195 0.7924 2.121 0.8358 -4.515
13500	2.82 2.218 -5.561 1.043 2.319	6.125 -2.48 -1.486 -2.282 -3.324	-4.722 -0.8353 2.809 3.656 1.357	-2.021 -3.681 6.999 -2.936 0.467	1.097 0.7325 2.108 0.7474 -4.605
13600	2.821 2.212 -5.642 1.093 2.319	5.993 -2.414 -1.451 -2.278 -3.274	-4.8 -0.8271 2.839 3.588 1.33	-2.013 -3.726 7.043 -2.917 0.4529	1.081 0.7161 2.082 0.7872 -4.644
13700	2.821 2.212 -5.642 1.093 2.319	5.993 -2.414 -1.451 -2.278 -3.274	-4.8 -0.8271 2.839 3.588 1.33	-2.013 -3.726 7.043 -2.917 0.4529	1.081 0.7161 2.082 0.7872 -4.644
13800	2.821 2.212 -5.642 1.093 2.319	5.993 -2.414 -1.451 -2.278 -3.274	-4.8 -0.8271 2.839 3.588 1.33	-2.013 -3.726 7.043 -2.917 0.4529	1.081 0.7161 2.082 0.7872 -4.644
13900	2.847 2.168 -5.713 1.047 2.377	5.896 -2.528 -1.481 -2.36 -3.293	-4.751 -0.7879 2.84 3.604 1.32	-1.976 -3.758 7.062 -2.925 0.4729	1.08 0.709 2.096 0.7732 -4.705
14000	2.966 2.333 -5.708 0.8258 2.336	5.992 -2.581 -1.575 -2.446 -3.382	-4.904 -0.885 2.813 3.473 1.178	-1.91 -3.583 7.119 -2.945 0.5058	0.9998 0.7162 2.09 0.844 -4.691
14100	2.901 2.183 -5.569 0.8794 2.499	5.914 -2.528 -1.682 -2.608 -3.351	-4.985 -0.8083 2.905 3.352 1.146	-2.079 -3.517 7.144 -2.835 0.4022	1.012 0.57 2.138 0.8064 -4.701
14200	2.77 2.12 -5.595 0.8728 2.336	6.017 -2.456 -1.733 -2.805 -3.503	-5.069 -0.7785 2.788 3.295 1.014	-2.02 -3.616 7.125 -2.703 0.2406	1.055 0.5672 2.067 0.8519 -4.586
14300	2.829 2.055 -5.738 0.9956 2.199	5.924 -2.414 -1.767 -2.652 -3.542	-5.163 -0.7309 2.926 3.133 1.145	-1.987 -3.841 7.214 -2.691 0.148	1.163 0.3694 2.109 0.7085 -4.584
14400	2.839 1.987 -5.665 1.007 2.067	5.881 -2.507 -1.776 -2.689 -3.461	-5.132 -0.7554 2.809 3.284 1.273	-2.249 -3.84 7.216 -2.776 0.2533	1.107 0.4694 2.086 0.6077 -4.62
14500	2.839 1.987 -5.665 1.007 2.067	5.881 -2.507 -1.776 -2.689 -3.461	-5.132 -0.7554 2.809 3.284 1.273	-2.249 -3.84 7.216 -2.776 0.2533	1.107 0.4694 2.086 0.6077 -4.62
14600	2.839 1.987 -5.665 1.007 2.067	5.881 -2.507 -1.776 -2.689 -3.461	-5.132 -0.7554 2.809 3.284 1.273	-2.249 -3.84 7.216 -2.776 0.2533	1.107 0.4694 2.086 0.6077 -4.62
14700	2.839 1.987 -5.665 1.007 2.067	5.881 -2.507 -1.776 -2.689 -3.461	-5.132 -0.7554 2.809 3.284 1.273	-2.249 -3.84 7.216 -2.776 0.2533	1.107 0.4694 2.086 0.6077 -4.62
14800	2.839 1.987 -5.665 1.007 2.067	5.881 -2.507 -1.776 -2.689 -3.461	-5.132 -0.7554 2.809 3.284 1.273	-2.249 -3.84 7.216 -2.776 0.2533	1.107 0.4694 2.086 0.6077 -4.62
14900	2.867 1.975 -5.647 1.021 2.093	5.904 -2.549 -1.809 -2.697 -3.458	-5.142 -0.7468 2.846 3.266 1.275	-2.207 -3.825 7.209 -2.778 0.2482	1.088 0.4689 2.142 0.5647 -4.589
15000	2.81 1.971 -5.735 0.9863 2.057	5.838 -2.607 -1.963 -2.771 -3.266	-5.245 -0.6327 2.84 3.302 1.281	-2.243 -3.912 7.192 -2.758 0.2517	1.109 0.5927 2.091 0.4873 -4.632
15100	2.775 2.167 -5.711 0.9853 2.05	5.717 -2.588 -1.818 -2.97 -3.334	-5.171 -0.5503 2.765 3.36 1.473	-2.28 -3.809 7.089 -2.911 0.3278	1.01 0.5675 2.084 0.6501 -4.712
15200	2.54 2.019 -5.698 1.098 2.108	5.721 -2.632 -1.854 -2.888 -3.055	-5.17 -0.5097 2.516 3.321 1.493	-2.422 -3.647 7.041 -2.767 0.3172	1.108 0.5544 1.976 0.5409 -4.709
15300	2.597 1.949 -5.504 1.104 2.031	5.788 -2.542 -1.921 -2.766 -2.989	-5.098 -0.4255 2.558 3.323 1.399	-2.408 -3.595 7.07 -2.83 0.2614	1.135 0.5533 2.035 0.5167 -4.715
15400	2.512 1.992 -5.49 1.045 2.038	5.772 -2.592 -1.86 -2.751 -2.975	-5.116 -0.4176 2.514 3.276 1.334	-2.425 -3.634 7.108 -2.816 0.2607	1.109 0.6233 2.048 0.5578 -4.735
15500	2.512 1.992 -5.49 1.045 2.038	5.772 -2.592 -1.86 -2.751 -2.975	-5.116 -0.4176 2.514 3.276 1.334	-2.425 -3.634 7.108 -2.816 0.2607	1.109 0.6233 2.048 0.5578 -4.735
15600	2.45 1.975 -5.448 1.018 2.095	5.768 -2.664 -1.791 -2.691 -2.952	-5.113 -0.4997 2.555 3.313 1.311	-2.302 -3.657 7.154 -2.83 0.265	1.192 0.6206 2.052 0.6076 -4.809
15700	2.482 1.831 -5.473 0.8331 2.076	5.833 -2.674 -1.653 -2.679 -2.819	-5.044 -0.3732 2.555 3.321 1.162	-2.48 -3.728 7.086 -2.791 0.04812	1.189 0.7515 2.136 0.4673 -4.799
15800	2.645 1.937 -5.528 0.7146 2.185	5.848 -2.444 -1.624 -2.617 -2.707	-5.044 -0.4503 2.617 3.574 1.311	-2.329 -3.684 6.852 -2.637 0.1571	1.176 0.7449 2.029 0.4655 -4.758
15900	2.664 1.916 -5.706 0.718 2.269	5.996 -2.316 -1.632 -2.768 -2.583	-5.066 -0.3696 2.701 3.515 1.31	-2.372 -3.593 6.973 -2.603 0.05548	1.162 0.7226 2.177 0.3391 -4.834
16000	2.616 2.034 -5.637 0.726 2.188	5.873 -2.16 -1.646 -2.92 -2.541	-4.975 -0.4036 2.51 3.616 1.141	-2.469 -3.687 6.954 -2.534 -0.0008119	1.236 0.745 2.195 0.4061 -4.766
16100	2.443 2.099 -5.636 0.7178 2.172	5.804 -2.229 -1.598 -2.982 -2.557	-4.924 -0.5315 2.421 3.594 1.201	-2.726 -3.556 7.027 -2.564 0.1366	1.102 0.6706 2.094 0.284 -4.818
16200	2.402 2.072 -5.644 0.6763 2.177	5.824 -2.147 -1.643 -3.078 -2.538	-4.849 -0.4707 2.388 3.536 1.064	-2.804 -3.678 7.076 -2.721 0.1257	1.178 0.7257 2.157 0.236 -4.882
16300	2.476 2.135 -5.693 0.7217 2.129	5.677 -2.106 -1.633 -3.053 -2.494	-4.832 -0.4474 2.48 3.473 1.011	-2.93 -3.701 6.926 -2.759 0.1425	1.236 0.6455 2.166 0.2223 -4.813
16400	2.417 2.257 -5.695 0.6116 2.052	5.692 -2.183 -1.686 -3.124 -2.481	-4.759 -0.3132 2.447 3.454 1.129	-2.855 -3.617 6.912 -2.813 0.1005	1.177 0.6502 2.13 0.09073 -4.732
16500	2.412 2.426 -5.8 0.5871 1.991	5.584 -1.973 -1.816 -3.021 -2.32	-4.91 -0.3862 2.461 3.731 1.218	-2.76 -3.659 6.906 -2.791 0.07939	1.001 0.7235 2.051 -0.03831 -4.701
16600	2.337 2.451 -5.604 0.574 1.681	5.519 -2.132 -1.974 -3.068 -2.212	-4.85 -0.3732 2.317 3.678 1.133	-2.768 -3.534 6.778 -2.648 0.2058	0.9012 0.7784 2.077 -0.07127 -4.705
16700	2.241 2.456 -5.563 0.6297 1.553	5.638 -2.14 -2.039 -3.121 -2.366	-4.949 -0.1456 2.23 3.805 1.258	-2.688 -3.658 6.751 -2.647 0.155	0.9345 0.8761 1.988 0.03705 -4.766
16800	2.215 2.452 -5.513 0.6152 1.59	5.387 -2.087 -2.078 -3.002 -2.419	-4.876 -0.1243 2.199 3.796 1.311	-2.735 -3.595 6.852 -2.694 0.1441	0.9114 0.9322 1.935 -0.1501 -4.672
16900	2.149 2.388 -5.571 0.5286 1.611	5.359 -2.003 -2.05 -2.954 -2.422	-4.843 -0.1262 2.185 3.882 1.375	-2.776 -3.651 6.872 -2.677 0.1393	0.8937 0.9283 1.888 -0.09906 -4.654
17000	2.32 2.239 -5.694 0.4778 1.638	5.632 -2.13 -2.01 -2.896 -2.374	-4.827 -0.4237 2.34 3.647 1.422	-2.639 -3.502 7.015 -2.51 -0.1285	1.037 0.7051 2.017 -0.26 -4.679
17100	2.43 2.238 -5.66 0.2793 1.706	5.504 -2.209 -1.833 -3.079 -2.407	-4.792 -0.4591 2.454 3.782 1.383	-2.726 -3.572 7.067 -2.522 -0.3321	0.8901 0.6281 2.004 -0.2524 -4.508
17200	2.539 2.179 -5.641 0.3482 1.751	5.502 -2.133 -1.839 -3.354 -2.27	-4.855 -0.4906 2.484 3.649 1.28	-2.817 -3.61 7.219 -2.805 -0.565	0.8423 0.8127 1.999 -0.2016 -4.441
17300	2.513 2.186 -5.675 0.4126 1.779	5.565 -2.207 -1.87 -3.352 -2.247	-4.856 -0.4438 2.591 3.597 1.258	-2.822 -3.59 7.282 -2.796 -0.6351	0.8175 0.7669 1.976 -0.211 -4.394
17400	2.493 2.231 -5.695 0.3869 1.731	5.586 -2.174 -1.888 -3.392 -2.214	-4.87 -0.4229 2.562 3.57 1.235	-2.835 -3.595 7.23 -2.787 -0.6214	0.8413 0.7691 2.022 -0.2108 -4.407
17500	2.493 2.231 -5.695 0.3869 1.731	5.586 -2.174 -1.888 -3.392 -2.214	-4.87 -0.4229 2.562 3.57 1.235	-2.835 -3.595 7.23 -2.787 -0.6214	0.8413 0.7691 2.022 -0.2108 -4.407
17600	2.493 2.231 -5.695 0.3869 1.731	5.586 -2.174 -1.888 -3.392 -2.214	-4.87 -0.4229 2.562 3.57 1.235	-2.835 -3.595 7.23 -2.787 -0.6214	0.8413 0.7691 2.022 -0.2108 -4.407
17700	2.493 2.231 -5.695 0.3869 1.731	5.586 -2.174 -1.888 -3.392 -2.214	-4.87 -0.4229 2.562 3.57 1.235	-2.835 -3.595 7.23 -2.787 -0.6214	0.8413 0.7691 2.022 -0.2108 -4.407
17800	2.493 2.231 -5.695 0.3869 1.731	5.586 -2.174 -1.888 -3.392 -2.214	-4.87 -0.4229 2.562 3.57 1.235	-2.835 -3.595 7.23 -2.787 -0.6214	0.8413 0.7691 2.022 -0.2108 -4.407
17900	2.615 2.235 -5.572 0.5293 1.657	5.571 -2.038 -1.857 -3.394 -2.32	-4.667 -0.5572 2.576 3.592 1.424	-2.804 -3.41 7.292 -2.66 -0.6088	0.8482 0.9975 2.112 -0.1372 -4.385
18000	2.761 2.207 -5.575 0.4919 1.749	5.628 -1.876 -1.834 -3.406 -2.336	-4.541 -0.6329 2.754 3.512 1.577	-2.768 -3.237 7.27 -2.711 -0.7052	0.9263 0.9034 2.298 -0.08963 -4.303
18100	2.739 2.344 -5.387 0.3501 1.956	5.592 -1.837 -1.762 -3.389 -2.408	-4.544 -0.5528 2.759 3.505 1.608	-2.655 -3.277 7.261 -2.659 -0.8622	0.9621 0.9528 2.448 -0.2571 -4.502
18200	2.701 2.289 -5.261 0.3568 1.974	5.517 -1.931 -1.823 -3.407 -2.351	-4.511 -0.6217 2.74 3.607 1.48	-2.537 -3.261 7.243 -2.657 -0.9358	0.8579 0.9264 2.271 -0.2278 -4.368
18300	2.681 2.253 -5.302 0.3473 1.906	5.493 -1.912 -1.821 -3.418 -2.295	-4.381 -0.6873 2.761 3.545 1.659	-2.45 -3.288 7.198 -2.723 -0.989	0.9384 1.042 2.226 -0.2448 -4.33
18400	2.741 2.263 -5.52 0.4346 1.94	5.495 -1.937 -1.924 -3.505 -2.258	-4.377 -0.7635 2.694 3.637 1.703	-2.389 -3.266 7.239 -2.769 -1.048	0.9555 1.028 2.129 -0.1052 -4.366
18500	2.649 2.303 -5.488 0.4288 1.737	5.5 -1.901 -1.95 -3.53 -2.078	-4.361 -0.739 2.7 3.812 1.762	-2.364 -3.367 7.283 -2.753 -0.9897	0.8842 1.081 2.043 -0.1259 -4.364
18600	2.663 2.481 -5.663 0.598 1.723	5.614 -2.009 -1.984 -3.661 -2.103	-4.295 -0.68 2.621 3.928 1.664	-2.366 -3.371 7.215 -2.842 -1.04	0.8246 1.148 1.956 -0.1275 -4.336
18700	2.719 2.523 -5.68 0.5102 1.684	5.536 -2.067 -1.882 -3.797 -2.034	-4.36 -0.5018 2.684 4.069 1.618	-2.1 -3.347 7.165 -2.739 -1.066	0.9608 1.219 2.035 -0.1851 -4.408
18800	2.747 2.482 -5.676 0.559 1.687	5.559 -2.067 -1.872 -3.776 -2.043	-4.356 -0.4795 2.694 4.077 1.612	-2.103 -3.368 7.19 -2.729 -1.02	0.9476 1.228 2.058 -0.2308 -4.369
18900	2.763 2.36 -5.646 0.4781 1.699	5.564 -2.05 -1.783 -3.821 -2.086	-4.395 -0.583 2.759 4.175 1.659	-2.133 -3.309 7.288 -2.723 -1.003	0.9607 1.154 2.035 -0.2019 -4.327
19000	2.821 2.324 -5.564 0.4208 1.624	5.58 -1.962 -1.672 -3.637 -1.923	-4.267 -0.6288 2.812 4.222 1.635	-2.127 -3.429 7.283 -2.634 -1.018	0.8696 1.316 2.154 -0.1159 -4.125
19100	2.909 2.281 -5.549 0.1592 1.528	5.746 -1.917 -2.015 -3.347 -1.784	-4.402 -0.4859 2.921 4.154 1.614	-1.991 -3.346 7.259 -2.689 -1.226	0.856 1 2.107 -0.1563 -4.151
19200	2.932 2.242 -5.666 0.2415 1.655	5.712 -1.93 -2.017 -3.218 -1.779	-4.317 -0.6296 2.891 4.166 1.673	-2.079 -3.396 7.296 -2.853 -1.149	0.8373 1.016 1.973 -0.1941 -4.11
19300	2.915 2.219 -5.702 0.3073 1.652	5.687 -1.849 -1.962 -3.116 -1.862	-4.452 -0.7107 2.93 4.055 1.642	-2.08 -3.329 7.066 -2.923 -1.253	0.8715 0.9524 2.127 -0.3003 -4.074
19400	2.942 2.397 -5.379 0.165 1.442	5.333 -1.658 -2.135 -3.296 -1.712	-4.462 -0.7484 3.026 3.955 1.544	-2.092 -3.194 6.968 -2.755 -1.131	0.8886 0.9813 2.022 -0.1683 -4.16
19500	3.075 2.393 -5.316 0.08434 1.321	5.349 -1.633 -2.1 -3.314 -1.785	-4.45 -0.7541 3.017 3.826 1.39	-2.077 -3.194 7.005 -2.854 -1.098	0.9036 1.01 1.806 -0.03429 -4.076
19600	2.985 2.508 -5.384 0.01904 1.214	5.427 -1.821 -2.057 -3.282 -1.727	-4.475 -0.6688 2.92 3.653 1.369	-1.83 -3.162 7.041 -2.529 -1.05	0.9783 0.9757 1.92 -0.05454 -4.254
19700	2.995 2.592 -5.373 -0.02387 1.141	5.419 -1.825 -2.123 -3.309 -1.762	-4.416 -0.6166 2.868 3.705 1.272	-1.832 -3.147 7.205 -2.508 -1.099	1.004 1.026 1.874 -0.07125 -4.248
19800	2.883 2.701 -5.375 0.002537 1.045	5.427 -1.835 -2.155 -3.221 -1.835	-4.524 -0.619 2.88 3.638 1.298	-1.894 -3.103 7.184 -2.42 -1.076	1 1.005 1.889 -0.1135 -4.217
19900	2.889 2.546 -5.405 0.06317 1.152	5.402 -1.861 -2.059 -3.181 -1.834	-4.476 -0.5821 2.839 3.676 1.305	-1.855 -3.024 7.141 -2.377 -1.087	1.015 0.9864 1.83 -0.03211 -4.298
20000	2.82 2.731 -5.432 0.02652 1.131	5.309 -1.874 -2.18 -3.102 -1.771	-4.501 -0.5369 2.824 3.604 1.394	-1.789 -3.018 7.067 -2.338 -1.008	0.9403 1.065 1.732 -0.05941 -4.127
20100	2.867 2.823 -5.391 0.1054 1.105	5.3 -1.978 -2.256 -3.014 -1.786	-4.489 -0.4968 2.735 3.659 1.375	-1.851 -2.993 6.974 -2.334 -0.9577	0.8947 1.13 1.814 -0.133 -4.15
20200	2.681 2.843 -5.241 0.04232 1.174	5.293 -2.084 -2.108 -2.939 -1.909	-4.517 -0.4552 2.721 3.667 1.408	-1.833 -3 6.93 -2.223 -0.9523	0.9122 1.046 1.859 -0.1001 -4.178
20300	2.783 2.796 -5.264 0.07594 1.217	5.343 -2.131 -2.151 -2.807 -1.861	-4.507 -0.3315 2.805 3.734 1.424	-1.827 -3.005 6.917 -2.195 -0.8788	0.9033 1.085 1.872 -0.07133 -4.168
20400	2.672 2.683 -5.284 0.05176 1.159	5.166 -2.065 -2.104 -2.697 -1.905	-4.464 -0.1813 2.657 3.761 1.433	-1.951 -3.139 7.036 -2.093 -0.7567	0.8625 1.219 1.916 -0.06436 -4.167
20500	2.61 2.769 -5.338 0.141 1.249	5.189 -2.188 -2.165 -2.793 -1.912	-4.563 -0.2554 2.643 3.908 1.477	-1.923 -3.173 7.152 -1.906 -0.8296	0.8358 1.348 1.957 -0.1263 -4.171
20600	2.693 2.587 -5.334 0.1979 1.158	5.169 -2.278 -2.334 -2.621 -1.843	-4.586 -0.2325 2.673 4.07 1.485	-1.984 -3.177 7.21 -1.95 -0.8128	0.8799 1.311 1.914 -0.05958 -4.12
20700	2.693 2.587 -5.334 0.1979 1.158	5.169 -2.278 -2.334 -2.621 -1.843	-4.586 -0.2325 2.673 4.07 1.485	-1.984 -3.177 7.21 -1.95 -0.8128	0.8799 1.311 1.914 -0.05958 -4.12
20800	2.685 2.563 -5.346 0.2515 1.163	5.165 -2.269 -2.319 -2.653 -1.851	-4.533 -0.2035 2.664 4.028 1.476	-2.034 -3.177 7.193 -1.96 -0.8113	0.8384 1.317 1.908 -0.02763 -4.14
20900	2.685 2.563 -5.346 0.2515 1.163	5.165 -2.269 -2.319 -2.653 -1.851	-4.533 -0.2035 2.664 4.028 1.476	-2.034 -3.177 7.193 -1.96 -0.8113	0.8384 1.317 1.908 -0.02763 -4.14
21000	2.681 2.576 -5.373 0.2776 1.121	5.174 -2.35 -2.31 -2.672 -1.889	-4.541 -0.1699 2.711 4.036 1.487	-2.021 -3.208 7.165 -1.959 -0.7911	0.8579 1.317 1.92 -0.06315 -4.129
21100	2.767 2.374 -5.416 0.2159 0.9057	5.157 -2.415 -2.268 -2.635 -1.803	-4.611 -0.162 2.746 3.943 1.473	-2.037 -3.339 7.17 -1.791 -0.7954	0.783 1.421 1.938 -0.2315 -4.16
21200	2.757 2.603 -5.483 0.1634 0.8395	5.025 -2.473 -2.306 -2.604 -1.866	-4.405 -0.1381 2.769 4.041 1.392	-2.108 -3.359 7.083 -1.761 -0.948	0.8123 1.491 1.94 -0.2162 -4.173
21300	2.813 2.569 -5.447 0.2429 0.759	5.173 -2.446 -2.239 -2.597 -1.908	-4.411 -0.04262 2.82 3.879 1.365	-2.104 -3.361 7.01 -1.881 -0.9595	0.7766 1.524 1.855 -0.2196 -3.968
21400	2.813 2.569 -5.447 0.2429 0.759	5.173 -2.446 -2.239 -2.597 -1.908	-4.411 -0.04262 2.82 3.879 1.365	-2.104 -3.361 7.01 -1.881 -0.9595	0.7766 1.524 1.855 -0.2196 -3.968
21500	2.813 2.569 -5.447 0.2429 0.759	5.173 -2.446 -2.239 -2.597 -1.908	-4.411 -0.04262 2.82 3.879 1.365	-2.104 -3.361 7.01 -1.881 -0.9595	0.7766 1.524 1.855 -0.2196 -3.968
21600	2.891 2.53 -5.535 0.2018 0.6965	5.146 -2.585 -2.382 -2.639 -1.823	-4.36 -0.08517 2.762 3.922 1.481	-2.1 -3.211 7.011 -1.79 -0.972	0.7058 1.528 1.947 -0.3002 -4.04
21700	2.932 2.443 -5.382 0.2513 0.6246	5.261 -2.423 -2.553 -2.715 -1.655	-4.427 -0.01978 2.805 4.037 1.689	-2.199 -3.054 7.044 -1.772 -0.8537	0.6999 1.681 2.208 -0.3819 -4.02
21800	2.705 2.568 -5.229 0.3234 0.6894	5.125 -2.185 -2.652 -2.474 -1.845	-4.542 0.04676 2.789 3.935 1.54	-2.519 -3.235 6.784 -1.751 -0.7893	0.633 1.692 2.056 -0.2817 -4.157
21900	2.72 2.281 -5.194 0.3136 0.6131	5.263 -2.065 -2.729 -2.408 -2.066	-4.597 0.04593 2.698 4.028 1.524	-2.505 -3.106 6.686 -1.785 -0.6739	0.6506 1.74 2.428 -0.3336 -4.268
22000	2.734 2.168 -5.328 0.1581 0.5633	5.325 -2.02 -2.852 -2.468 -1.977	-4.563 -0.074 2.762 3.833 1.533	-2.549 -3.124 6.731 -1.806 -0.7937	0.489 1.948 2.402 -0.3063 -4.224
22100	2.907 2.259 -5.161 0.3181 0.7434	5.497 -2.059 -2.778 -2.518 -1.899	-4.563 -0.1657 2.894 3.93 1.538	-2.538 -3.058 6.578 -2.118 -0.8709	0.4588 1.963 2.554 -0.3319 -4.271
22200	2.911 2.173 -5.216 0.2244 0.6659	5.36 -2.024 -2.957 -2.535 -1.952	-4.594 -0.2095 2.949 3.897 1.571	-2.343 -3.006 6.527 -1.917 -0.8996	0.5619 1.733 2.452 -0.317 -4.265
22300	2.9 2.212 -5.293 0.2014 0.6821	5.401 -1.918 -3.016 -2.419 -1.892	-4.539 -0.2308 2.899 3.845 1.602	-2.32 -2.879 6.448 -1.925 -0.9226	0.602 1.72 2.349 -0.37 -4.166
22400	2.898 1.937 -5.243 0.3252 0.7536	5.385 -2.054 -2.837 -2.484 -1.898	-4.616 -0.2201 2.919 4.011 1.553	-2.215 -2.67 6.495 -1.85 -1.077	0.6781 1.671 2.248 -0.3724 -4.074
22500	2.908 2.042 -5.237 0.2355 0.7523	5.428 -2.117 -2.722 -2.482 -1.987	-4.707 -0.2146 2.913 4.011 1.459	-2.175 -2.55 6.442 -1.614 -1.088	0.553 1.665 2.226 -0.2799 -4.086
22600	3.064 2.149 -5.204 0.3156 0.8312	5.412 -2.297 -2.557 -2.515 -2.02	-4.753 -0.09761 3.005 3.86 1.532	-2.24 -2.762 6.573 -1.62 -1.045	0.5074 1.609 2.509 -0.2354 -4.173
22700	3.071 2.1 -5.067 0.415 0.854	5.608 -2.317 -2.644 -2.467 -2.191	-4.855 -0.2757 3.096 3.934 1.432	-2.212 -2.704 6.396 -1.641 -0.9055	0.4217 1.561 2.565 0.0336 -4.144
22800	3.248 2.257 -5.087 0.4559 0.9971	5.849 -2.395 -2.334 -2.385 -2.142	-5.051 -0.1729 3.208 3.616 1.345	-2.451 -2.487 6.261 -1.629 -0.793	0.4338 1.62 2.633 0.09113 -4.052
22900	3.261 2.189 -5.072 0.4665 0.995	5.816 -2.438 -2.324 -2.327 -2.191	-5.075 -0.1633 3.199 3.645 1.355	-2.434 -2.461 6.251 -1.731 -0.9017	0.3826 1.579 2.653 0.07412 -4.004
23000	3.197 2.283 -5.036 0.4862 0.9371	5.785 -2.412 -2.357 -2.271 -2.171	-5.106 -0.1843 3.196 3.629 1.359	-2.455 -2.444 6.229 -1.734 -0.8824	0.3377 1.581 2.728 0.06216 -4.048
23100	3.187 2.243 -5.075 0.5008 0.9342	5.803 -2.416 -2.353 -2.254 -2.147	-5.072 -0.2224 3.206 3.591 1.276	-2.469 -2.448 6.265 -1.732 -0.9097	0.318 1.595 2.707 0.08439 -4.075
23200	3.216 2.215 -5.001 0.4573 0.9359	5.839 -2.388 -2.354 -2.271 -2.13	-4.99 -0.2156 3.204 3.53 1.31	-2.436 -2.388 6.271 -1.674 -0.9086	0.3366 1.573 2.694 0.09817 -4.068
23300	3.254 2.237 -4.99 0.5105 1.044	5.869 -2.305 -2.422 -2.168 -2.162	-5.094 -0.2588 3.29 3.474 1.275	-2.267 -2.343 6.362 -1.632 -0.9031	0.4027 1.603 2.671 0.09453 -4.083
23400	3.223 2.363 -4.869 0.7179 0.979	6.094 -2.375 -2.41 -1.987 -2.129	-5.252 -0.04863 3.235 3.361 1.295	-2.189 -2.342 6.126 -1.58 -1.044	0.3496 1.566 2.695 0.1103 -3.85
23500	3.229 2.374 -4.777 0.7078 0.9165	6.215 -2.385 -2.467 -2.087 -2.138	-5.295 0.01837 3.299 3.465 1.264	-2.149 -2.35 5.986 -1.691 -1.017	0.3105 1.598 2.598 0.1939 -3.81
23600	3.247 2.382 -4.747 0.7257 0.9191	6.227 -2.435 -2.453 -2.158 -2.114	-5.306 0.002606 3.303 3.479 1.259	-2.145 -2.332 5.984 -1.717 -1.021	0.3408 1.609 2.621 0.1736 -3.822
23700	3.247 2.382 -4.747 0.7257 0.9191	6.227 -2.435 -2.453 -2.158 -2.114	-5.306 0.002606 3.303 3.479 1.259	-2.145 -2.332 5.984 -1.717 -1.021	0.3408 1.609 2.621 0.1736 -3.822
23800	3.253 2.36 -4.836 0.7916 0.9559	6.276 -2.442 -2.534 -2.203 -2.077	-5.337 0.02419 3.301 3.405 1.232	-2.176 -2.428 6.019 -1.794 -1.091	0.2698 1.568 2.551 0.1942 -3.701
23900	3.27 2.394 -4.83 0.7073 1.043	6.293 -2.429 -2.497 -2.185 -2.112	-5.394 0.05319 3.349 3.342 1.167	-2.191 -2.434 5.964 -1.782 -1.06	0.2833 1.562 2.545 0.09736 -3.687
24000	3.322 2.445 -4.927 0.7342 0.9823	6.18 -2.338 -2.499 -2.279 -2.088	-5.47 0.1063 3.326 3.441 1.2	-2.298 -2.187 6.003 -1.648 -1.123	0.2392 1.349 2.36 0.1408 -3.458
24100	3.252 2.581 -5.239 0.7786 0.9869	6.403 -2.57 -2.404 -2.333 -2.164	-5.33 0.09671 3.294 3.613 1.036	-2.224 -2.319 5.922 -1.515 -1.081	0.232 1.374 2.254 -0.01915 -3.287
24200	3.292 2.661 -5.213 0.6391 0.9185	6.317 -2.528 -2.402 -2.317 -2.24	-5.216 0.09161 3.38 3.498 1.017	-2.142 -2.28 5.862 -1.544 -1.041	0.1999 1.434 2.23 -0.06226 -3.402
24300	3.292 2.661 -5.213 0.6391 0.9185	6.317 -2.528 -2.402 -2.317 -2.24	-5.216 0.09161 3.38 3.498 1.017	-2.142 -2.28 5.862 -1.544 -1.041	0.1999 1.434 2.23 -0.06226 -3.402
24400	3.294 2.661 -5.215 0.6551 0.9128	6.388 -2.479 -2.4 -2.374 -2.3	-5.192 0.02537 3.333 3.564 1.094	-2.146 -2.257 5.9 -1.566 -1.112	0.1826 1.443 2.251 -0.1021 -3.419
24500	3.283 2.644 -5.202 0.6625 0.9173	6.396 -2.491 -2.397 -2.372 -2.334	-5.196 0.04056 3.305 3.568 1.117	-2.112 -2.246 5.893 -1.536 -1.122	0.2147 1.44 2.264 -0.1176 -3.433
24600	3.28 2.615 -5.115 0.5975 0.9044	6.378 -2.549 -2.414 -2.368 -2.319	-5.154 0.01731 3.34 3.528 1.135	-2.102 -2.15 5.865 -1.526 -1.116	0.1454 1.465 2.3 -0.1144 -3.354
24700	3.22 2.649 -5.05 0.5356 0.8448	6.324 -2.533 -2.276 -2.376 -2.409	-5.065 0.1271 3.261 3.518 1.122	-2.143 -2.209 5.76 -1.627 -1.132	0.1194 1.493 2.484 -0.3544 -3.37
24800	3.295 2.752 -5.176 0.4148 0.8303	6.423 -2.724 -2.314 -2.411 -2.374	-4.973 0.07904 3.27 3.399 1.13	-2.111 -2.233 5.811 -1.523 -1.135	0.1942 1.538 2.421 -0.4201 -3.368
24900	3.242 2.787 -5.148 0.4401 0.8419	6.402 -2.833 -2.286 -2.362 -2.344	-4.966 0.07195 3.319 3.362 1.109	-2.076 -2.203 5.829 -1.483 -1.128	0.1454 1.442 2.462 -0.3563 -3.402
25000	3.018 2.805 -5.137 0.5618 0.855	6.292 -3.035 -2.436 -2.296 -2.178	-4.918 0.08988 3.169 3.125 1.126	-2.276 -1.976 6.024 -1.659 -1.138	0.02205 1.585 2.425 -0.4473 -3.323
25100	3.134 2.766 -5.402 0.5729 0.8103	6.354 -3.033 -2.536 -2.1 -2.166	-5.1 0.1072 3.087 3.234 1.053	-2.312 -2.022 5.887 -1.764 -1.157	0.01085 1.573 2.321 -0.6443 -3.383
25200	3.134 2.765 -5.454 0.5768 0.8892	6.381 -3.031 -2.445 -2.182 -2.166	-5.08 0.0729 3.092 3.297 1.151	-2.298 -1.939 5.992 -1.784 -1.139	0.02926 1.5 2.421 -0.6475 -3.383
25300	3.196 2.788 -5.334 0.5042 0.8926	6.391 -2.891 -2.508 -2.284 -2.109	-5.078 -0.01564 3.167 3.295 1.242	-2.406 -1.977 5.953 -1.91 -1.109	0.09259 1.488 2.296 -0.7612 -3.392
25400	3.231 2.767 -5.351 0.4778 0.7975	6.319 -2.804 -2.501 -2.285 -2.05	-5.02 0.0986 3.164 3.26 1.01	-2.496 -2.067 5.948 -1.806 -1.088	0.01602 1.432 2.399 -0.8232 -3.21
25500	3.262 2.819 -5.345 0.4664 0.827	6.307 -2.78 -2.545 -2.232 -2.085	-4.978 0.1679 3.193 3.221 0.9335	-2.479 -2.003 5.871 -1.86 -1.098	0.04753 1.42 2.425 -0.8273 -3.172
25600	3.295 2.983 -5.302 0.573 0.8849	6.335 -2.934 -2.625 -2.269 -2.176	-5.104 0.309 3.244 3.261 0.991	-2.42 -2.117 5.859 -1.916 -1.09	0.08765 1.5 2.433 -0.7783 -3.205
25700	3.209 3.031 -5.258 0.6136 0.9405	6.312 -2.925 -2.552 -2.259 -2.182	-5.064 0.326 3.185 3.233 0.9305	-2.453 -2.13 5.83 -1.921 -1.128	0.01105 1.529 2.407 -0.7302 -3.227
25800	3.191 3.079 -5.316 0.5936 0.9297	6.33 -2.867 -2.705 -2.207 -2.164	-5.015 0.3307 3.227 3.243 0.9214	-2.414 -2.118 5.754 -1.91 -1.087	0.09956 1.482 2.488 -0.8423 -3.241
25900	3.055 3.083 -5.348 0.5172 0.8975	6.339 -2.847 -2.616 -2.109 -2.173	-5.066 0.3928 3.121 3.369 0.9007	-2.392 -2.087 5.815 -1.805 -1.13	0.2169 1.388 2.476 -0.8858 -3.299
26000	3.15 3.141 -5.276 0.6173 0.8159	6.26 -2.896 -2.574 -1.884 -2.045	-5.082 0.3889 3.257 3.37 1.032	-2.353 -2.05 5.735 -1.75 -1.3	0.3678 1.393 2.572 -1.014 -3.276
26100	3.213 3.205 -5.362 0.6133 0.6151	6.385 -2.778 -2.57 -1.872 -2.266	-5.144 0.4893 3.2 3.149 1.012	-2.143 -1.912 5.687 -1.653 -1.131	0.3569 1.416 2.602 -1 -3.107
26200	3.318 3.182 -5.568 0.6388 0.6996	6.399 -2.977 -2.476 -2.078 -2.288	-5.246 0.4781 3.413 3.131 0.9699	-2.177 -1.817 5.621 -1.697 -1.162	0.402 1.473 2.601 -1.024 -3.361
26300	3.306 3.252 -5.473 0.6295 0.8845	6.257 -3.075 -2.446 -2.215 -2.188	-5.14 0.4015 3.356 3.203 1.163	-2.089 -2.015 5.695 -1.622 -1.179	0.4016 1.222 2.547 -1.101 -3.219
26400	3.364 3.105 -5.554 0.5843 0.8249	6.634 -3.021 -2.266 -2.257 -2.179	-5.237 0.3772 3.417 3.3 1.176	-2.136 -2.038 5.746 -1.562 -1.227	0.3867 1.48 2.585 -1.107 -3.132
26500	3.332 2.961 -5.45 0.6134 0.7473	6.556 -3.139 -2.212 -2.253 -2.175	-5.347 0.5314 3.434 3.247 1.145	-2.092 -1.873 5.954 -1.551 -1.097	0.5062 1.54 2.67 -1.081 -3.238
26600	3.416 2.956 -5.528 0.7889 0.6231	6.572 -3.256 -2.231 -2.337 -2.019	-5.369 0.5031 3.483 3.199 1.088	-2.109 -1.815 5.873 -1.536 -1.164	0.57 1.532 2.754 -1.093 -3.209
26700	3.543 2.86 -5.441 0.6539 0.674	6.602 -3.221 -2.082 -2.311 -1.943	-5.298 0.6134 3.547 3.052 1.036	-2.041 -1.858 5.816 -1.662 -1.085	0.5266 1.4 2.758 -0.9847 -3.262
26800	3.543 2.86 -5.441 0.6539 0.674	6.602 -3.221 -2.082 -2.311 -1.943	-5.298 0.6134 3.547 3.052 1.036	-2.041 -1.858 5.816 -1.662 -1.085	0.5266 1.4 2.758 -0.9847 -3.262
26900	3.543 2.86 -5.441 0.6539 0.674	6.602 -3.221 -2.082 -2.311 -1.943	-5.298 0.6134 3.547 3.052 1.036	-2.041 -1.858 5.816 -1.662 -1.085	0.5266 1.4 2.758 -0.9847 -3.262
27000	3.573 2.898 -5.49 0.561 0.6838	6.684 -3.211 -2.075 -2.361 -1.979	-5.194 0.6248 3.546 2.992 1.015	-2.021 -1.913 5.852 -1.606 -1.11	0.567 1.38 2.777 -0.9312 -3.298
27100	3.68 2.762 -5.583 0.6226 0.68	6.738 -3.221 -2.019 -2.294 -2.049	-5.191 0.6463 3.649 3.049 1.013	-1.999 -1.988 5.881 -1.544 -1.176	0.6983 1.307 2.794 -0.9304 -3.269
27200	3.601 2.678 -5.633 0.7314 0.6645	6.947 -3.167 -1.92 -2.487 -2.036	-5.282 0.5071 3.579 3.202 1.079	-2.04 -2.069 5.874 -1.565 -1.259	0.7069 1.327 2.856 -0.8072 -3.322
27300	3.563 2.781 -5.673 0.7195 0.5958	6.906 -3.041 -1.833 -2.464 -2.056	-5.279 0.4955 3.518 3.3 1.202	-2.048 -2.089 5.876 -1.67 -1.171	0.7138 1.301 2.749 -0.8122 -3.356
27400	3.594 2.784 -5.691 0.5885 0.6668	6.792 -3.334 -1.929 -2.68 -2.117	-5.251 0.4052 3.501 3.48 1.07	-2.273 -2.092 5.913 -1.542 -1.238	0.6546 1.396 2.812 -0.8802 -3.487
27500	3.551 2.713 -5.943 0.6855 0.5795	6.894 -3.325 -2.091 -2.731 -2.037	-5.128 0.2155 3.548 3.577 1.196	-2.361 -2.167 5.857 -1.679 -1.331	0.7124 1.374 2.715 -0.9228 -3.549
27600	3.532 2.708 -5.874 0.7263 0.5562	6.904 -3.364 -2.157 -2.637 -2.165	-5.109 0.2387 3.547 3.539 1.226	-2.336 -2.19 5.894 -1.655 -1.34	0.7532 1.408 2.631 -0.9186 -3.559
27700	3.532 2.708 -5.874 0.7263 0.5562	6.904 -3.364 -2.157 -2.637 -2.165	-5.109 0.2387 3.547 3.539 1.226	-2.336 -2.19 5.894 -1.655 -1.34	0.7532 1.408 2.631 -0.9186 -3.559
27800	3.523 2.696 -5.882 0.7306 0.5485	6.95 -3.371 -2.169 -2.63 -2.205	-5.145 0.243 3.524 3.514 1.208	-2.304 -2.126 5.885 -1.665 -1.429	0.7693 1.425 2.654 -0.9131 -3.496
27900	3.466 2.702 -5.925 0.7776 0.504	6.871 -3.481 -2.082 -2.629 -2.265	-5.146 0.2235 3.514 3.418 1.175	-2.45 -2.139 5.889 -1.64 -1.518	0.6925 1.452 2.608 -0.887 -3.525
28000	3.559 2.631 -5.966 0.854 0.4729	6.743 -3.527 -2.002 -2.77 -2.208	-5.145 0.2994 3.512 3.478 1.259	-2.354 -2.144 5.817 -1.764 -1.435	0.4853 1.311 2.608 -0.9871 -3.442
28100	3.531 2.6 -6.02 0.8502 0.4875	6.858 -3.499 -1.957 -2.79 -2.334	-5.161 0.3109 3.514 3.561 1.258	-2.327 -2.152 5.79 -1.795 -1.492	0.4356 1.347 2.645 -0.9447 -3.464
28200	3.428 2.401 -6.08 0.9077 0.5835	6.897 -3.45 -1.803 -2.822 -2.317	-5.193 0.2844 3.514 3.52 1.263	-2.177 -2.26 5.912 -1.86 -1.727	0.6356 1.217 2.716 -0.9482 -3.507
28300	3.389 2.492 -6.041 0.8955 0.6893	6.901 -3.447 -1.809 -2.863 -2.282	-5.2 0.2903 3.468 3.568 1.238	-2.206 -2.306 5.883 -1.83 -1.754	0.6736 1.155 2.757 -0.9711 -3.438
28400	3.51 2.618 -5.954 0.8694 0.7699	6.867 -3.515 -1.722 -2.959 -2.265	-5.279 0.2461 3.52 3.555 1.257	-2.212 -2.216 5.984 -1.708 -1.712	0.6337 1.153 2.679 -0.8854 -3.476
28500	3.492 2.531 -5.799 0.982 0.9262	6.994 -3.588 -1.621 -2.875 -2.285	-5.292 0.4189 3.534 3.538 0.9993	-2.347 -2.083 5.968 -1.61 -1.705	0.6936 1.195 2.68 -0.9088 -3.371
28600	3.477 2.692 -5.871 1.018 1.033	6.99 -3.616 -1.591 -2.863 -2.401	-5.28 0.5763 3.504 3.736 0.8489	-2.203 -2.123 6 -1.673 -1.619	0.6163 1.118 2.649 -0.8396 -3.261
28700	3.464 2.621 -5.833 0.9813 0.9193	6.92 -3.631 -1.594 -2.798 -2.414	-5.375 0.5118 3.441 3.747 0.8423	-2.242 -2.141 5.953 -1.676 -1.609	0.5917 1.139 2.549 -0.8732 -3.193
28800	3.431 2.608 -5.83 0.9843 0.9373	6.925 -3.647 -1.587 -2.815 -2.4	-5.408 0.5015 3.45 3.74 0.8255	-2.232 -2.18 5.978 -1.664 -1.58	0.6108 1.122 2.583 -0.8561 -3.185
28900	3.431 2.608 -5.83 0.9843 0.9373	6.925 -3.647 -1.587 -2.815 -2.4	-5.408 0.5015 3.45 3.74 0.8255	-2.232 -2.18 5.978 -1.664 -1.58	0.6108 1.122 2.583 -0.8561 -3.185
29000	3.431 2.608 -5.83 0.9843 0.9373	6.925 -3.647 -1.587 -2.815 -2.4	-5.408 0.5015 3.45 3.74 0.8255	-2.232 -2.18 5.978 -1.664 -1.58	0.6108 1.122 2.583 -0.8561 -3.185
29100	3.434 2.631 -5.776 1.02 0.9975	6.9 -3.598 -1.547 -2.825 -2.449	-5.42 0.5295 3.47 3.676 0.7771	-2.284 -2.153 5.945 -1.626 -1.629	0.6058 1.046 2.518 -0.8929 -3.247
29200	3.363 2.618 -5.776 0.9577 1.083	6.925 -3.526 -1.492 -2.97 -2.411	-5.252 0.594 3.392 3.654 0.8538	-2.474 -2.099 6.071 -1.498 -1.599	0.6828 1.062 2.5 -0.9554 -3.11
29300	3.403 2.491 -5.734 1.075 1.053	6.886 -3.422 -1.599 -3.078 -2.3	-5.284 0.4985 3.425 3.719 0.8457	-2.619 -1.889 6.092 -1.606 -1.346	0.8274 1.135 2.369 -0.9433 -3.114
29400	3.402 2.453 -5.729 0.9982 1.098	6.841 -3.475 -1.669 -3.095 -2.324	-5.258 0.564 3.44 3.694 0.8494	-2.507 -1.868 6.131 -1.57 -1.306	0.8415 1.081 2.38 -0.9128 -3.107
29500	3.374 2.305 -5.875 0.9265 1.096	6.91 -3.344 -1.761 -3.24 -2.228	-5.156 0.4255 3.343 3.554 0.7983	-2.413 -1.648 5.974 -1.559 -1.196	0.6547 1.027 2.496 -0.9339 -3.202
29600	3.408 2.388 -5.831 0.8679 1.138	6.94 -3.27 -1.753 -3.405 -2.226	-5.098 0.3842 3.397 3.414 0.774	-2.352 -1.641 6.064 -1.592 -1.205	0.6748 1.079 2.403 -0.9664 -3.17
29700	3.319 2.427 -5.735 0.8403 1.094	6.97 -3.313 -1.79 -3.363 -2.187	-5.1 0.3865 3.349 3.518 0.7264	-2.366 -1.671 5.98 -1.464 -1.159	0.6669 1.122 2.379 -0.8962 -3.193
29800	3.341 2.415 -5.78 0.7966 1.059	6.939 -3.313 -1.748 -3.345 -2.169	-5.153 0.3686 3.368 3.487 0.6325	-2.383 -1.678 5.945 -1.532 -1.088	0.6869 1.126 2.303 -0.9033 -3.104
29900	3.322 2.362 -5.803 0.7657 1.099	6.929 -3.206 -1.803 -3.259 -2.199	-5.096 0.3516 3.341 3.523 0.5757	-2.265 -1.726 5.966 -1.653 -1.097	0.6451 1.111 2.278 -1.05 -3.083
30000	3.319 2.407 -5.909 0.96 1.103	6.771 -3.156 -1.83 -3.078 -2.112	-5.026 0.4739 3.351 3.499 0.6039	-2.219 -1.957 6.032 -1.472 -1.261	0.7028 1.272 2.365 -1.122 -3.071
30100	3.347 2.471 -5.898 0.9665 1.123	6.774 -3.147 -1.846 -3.083 -2.056	-5.044 0.5415 3.336 3.532 0.6204	-2.239 -1.933 6.024 -1.499 -1.238	0.664 1.284 2.383 -1.144 -3.061
30200	3.361 2.451 -5.893 1.014 1.122	6.731 -3.134 -1.858 -3.038 -2.066	-5.064 0.5759 3.33 3.53 0.6006	-2.191 -1.955 6.033 -1.479 -1.218	0.6949 1.247 2.382 -1.11 -3.028
30300	3.361 2.451 -5.893 1.014 1.122	6.731 -3.134 -1.858 -3.038 -2.066	-5.064 0.5759 3.33 3.53 0.6006	-2.191 -1.955 6.033 -1.479 -1.218	0.6949 1.247 2.382 -1.11 -3.028
30400	3.348 2.527 -5.837 0.9823 1.108	6.755 -3.1 -1.821 -3.015 -2.101	-5.129 0.5719 3.294 3.501 0.6546	-2.22 -1.997 6.041 -1.533 -1.251	0.6346 1.163 2.446 -1.134 -2.987
30500	3.306 2.52 -5.975 0.9775 1.111	6.74 -3.033 -1.774 -3.056 -2.089	-5.071 0.6274 3.317 3.413 0.5999	-2.246 -2.037 6.032 -1.497 -1.268	0.6094 1.1 2.443 -1.103 -3.02
30600	3.28 2.581 -6.012 0.9806 1.203	6.789 -3.157 -1.746 -2.931 -2	-5.079 0.7436 3.263 3.443 0.6319	-2.214 -2.105 5.956 -1.448 -1.17	0.6493 1.206 2.379 -1.088 -2.958
30700	3.263 2.565 -6.063 1.027 1.206	6.733 -3.095 -1.722 -2.945 -2.017	-5.096 0.7792 3.253 3.443 0.6448	-2.193 -2.087 5.993 -1.503 -1.127	0.6128 1.202 2.359 -1.102 -3.008
30800	3.184 2.678 -6.032 0.9709 1.222	6.803 -3.246 -1.717 -2.952 -1.849	-5.104 0.7506 3.235 3.399 0.6819	-2.259 -2.112 6.056 -1.456 -1.225	0.6004 1.201 2.326 -1.118 -2.996
30900	3.088 2.61 -6.109 1.043 1.31	6.736 -3.236 -1.757 -2.911 -1.928	-5.155 0.7817 3.159 3.474 0.5896	-2.078 -2.297 5.987 -1.293 -1.29	0.623 1.211 2.393 -1.212 -2.924
31000	3.199 2.6 -6.119 0.9801 1.153	6.697 -3.408 -1.757 -3.102 -1.896	-5.084 0.8404 3.147 3.534 0.5995	-2.088 -2.348 5.828 -1.367 -0.9447	0.6944 1.122 2.343 -1.334 -2.961
31100	3.203 2.664 -6.183 1.055 1.159	6.766 -3.3 -1.717 -3.064 -1.879	-5.11 0.8414 3.204 3.556 0.5628	-2.147 -2.362 5.858 -1.412 -1.045	0.6875 1.178 2.256 -1.325 -3.035
31200	3.128 2.634 -6.186 1.086 1.122	6.748 -3.285 -1.618 -3.061 -1.943	-4.999 0.8101 3.198 3.436 0.5878	-1.996 -2.311 5.939 -1.282 -0.9767	0.762 1.229 2.282 -1.336 -2.951
31300	3.267 2.648 -6.137 1.028 1.247	6.801 -3.22 -1.588 -3.132 -1.989	-4.976 0.7618 3.183 3.293 0.5901	-2.008 -2.29 5.861 -1.212 -1.017	0.7815 1.137 2.368 -1.25 -2.9
31400	3.067 2.675 -6.165 1.094 1.429	6.693 -3.102 -1.409 -3.256 -2.034	-4.844 0.616 3.054 3.406 0.5411	-1.969 -2.327 5.914 -1.465 -0.9495	0.8469 0.9845 2.41 -1.375 -3.048
31500	3.101 2.774 -6.097 1.095 1.496	6.938 -3.066 -1.514 -3.227 -1.902	-4.824 0.5334 3.16 3.42 0.4815	-2.022 -2.365 6.072 -1.458 -1.164	0.7962 1.128 2.588 -1.419 -3.03
31600	3.1 2.727 -6.195 1.164 1.4	6.99 -2.977 -1.523 -3.162 -2.036	-4.743 0.6648 3.174 3.477 0.5277	-1.99 -2.231 6.088 -1.463 -1.079	0.7364 1.163 2.624 -1.381 -3.048
31700	3.172 2.773 -6.295 1.44 1.375	6.881 -2.935 -1.683 -3.047 -2.142	-4.777 0.7584 3.165 3.468 0.5007	-2.116 -2.153 6.347 -1.222 -0.8785	0.7389 1.139 2.688 -1.365 -2.759
31800	3.213 2.83 -6.176 1.424 1.199	6.876 -3.036 -1.651 -3.002 -2.057	-4.651 0.9364 3.198 3.412 0.5643	-2.146 -2.101 6.247 -1.108 -0.9919	0.7218 1.132 2.643 -1.428 -2.659
31900	3.089 2.906 -6.064 1.433 1.231	6.927 -2.928 -1.58 -3.106 -1.989	-4.674 0.9494 3.111 3.462 0.5822	-2.114 -2.105 6.335 -1.22 -0.903	0.9152 1.055 2.539 -1.339 -2.592
32000	3.215 2.763 -6.145 1.515 1.093	6.874 -2.968 -1.652 -3.25 -2.19	-4.76 0.8202 3.219 3.657 0.3582	-2.186 -2.103 6.076 -1.041 -0.8588	1.012 1.039 2.378 -1.295 -2.544
32100	3.084 2.841 -6.02 1.512 1.017	6.935 -2.916 -1.604 -3.17 -2.243	-4.8 0.6846 3.109 3.687 0.4201	-2.078 -2.051 6.025 -0.9708 -0.7854	0.8032 0.9093 2.456 -1.307 -2.709
32200	3.097 2.809 -6.066 1.472 1.044	6.791 -2.914 -1.676 -3.157 -2.355	-4.718 0.572 3.166 3.597 0.5581	-2.26 -2.13 5.969 -0.9159 -0.8195	0.8154 0.9051 2.33 -1.322 -2.56
32300	3.128 2.835 -6.062 1.436 1.015	6.798 -2.953 -1.621 -3.226 -2.393	-4.674 0.6177 3.113 3.603 0.5805	-2.307 -2.176 6.013 -0.8853 -0.8391	0.8083 0.8281 2.343 -1.304 -2.605
32400	3.038 2.843 -5.961 1.474 1.045	6.787 -2.806 -1.726 -3.233 -2.306	-4.668 0.6228 3.011 3.674 0.4581	-2.403 -2.206 5.992 -0.9144 -0.7269	0.802 0.7838 2.353 -1.281 -2.594
32500	3.002 2.751 -6.094 1.599 1.188	6.701 -2.842 -1.842 -3.285 -2.122	-4.726 0.5235 3.015 3.714 0.6401	-2.256 -2.089 6.127 -0.9001 -0.4546	0.8644 0.9555 2.543 -1.359 -2.813
32600	3.059 2.847 -6.101 1.626 1.102	6.911 -3.113 -1.848 -3.231 -2.094	-4.592 0.5349 3.057 3.817 0.82	-2.248 -2.125 6.032 -1.024 -0.4701	0.8226 0.9046 2.662 -1.169 -2.976
32700	3.016 2.83 -6.095 1.643 1.065	6.889 -3.073 -1.788 -3.191 -2.051	-4.602 0.5531 2.981 3.803 0.7635	-2.228 -2.035 6.101 -1.018 -0.4466	0.796 0.8985 2.645 -1.211 -2.906
32800	3.016 2.83 -6.095 1.643 1.065	6.889 -3.073 -1.788 -3.191 -2.051	-4.602 0.5531 2.981 3.803 0.7635	-2.228 -2.035 6.101 -1.018 -0.4466	0.796 0.8985 2.645 -1.211 -2.906
32900	3.005 2.849 -6.102 1.648 1.101	6.907 -3.041 -1.751 -3.158 -2.069	-4.583 0.5812 2.983 3.784 0.7506	-2.215 -2.009 6.096 -1.001 -0.4472	0.8015 0.91 2.648 -1.248 -2.89
33000	2.974 2.84 -6.087 1.631 1.069	6.911 -3.086 -1.693 -3.128 -2.032	-4.591 0.6019 2.963 3.808 0.68	-2.185 -1.972 6.088 -0.9853 -0.4142	0.799 0.8834 2.655 -1.338 -2.845
33100	3.042 2.835 -5.888 1.426 1.204	6.888 -2.915 -1.65 -3.193 -2.142	-4.62 0.6558 2.976 3.605 0.7417	-2.241 -2.139 5.977 -0.7838 -0.5963	0.752 0.5937 2.604 -1.287 -2.651
33200	3.087 2.849 -5.869 1.432 1.132	6.805 -3.098 -1.452 -3.146 -2.133	-4.662 0.5127 3.011 3.549 0.8067	-2.275 -2.026 6.117 -0.79 -0.5004	0.7869 0.7301 2.637 -1.255 -2.669
33300	3.036 2.92 -5.856 1.564 1.236	6.801 -3.115 -1.329 -3.085 -2.06	-4.477 0.5575 3.078 3.605 0.8437	-2.296 -1.967 6.046 -0.7552 -0.42	0.7403 0.777 2.676 -1.141 -2.582
33400	3.036 2.92 -5.856 1.564 1.236	6.801 -3.115 -1.329 -3.085 -2.06	-4.477 0.5575 3.078 3.605 0.8437	-2.296 -1.967 6.046 -0.7552 -0.42	0.7403 0.777 2.676 -1.141 -2.582
33500	3.036 2.92 -5.856 1.564 1.236	6.801 -3.115 -1.329 -3.085 -2.06	-4.477 0.5575 3.078 3.605 0.8437	-2.296 -1.967 6.046 -0.7552 -0.42	0.7403 0.777 2.676 -1.141 -2.582
33600	3.066 2.846 -5.841 1.611 1.218	6.868 -3.158 -1.314 -3.109 -2.03	-4.393 0.5465 3.058 3.664 0.902	-2.22 -1.877 5.996 -0.768 -0.3382	0.8222 0.7658 2.601 -1.097 -2.616
33700	3.054 2.844 -5.763 1.71 1.34	6.872 -3.127 -1.249 -3.201 -1.88	-4.447 0.5164 3.043 3.822 0.9247	-2.215 -1.899 5.997 -0.8404 -0.2709	0.8441 0.648 2.662 -1.105 -2.56
33800	3.054 2.844 -5.763 1.71 1.34	6.872 -3.127 -1.249 -3.201 -1.88	-4.447 0.5164 3.043 3.822 0.9247	-2.215 -1.899 5.997 -0.8404 -0.2709	0.8441 0.648 2.662 -1.105 -2.56
33900	3.171 2.845 -5.747 1.63 1.376	6.867 -3.097 -1.144 -3.41 -1.929	-4.627 0.5659 3.111 3.729 0.8745	-2.3 -1.98 6.091 -0.8814 -0.5182	0.9638 0.6722 2.589 -1.128 -2.749
34000	3.087 3.021 -5.991 1.683 1.32	6.912 -3.003 -1.112 -3.502 -1.824	-4.751 0.5997 3.176 3.723 0.8078	-2.376 -2.095 6.046 -0.7271 -0.6294	0.9666 0.6813 2.695 -1.187 -2.84
34100	3.084 3.084 -6.062 1.675 1.443	6.993 -3.006 -1.002 -3.437 -1.777	-4.784 0.6305 3.149 3.706 0.8621	-2.422 -2.18 6.104 -0.6922 -0.6984	0.9172 0.6285 2.84 -1.221 -2.751
34200	3.091 3.133 -5.941 1.514 1.244	7.193 -3.016 -1.206 -3.534 -1.774	-4.879 0.8336 3.058 3.403 0.9257	-2.71 -1.966 5.951 -0.9277 -0.7228	0.7 0.7135 2.88 -1.312 -2.571
34300	3.041 3.118 -5.894 1.488 1.376	7.229 -2.915 -1.273 -3.39 -1.767	-4.954 0.8829 2.991 3.289 0.8681	-2.709 -2.124 5.882 -0.9514 -0.773	0.7371 0.6064 2.93 -1.519 -2.564
34400	3.038 2.918 -5.907 1.389 1.375	7.233 -3.166 -1.425 -3.332 -1.873	-4.878 0.7755 3.01 3.135 1.014	-2.677 -2.205 5.902 -1.2 -0.9407	0.896 0.4602 2.76 -1.536 -2.748
34500	2.968 2.889 -5.882 1.378 1.312	7.32 -3.049 -1.438 -3.327 -1.782	-4.894 0.7497 2.934 3.078 0.9697	-2.621 -2.166 5.938 -1.161 -0.9448	0.9589 0.4436 2.677 -1.638 -2.609
34600	3.001 2.882 -6.004 1.379 1.259	7.42 -2.895 -1.408 -3.277 -1.928	-4.777 0.7543 2.949 3.12 0.9927	-2.622 -2.114 5.948 -1.216 -1.035	0.9616 0.3884 2.644 -1.624 -2.6
34700	2.914 2.966 -6.132 1.218 1.147	7.288 -2.885 -1.34 -3.675 -1.752	-4.757 0.8531 2.864 2.889 0.9187	-2.722 -1.885 6.282 -1.222 -1.09	0.9899 0.4588 2.708 -1.732 -2.768
34800	3.019 3.015 -6.339 1.257 1.175	7.295 -3.016 -1.272 -3.764 -1.703	-4.815 0.704 3.005 2.782 0.7823	-2.735 -1.987 6.444 -1.143 -1.072	0.8377 0.6758 2.707 -1.981 -2.648
34900	3.051 2.949 -6.404 1.354 1.167	7.221 -3.098 -1.373 -3.762 -1.548	-4.726 0.5376 3.008 2.492 0.7386	-2.782 -1.965 6.724 -1.274 -1.132	0.6886 0.73 2.877 -2.035 -2.657
35000	3.091 2.899 -6.335 1.429 1.129	7.23 -3.235 -1.377 -3.916 -1.494	-4.859 0.4899 3.02 2.427 0.7639	-2.757 -1.904 6.802 -1.402 -1.097	0.6304 0.7312 2.883 -2.097 -2.698
35100	3.091 2.899 -6.335 1.429 1.129	7.23 -3.235 -1.377 -3.916 -1.494	-4.859 0.4899 3.02 2.427 0.7639	-2.757 -1.904 6.802 -1.402 -1.097	0.6304 0.7312 2.883 -2.097 -2.698
35200	3.091 2.899 -6.335 1.429 1.129	7.23 -3.235 -1.377 -3.916 -1.494	-4.859 0.4899 3.02 2.427 0.7639	-2.757 -1.904 6.802 -1.402 -1.097	0.6304 0.7312 2.883 -2.097 -2.698
35300	3.063 2.806 -6.422 1.443 1.266	7.206 -3.202 -1.271 -3.747 -1.405	-4.955 0.4973 3.193 2.477 0.7394	-2.764 -1.832 6.955 -1.414 -1.132	0.6457 0.6941 2.836 -2.177 -2.573
35400	3.036 2.757 -6.275 1.569 1.318	7.225 -3.24 -1.449 -3.683 -1.471	-4.829 0.4448 3.107 2.509 0.6891	-2.862 -1.835 7.073 -1.408 -1.236	0.6191 0.7167 2.941 -2.116 -2.574
35500	3.066 2.82 -6.259 1.554 1.339	7.254 -3.279 -1.422 -3.663 -1.491	-4.773 0.4504 3.062 2.53 0.6934	-2.846 -1.888 7.056 -1.396 -1.258	0.6527 0.7154 2.907 -2.12 -2.624
35600	3.116 2.731 -6.291 1.613 1.424	7.46 -3.341 -1.572 -3.594 -1.498	-4.879 0.431 3.161 2.514 0.7046	-3.028 -1.792 7.164 -1.472 -1.286	0.6664 0.6655 2.913 -1.983 -2.634
35700	3.045 2.672 -6.341 1.613 1.413	7.358 -3.443 -1.601 -3.515 -1.563	-4.741 0.2853 3.026 2.631 0.6712	-3.004 -1.812 7.218 -1.391 -1.46	0.4466 0.7084 2.886 -1.831 -2.592
35800	2.987 2.671 -6.331 1.558 1.366	7.357 -3.436 -1.608 -3.512 -1.558	-4.723 0.2036 2.962 2.599 0.6845	-3 -1.839 7.19 -1.403 -1.422	0.422 0.6583 2.935 -1.829 -2.634
35900	2.98 2.722 -6.335 1.529 1.329	7.388 -3.417 -1.617 -3.513 -1.573	-4.693 0.1936 2.98 2.612 0.6809	-3.006 -1.841 7.189 -1.412 -1.412	0.4535 0.6753 2.919 -1.865 -2.667
36000	2.973 2.674 -6.262 1.42 1.353	7.329 -3.371 -1.764 -3.638 -1.541	-4.689 0.2324 3.006 2.563 0.6233	-3.049 -1.835 7.218 -1.42 -1.399	0.3809 0.8414 2.85 -1.876 -2.726
36100	3.008 2.637 -6.306 1.512 1.344	7.398 -3.392 -1.892 -3.489 -1.377	-4.902 0.2321 3.068 2.757 0.6875	-3.352 -2.029 7.116 -1.265 -1.427	0.3066 0.8422 3.05 -1.99 -2.764
36200	2.926 2.626 -6.263 1.5 1.408	7.496 -3.362 -1.947 -3.349 -1.347	-4.947 0.3452 2.958 2.833 0.6063	-3.544 -2.055 7.058 -1.262 -1.419	0.2867 0.8232 2.976 -2.006 -2.766
36300	2.973 2.611 -6.28 1.397 1.432	7.498 -3.38 -1.975 -3.334 -1.36	-5.007 0.394 2.949 2.855 0.6142	-3.615 -2.069 7.054 -1.243 -1.456	0.305 0.8236 2.963 -2.011 -2.752
36400	2.911 2.633 -6.266 1.375 1.425	7.512 -3.326 -1.963 -3.444 -1.376	-5.002 0.3971 2.915 2.702 0.6313	-3.602 -2.02 7.106 -1.277 -1.446	0.2995 0.9212 2.867 -2.003 -2.78
36500	2.932 2.66 -6.284 1.386 1.552	7.502 -3.285 -2.122 -3.593 -1.318	-5.127 0.5035 2.917 2.757 0.6235	-3.645 -2.037 7.109 -1.235 -1.46	0.2347 0.8982 2.925 -2.004 -2.713
36600	3.076 2.655 -6.356 1.422 1.464	7.399 -3.271 -2.204 -3.548 -1.333	-5.065 0.4583 3.029 2.663 0.6489	-3.622 -2.047 7.166 -1.348 -1.388	0.1203 0.9856 2.776 -2.013 -2.537
36700	3.001 2.599 -6.202 1.535 1.301	7.402 -3.367 -2.317 -3.462 -1.333	-5.147 0.4534 3.043 2.797 0.6748	-3.709 -1.996 7.305 -1.375 -1.511	0.2643 0.8135 2.783 -2.028 -2.479
36800	3.026 2.567 -6.297 1.589 1.229	7.273 -3.209 -2.177 -3.329 -1.53	-4.99 0.6167 3.112 3.011 0.6751	-3.616 -1.784 7.236 -1.558 -1.459	0.2062 0.7629 2.791 -1.983 -2.445
36900	3.006 2.4 -6.338 1.745 1.243	7.281 -3.065 -2.334 -3.342 -1.678	-4.963 0.6491 2.919 3.023 0.7535	-3.64 -1.699 7.276 -1.621 -1.536	0.2225 0.9263 2.798 -1.863 -2.612
37000	2.952 2.376 -6.397 1.787 1.198	7.336 -3.184 -2.317 -3.387 -1.763	-5.074 0.545 2.972 3.04 0.8104	-3.651 -1.533 7.222 -1.68 -1.554	0.2066 0.9704 2.708 -1.862 -2.594
37100	2.899 2.396 -6.354 1.754 1.196	7.356 -3.189 -2.311 -3.342 -1.776	-5.089 0.5518 2.937 2.968 0.7868	-3.608 -1.483 7.221 -1.709 -1.522	0.1612 1.041 2.74 -1.917 -2.587
37200	2.888 2.369 -6.329 1.762 1.205	7.389 -3.222 -2.301 -3.37 -1.796	-5.15 0.456 3.014 2.981 0.7612	-3.605 -1.509 7.283 -1.65 -1.526	0.05158 1.006 2.705 -1.867 -2.562
37300	2.909 2.344 -6.358 1.768 1.226	7.333 -3.215 -2.309 -3.365 -1.737	-5.128 0.4655 2.966 2.971 0.7228	-3.637 -1.485 7.289 -1.693 -1.53	0.01421 1.015 2.735 -1.855 -2.58
37400	3.015 2.146 -6.289 1.72 1.104	7.275 -3.171 -2.328 -3.382 -1.426	-5.105 0.5614 2.993 2.957 0.7758	-3.646 -1.397 7.091 -1.527 -1.464	0.1002 1.047 2.74 -1.678 -2.619
37500	3.033 2.2 -6.302 1.793 1.053	7.271 -3.217 -2.291 -3.302 -1.519	-5.109 0.4451 2.934 2.862 0.9145	-3.569 -1.281 7.12 -1.602 -1.401	0.1296 1.111 2.73 -1.49 -2.768
37600	3.092 2.131 -6.49 1.787 1.009	7.385 -3.404 -2.223 -3.168 -1.513	-5.145 0.5292 3.091 2.883 0.9266	-3.368 -1.358 7.198 -1.555 -1.265	0.07157 1.021 2.823 -1.546 -2.662
37700	3.113 2.085 -6.376 1.893 1.022	7.283 -3.444 -2.254 -3.221 -1.606	-5.178 0.5776 3.136 2.824 0.8627	-3.515 -1.385 7.122 -1.584 -1.384	0.1706 1.095 2.598 -1.478 -2.574
37800	3.132 2.123 -6.38 1.908 0.9947	7.252 -3.461 -2.278 -3.222 -1.596	-5.193 0.5636 3.166 2.798 0.8349	-3.499 -1.373 7.167 -1.567 -1.353	0.1649 1.114 2.549 -1.498 -2.564
37900	3.148 2.227 -6.413 1.946 0.9841	7.277 -3.519 -2.332 -3.175 -1.625	-5.205 0.4424 3.219 2.829 0.8626	-3.591 -1.389 7.129 -1.561 -1.382	0.1606 1.086 2.516 -1.52 -2.566
38000	3.197 2.282 -6.559 1.899 0.9474	7.42 -3.628 -2.238 -3.157 -1.572	-5.148 0.4131 3.251 2.807 0.8157	-3.659 -1.613 7.151 -1.58 -1.354	0.1345 1.055 2.653 -1.506 -2.697
38100	3.192 1.995 -6.747 2.036 1.034	7.473 -3.795 -2.258 -3.255 -1.68	-5.078 0.4213 3.203 2.918 0.8731	-3.762 -1.62 7.07 -1.595 -1.342	0.09499 1.002 2.622 -1.488 -2.688
38200	3.192 1.995 -6.747 2.036 1.034	7.473 -3.795 -2.258 -3.255 -1.68	-5.078 0.4213 3.203 2.918 0.8731	-3.762 -1.62 7.07 -1.595 -1.342	0.09499 1.002 2.622 -1.488 -2.688
38300	3.192 1.995 -6.747 2.036 1.034	7.473 -3.795 -2.258 -3.255 -1.68	-5.078 0.4213 3.203 2.918 0.8731	-3.762 -1.62 7.07 -1.595 -1.342	0.09499 1.002 2.622 -1.488 -2.688
38400	3.112 2.164 -6.675 1.993 1.045	7.529 -3.744 -2.415 -3.302 -1.611	-5.196 0.4675 3.084 2.895 0.8166	-3.888 -1.709 7.195 -1.591 -1.242	0.07703 0.9677 2.649 -1.503 -2.678
38500	3.19 2.174 -6.819 1.847 1.049	7.677 -3.765 -2.557 -3.135 -1.739	-5.211 0.3449 3.167 2.682 0.9044	-3.759 -1.824 7.365 -1.686 -1.254	0.1933 0.9413 2.567 -1.637 -2.704
38600	3.156 2.28 -6.857 1.847 0.8232	7.816 -3.804 -2.46 -3.042 -1.717	-5.113 0.4528 3.143 2.714 0.9485	-3.744 -1.97 7.317 -1.81 -1.204	0.2543 0.9167 2.52 -1.721 -2.722
38700	3.24 2.294 -6.935 1.781 0.8458	7.761 -3.89 -2.536 -3.023 -1.648	-5.136 0.4648 3.217 2.716 0.9776	-3.712 -1.98 7.175 -1.708 -1.217	0.1405 1.002 2.452 -1.751 -2.697
38800	3.082 2.251 -6.973 1.94 0.7985	7.784 -3.783 -2.611 -2.979 -1.567	-5.028 0.5256 3.091 2.701 0.9351	-3.509 -1.936 7.069 -2 -1.036	0.04687 1.101 2.334 -1.642 -2.515
38900	3.099 2.187 -7.004 1.894 0.8871	7.888 -3.897 -2.587 -2.972 -1.655	-5.005 0.534 3.07 2.62 1.005	-3.688 -1.984 7.146 -1.927 -0.9633	0.03391 1.1 2.208 -1.624 -2.523
39000	3.145 2.166 -7.056 1.871 0.9029	7.863 -3.878 -2.677 -2.988 -1.567	-4.988 0.5504 3.065 2.594 0.9596	-3.724 -2.001 7.289 -1.944 -0.9257	0.06131 1.089 2.239 -1.588 -2.562
39100	3.089 2.269 -7.122 1.903 0.8297	7.798 -3.912 -2.52 -2.898 -1.629	-5.223 0.5453 3.101 2.572 0.9392	-3.568 -2.07 7.36 -1.956 -0.8792	-0.04175 1.213 2.169 -1.638 -2.679
39200	3.201 2.262 -7.293 1.823 0.7875	7.791 -3.964 -2.535 -2.933 -1.652	-5.221 0.5933 3.192 2.674 0.9154	-3.429 -2.175 7.381 -2.026 -0.8641	0.1169 1.059 2.078 -1.518 -2.646
39300	3.227 2.212 -7.318 1.811 0.7631	7.894 -3.868 -2.51 -2.852 -1.717	-5.224 0.5355 3.195 2.65 0.9212	-3.524 -2.194 7.349 -1.994 -0.874	0.05301 1.138 2.097 -1.592 -2.639
39400	3.227 2.212 -7.318 1.811 0.7631	7.894 -3.868 -2.51 -2.852 -1.717	-5.224 0.5355 3.195 2.65 0.9212	-3.524 -2.194 7.349 -1.994 -0.874	0.05301 1.138 2.097 -1.592 -2.639
39500	3.227 2.212 -7.318 1.811 0.7631	7.894 -3.868 -2.51 -2.852 -1.717	-5.224 0.5355 3.195 2.65 0.9212	-3.524 -2.194 7.349 -1.994 -0.874	0.05301 1.138 2.097 -1.592 -2.639
39600	3.255 2.159 -7.303 1.836 0.7137	7.879 -3.962 -2.535 -2.871 -1.783	-5.115 0.5359 3.193 2.609 0.9445	-3.568 -2.223 7.397 -1.96 -0.8795	-0.01643 1.148 2.09 -1.581 -2.609
39700	3.292 2.191 -7.307 1.957 0.6656	7.935 -4.006 -2.493 -2.923 -1.762	-5.145 0.5609 3.323 2.567 1.033	-3.539 -2.308 7.401 -2.043 -0.87	0.1176 1.152 2.053 -1.579 -2.637
39800	3.222 2.215 -7.278 1.971 0.6964	7.92 -3.995 -2.496 -2.942 -1.697	-5.117 0.698 3.268 2.502 1.047	-3.587 -2.264 7.347 -1.978 -0.8048	0.1055 1.163 2.036 -1.587 -2.616
39900	3.25 2.201 -7.423 2.072 0.7547	7.835 -4.037 -2.483 -3.005 -1.871	-5.127 0.627 3.205 2.514 1.192	-3.523 -2.236 7.308 -1.958 -0.7288	0.07974 1.089 2.027 -1.524 -2.585
40000	3.246 2.187 -7.441 2.091 0.7543	7.882 -4.027 -2.509 -3.007 -1.904	-5.151 0.6073 3.207 2.519 1.183	-3.493 -2.261 7.312 -1.955 -0.7325	0.06001 1.1 2.009 -1.516 -2.622
40100	3.262 2.375 -7.383 2.016 0.7025	7.834 -4.072 -2.539 -2.983 -1.774	-5.229 0.5882 3.293 2.513 1.216	-3.502 -2.243 7.205 -1.991 -0.8093	0.1085 1.106 1.932 -1.508 -2.499
40200	3.206 2.31 -7.317 1.783 0.603	7.776 -3.972 -2.4 -3.135 -1.762	-5.472 0.5457 3.194 2.697 1.038	-3.539 -2.204 7.273 -2.029 -0.9069	0.05851 1.022 1.941 -1.55 -2.545
40300	3.294 2.32 -7.272 1.796 0.4549	7.964 -3.915 -2.262 -3.127 -1.636	-5.495 0.6008 3.268 2.67 1.086	-3.595 -2.108 7.415 -1.981 -0.9696	0.1411 0.7825 2.117 -1.685 -2.586
40400	3.302 2.285 -7.281 1.755 0.4496	8.034 -3.85 -2.238 -3.269 -1.739	-5.455 0.5381 3.238 2.645 1.13	-3.662 -2.093 7.451 -1.994 -0.9469	0.1011 0.8278 2.082 -1.729 -2.591
40500	3.246 2.202 -7.157 1.688 0.384	8.068 -3.75 -2.112 -3.206 -1.716	-5.378 0.4766 3.249 2.692 1.229	-3.672 -2.271 7.444 -2.109 -0.8656	0.1396 0.8875 2.208 -1.754 -2.407
40600	3.216 2.241 -7.071 1.79 0.5163	7.904 -3.586 -2.281 -3.195 -1.748	-5.352 0.5012 3.335 2.676 1.189	-3.769 -2.259 7.599 -2.05 -0.8677	0.1372 0.7911 2.111 -1.752 -2.344
40700	3.31 2.228 -7.02 1.759 0.6219	8.045 -3.725 -2.387 -3.259 -1.824	-5.38 0.4689 3.292 2.493 1.286	-3.757 -2.297 7.765 -1.679 -0.8539	0.09343 0.8386 2.173 -1.605 -2.382
40800	3.164 2.394 -7.04 1.8 0.6173	8.143 -3.473 -2.379 -3.158 -1.756	-5.47 0.3812 3.179 2.56 1.176	-3.709 -2.28 7.788 -1.733 -0.8752	-0.0538 0.6621 2.157 -1.534 -2.339
40900	3.226 2.288 -7.209 2.08 0.8604	8.286 -3.46 -2.431 -3.399 -1.722	-5.414 0.3728 3.253 2.563 1.209	-3.688 -2.42 7.946 -1.677 -0.9115	-0.08111 0.6735 2.097 -1.546 -2.296
41000	3.301 2.259 -7.259 2.113 0.8705	8.287 -3.454 -2.528 -3.417 -1.751	-5.347 0.4371 3.316 2.561 1.27	-3.537 -2.409 7.959 -1.652 -0.8934	-0.06312 0.6921 2.043 -1.526 -2.166
41100	3.275 2.163 -7.256 2.127 0.8563	8.307 -3.443 -2.515 -3.455 -1.739	-5.332 0.3878 3.29 2.516 1.317	-3.54 -2.386 7.956 -1.657 -0.8522	-0.04656 0.666 2.089 -1.508 -2.15
41200	3.346 2.13 -7.226 2.067 0.9379	8.287 -3.397 -2.62 -3.5 -1.785	-5.138 0.4642 3.291 2.556 1.252	-3.558 -2.366 7.99 -1.621 -0.8265	-0.01412 0.7285 2.172 -1.619 -2.07
41300	3.3 2.178 -7.254 2.26 0.8796	8.148 -3.264 -2.618 -3.578 -1.629	-5.003 0.3978 3.304 2.5 1.16	-3.82 -2.362 8.065 -1.588 -0.8297	-0.06277 0.6546 2.107 -1.616 -2.061
41400	3.181 2.252 -7.207 2.396 0.6785	8.172 -3.096 -2.761 -3.835 -1.307	-5.195 0.3276 3.228 2.756 1.016	-3.858 -2.552 8.098 -1.655 -0.7231	0.05931 0.364 2.192 -1.56 -2.116
41500	3.22 2.255 -7.154 2.423 0.7076	8.196 -3.18 -2.751 -3.794 -1.301	-5.172 0.2762 3.217 2.862 1.047	-4.017 -2.641 7.97 -1.662 -0.6979	-0.04637 0.4734 2.263 -1.489 -2.085
41600	3.223 2.292 -7.038 2.451 0.7854	8.207 -3.275 -2.789 -3.739 -1.297	-5.213 0.2195 3.308 2.91 1.09	-4.009 -2.554 7.874 -1.737 -0.81	-0.01563 0.3999 2.308 -1.627 -2.022
41700	3.241 2.241 -7.074 2.432 0.6502	8.283 -3.181 -2.741 -3.713 -1.192	-5.181 0.2088 3.285 2.851 0.9722	-4.051 -2.309 7.665 -1.766 -0.5903	-0.0371 0.4407 2.316 -1.712 -2.071
41800	3.214 2.194 -7.038 2.38 0.7269	8.349 -3.178 -2.636 -3.705 -1.234	-5.169 0.2734 3.323 2.965 0.9727	-4.123 -2.323 7.621 -1.698 -0.5441	-0.1219 0.3957 2.197 -1.702 -1.918
41900	3.236 2.108 -7.153 2.36 0.7315	8.331 -3.246 -2.646 -3.725 -1.305	-5.183 0.2378 3.234 3.111 0.86	-4.016 -2.294 7.567 -1.745 -0.5731	-0.06172 0.4163 2.225 -1.751 -1.981
42000	3.212 2.058 -7.19 2.395 0.882	8.162 -3.27 -2.714 -3.655 -1.161	-5.202 0.2455 3.282 3.264 0.7761	-4.088 -2.215 7.7 -1.914 -0.4887	-0.09951 0.4093 2.258 -1.768 -2.08
42100	3.185 2.089 -7.105 2.42 0.82	8.149 -3.261 -2.828 -3.672 -1.158	-5.24 0.3663 3.252 3.208 0.7065	-4.157 -2.151 7.641 -1.743 -0.5833	-0.2169 0.431 2.379 -1.846 -1.964
42200	3.199 2.286 -7.205 2.371 0.746	8.076 -3.394 -2.702 -3.845 -1.019	-5.176 0.4156 3.194 3.069 0.7765	-4.067 -2.231 7.566 -1.766 -0.5435	-0.304 0.4823 2.035 -1.761 -1.907
42300	3.201 2.226 -7.27 2.348 0.7166	7.988 -3.44 -2.658 -3.861 -1.091	-5.238 0.3946 3.217 3.128 0.803	-4.076 -2.175 7.594 -1.662 -0.5856	-0.3276 0.4043 2.05 -1.762 -1.941
42400	3.196 2.314 -7.165 2.287 0.5987	7.928 -3.44 -2.689 -3.593 -1.224	-5.396 0.5274 3.249 2.978 0.8334	-4.27 -2.236 7.724 -1.654 -0.6713	-0.2758 0.4919 2.047 -1.78 -1.896
42500	3.299 2.186 -7.202 2.236 0.614	7.823 -3.354 -2.861 -3.602 -1.318	-5.509 0.6551 3.341 2.947 0.7315	-4.193 -1.985 7.588 -1.545 -0.8477	-0.05302 0.4878 1.95 -1.815 -1.883
42600	3.428 2.137 -7.164 2.292 0.4944	7.944 -3.378 -2.808 -3.393 -1.409	-5.473 0.5017 3.435 2.87 0.545	-4.189 -2.128 7.521 -1.57 -0.9942	-0.04131 0.5597 2.017 -1.812 -1.871
42700	3.376 2.206 -7.108 2.115 0.5055	7.964 -3.382 -2.846 -3.541 -1.431	-5.58 0.5747 3.386 3.039 0.5168	-4.263 -2.234 7.551 -1.494 -0.9022	-0.1897 0.4404 1.867 -1.677 -1.982
42800	3.336 2.273 -7.11 2.094 0.5264	7.923 -3.413 -2.854 -3.556 -1.453	-5.577 0.58 3.402 3.083 0.4996	-4.248 -2.227 7.531 -1.519 -0.8615	-0.1911 0.434 1.863 -1.661 -1.957
42900	3.356 2.179 -7.114 2.061 0.6201	7.792 -3.366 -2.775 -3.597 -1.398	-5.511 0.5901 3.347 3.199 0.5355	-4.25 -2.243 7.609 -1.438 -0.748	-0.2891 0.5926 1.932 -1.693 -1.884
43000	3.335 2.165 -7.251 2.141 0.7065	7.889 -3.468 -2.801 -3.506 -1.399	-5.568 0.7614 3.288 3.143 0.4716	-4.225 -2.197 7.595 -1.319 -0.6142	-0.2051 0.3172 1.822 -1.718 -1.765
43100	3.328 2.138 -7.233 2.176 0.6356	7.929 -3.554 -2.915 -3.419 -1.416	-5.478 0.6716 3.237 3.211 0.5099	-4.331 -2.256 7.547 -1.408 -0.4806	-0.314 0.3239 1.817 -1.508 -1.772
43200	3.245 2.084 -7.156 2.234 0.7272	8.081 -3.562 -3.148 -3.386 -1.478	-5.407 0.6592 3.232 3.406 0.5308	-4.365 -2.042 7.464 -1.468 -0.443	-0.03747 0.3529 1.773 -1.559 -1.758
43300	3.307 2.184 -7.232 2.462 0.8149	8.063 -3.541 -3.121 -3.402 -1.461	-5.309 0.8708 3.267 3.582 0.4801	-4.391 -2.014 7.494 -1.435 -0.5711	-0.004573 0.3151 1.841 -1.5 -1.82
43400	3.255 2.295 -7.214 2.321 0.8247	8.025 -3.383 -3.07 -3.427 -1.504	-5.249 0.7667 3.255 3.574 0.4872	-4.382 -1.976 7.586 -1.419 -0.6166	0.01149 0.2584 1.665 -1.608 -1.854
43500	3.172 2.254 -7.098 2.26 0.8361	7.894 -3.462 -3.13 -3.438 -1.61	-5.194 0.6594 3.156 3.595 0.4615	-4.197 -2.018 7.617 -1.359 -0.6798	-0.03628 0.2669 1.639 -1.568 -1.778
43600	3.138 2.278 -7.026 2.194 0.9102	7.897 -3.473 -3.168 -3.397 -1.584	-5.161 0.5553 3.057 3.643 0.5116	-4.235 -2.043 7.758 -1.23 -0.7151	-0.01663 0.4142 1.602 -1.589 -1.737
43700	3.126 2.192 -6.905 2.239 0.886	7.84 -3.526 -3.131 -3.31 -1.577	-5.109 0.4669 3.111 3.469 0.5498	-4.175 -2.091 7.7 -1.399 -0.8042	0.04911 0.3206 1.54 -1.611 -1.78
43800	3.14 2.191 -6.889 2.234 0.8444	7.833 -3.503 -3.137 -3.304 -1.561	-5.121 0.4755 3.141 3.489 0.5381	-4.186 -2.095 7.674 -1.382 -0.7914	0.04916 0.3179 1.599 -1.585 -1.83
43900	3.063 2.06 -6.896 2.15 0.7656	7.758 -3.384 -3.391 -3.387 -1.425	-5.203 0.42 3.151 3.522 0.4866	-4.016 -2.055 7.653 -1.439 -0.5883	-0.03282 0.3118 1.709 -1.535 -1.803
44000	3.168 1.813 -6.864 2.276 0.7798	7.812 -3.277 -3.217 -3.338 -1.437	-5.05 0.424 3.081 3.552 0.3883	-4.041 -1.924 7.774 -1.481 -0.4465	0.02105 0.2557 1.835 -1.43 -1.861
44100	3.131 1.802 -6.747 2.34 0.7212	7.817 -3.276 -3.154 -3.411 -1.416	-5.151 0.4753 3.123 3.525 0.4249	-3.989 -1.853 7.831 -1.409 -0.4579	0.06105 0.288 1.928 -1.34 -1.797
44200	3.138 1.849 -6.935 2.336 0.6332	7.869 -3.109 -3.112 -3.478 -1.269	-5.245 0.5444 3.246 3.557 0.2587	-4.015 -1.842 7.728 -1.609 -0.259	0.2959 0.42 1.764 -1.336 -2.072
44300	3.192 1.776 -6.976 2.347 0.6971	7.868 -3.12 -3.084 -3.558 -1.154	-5.239 0.5693 3.101 3.551 0.2053	-3.937 -1.771 7.775 -1.64 -0.362	0.1086 0.3973 1.878 -1.412 -1.959
44400	3.152 1.789 -7.078 2.43 0.6049	7.942 -3.149 -3.037 -3.577 -1.093	-5.158 0.5385 3.134 3.555 0.3036	-3.863 -1.716 7.803 -1.594 -0.3555	0.08015 0.4566 1.81 -1.533 -1.911
44500	3.155 1.748 -7.044 2.446 0.6468	7.937 -3.169 -3 -3.572 -1.058	-5.159 0.5027 3.093 3.53 0.3356	-3.874 -1.695 7.829 -1.65 -0.3925	0.03415 0.4171 1.841 -1.523 -1.887
44600	3.15 1.697 -7.086 2.426 0.86	7.937 -3.137 -3.035 -3.627 -0.9688	-5.208 0.5358 3.04 3.607 0.3273	-3.913 -1.584 7.781 -1.599 -0.4471	-0.1127 0.4904 1.791 -1.541 -1.786
44700	3.03 1.791 -7.005 2.49 1.078	7.917 -3.123 -2.959 -3.594 -0.9568	-5.045 0.5956 3.013 3.523 0.5405	-3.909 -1.529 7.861 -1.575 -0.5106	0.07958 0.3964 1.788 -1.413 -1.826
44800	3.133 1.772 -7.106 2.517 1.081	7.881 -3.201 -2.979 -3.708 -0.9273	-4.924 0.6848 3.038 3.446 0.4548	-3.897 -1.529 7.856 -1.45 -0.5896	0.09612 0.333 1.853 -1.529 -1.661
44900	3.133 1.772 -7.106 2.517 1.081	7.881 -3.201 -2.979 -3.708 -0.9273	-4.924 0.6848 3.038 3.446 0.4548	-3.897 -1.529 7.856 -1.45 -0.5896	0.09612 0.333 1.853 -1.529 -1.661
45000	3.172 1.759 -7.059 2.523 1.088	7.945 -3.184 -3.038 -3.662 -0.9615	-4.945 0.6571 3.152 3.346 0.4077	-3.895 -1.649 8.035 -1.389 -0.6456	0.117 0.4271 1.847 -1.531 -1.617
45100	3.31 1.915 -6.984 2.346 1.164	8.092 -3.104 -3.179 -3.664 -0.7735	-4.788 0.7188 3.284 3.408 0.3339	-3.72 -1.679 8.11 -1.589 -0.7258	0.2036 0.49 1.879 -1.599 -1.667
45200	3.265 1.956 -7.065 2.304 1.162	8.16 -3.192 -3.14 -3.596 -0.6962	-4.719 0.7233 3.198 3.636 0.2924	-3.824 -1.581 8.17 -1.59 -0.7393	0.1767 0.5655 1.904 -1.693 -1.636
45300	3.262 1.962 -7.021 2.33 1.206	8.183 -3.18 -3.069 -3.681 -0.5779	-4.713 0.6868 3.149 3.516 0.1819	-3.894 -1.506 8.203 -1.576 -0.8893	0.2829 0.5552 1.856 -1.59 -1.643
45400	3.267 1.898 -7.069 2.335 1.172	8.212 -3.214 -3.218 -3.788 -0.6252	-4.686 0.7416 3.143 3.41 0.1791	-3.844 -1.559 8.147 -1.624 -0.8268	0.3487 0.4365 1.837 -1.571 -1.688
45500	3.227 1.851 -7.021 2.371 1.24	8.331 -3.179 -3.219 -3.603 -0.5274	-4.817 0.6093 3.242 3.473 -0.09574	-3.944 -1.469 8.13 -1.535 -0.7149	0.4773 0.4954 1.868 -1.611 -1.766
45600	3.339 1.889 -6.991 2.292 1.301	8.462 -3.192 -3.329 -3.566 -0.4882	-4.809 0.6909 3.281 3.511 -0.1282	-4.008 -1.584 8.164 -1.63 -0.7958	0.5386 0.5633 1.9 -1.52 -1.706
45700	3.258 1.723 -7.032 2.376 1.2	8.485 -3.134 -3.448 -3.379 -0.4416	-4.632 0.8478 3.184 3.709 -0.182	-4.259 -1.777 8.052 -1.729 -0.9237	0.5059 0.7161 1.746 -1.459 -1.766
45800	3.122 1.719 -7.138 2.422 1.074	8.447 -3.054 -3.473 -3.563 -0.3931	-4.846 0.9404 3.116 3.644 -0.109	-4.198 -1.516 8.172 -1.766 -0.9256	0.5032 0.798 1.825 -1.553 -1.938
45900	3.061 1.747 -7.15 2.483 1.101	8.359 -3.133 -3.504 -3.578 -0.3506	-4.874 1.017 3.119 3.72 -0.04413	-4.236 -1.629 8.203 -1.814 -0.9322	0.5111 0.8341 1.762 -1.68 -1.948
46000	3.089 1.762 -7.257 2.685 1.017	8.568 -3.054 -3.455 -3.712 -0.3835	-4.716 0.9734 3.041 3.664 0.03143	-4.172 -1.64 8.226 -1.763 -0.8851	0.4047 0.8599 1.812 -1.698 -1.837
46100	2.986 1.888 -7.317 2.581 0.9374	8.613 -3.097 -3.431 -3.715 -0.2913	-4.797 1.064 2.989 3.447 0.0856	-4.173 -1.532 8.516 -1.759 -0.8846	0.4784 0.756 1.773 -1.679 -1.824
46200	2.968 1.799 -7.39 2.619 0.9453	8.723 -3.118 -3.434 -3.717 -0.2734	-4.796 1.018 2.987 3.381 0.1193	-4.201 -1.49 8.594 -1.869 -0.8632	0.3528 0.7695 1.751 -1.696 -1.833
46300	3.011 1.609 -7.33 2.556 0.9429	8.843 -3.175 -3.46 -3.662 -0.2029	-4.756 0.9628 3.012 3.112 0.09454	-4.145 -1.528 8.598 -1.931 -0.7846	0.3457 0.7263 1.861 -1.745 -1.772
46400	3.016 1.607 -7.219 2.476 0.9845	8.898 -3.145 -3.431 -3.69 -0.2892	-4.735 0.971 2.975 3.231 0.2218	-4.095 -1.642 8.462 -1.934 -0.8405	0.4299 0.7229 1.826 -1.757 -1.848
46500	2.947 1.623 -7.178 2.455 0.9619	8.803 -3.161 -3.408 -3.617 -0.3723	-4.655 0.9858 2.885 3.297 0.1891	-3.964 -1.704 8.593 -2.051 -0.9769	0.5686 0.6556 1.785 -1.75 -1.872
46600	2.909 1.567 -7.187 2.476 0.9139	8.762 -3.194 -3.436 -3.681 -0.358	-4.67 1.011 2.911 3.292 0.06764	-3.912 -1.627 8.589 -2.046 -0.8811	0.6304 0.7053 1.853 -1.754 -1.81
46700	2.935 1.465 -7.146 2.431 0.9855	8.793 -3.189 -3.445 -3.67 -0.3686	-4.709 1.083 2.946 3.368 0.02257	-3.955 -1.587 8.57 -2.015 -0.8147	0.5509 0.7347 1.877 -1.697 -1.898
46800	2.86 1.339 -7.132 2.406 0.9036	8.813 -3.327 -3.531 -3.687 -0.2875	-4.66 1.05 2.821 3.13 -0.05027	-3.834 -1.639 8.43 -2.126 -0.6631	0.5486 0.6407 1.888 -1.714 -1.842
46900	2.88 1.403 -7.14 2.423 0.9364	8.794 -3.283 -3.622 -3.698 -0.1974	-4.645 1.17 2.861 3.189 -0.1164	-3.797 -1.782 8.519 -2.177 -0.6716	0.503 0.6746 1.756 -1.752 -1.87
47000	2.924 1.543 -7.109 2.602 1.03	8.826 -3.08 -3.605 -3.619 -0.0181	-4.514 1.108 2.875 3.389 -0.08988	-3.957 -1.532 8.658 -2.153 -0.6116	0.493 0.7692 1.953 -1.614 -1.895
47100	2.948 1.448 -7.219 2.732 1.127	8.715 -3.039 -3.578 -3.532 0.04971	-4.723 1.267 3.023 3.561 -0.2085	-4.044 -1.407 8.79 -2.051 -0.5564	0.4805 0.9705 2.004 -1.663 -1.866
47200	2.921 1.505 -7.193 2.747 1.1	8.651 -3.042 -3.555 -3.614 0.1247	-4.653 1.325 2.994 3.648 -0.2612	-4.12 -1.458 8.817 -2.085 -0.53	0.509 0.96 2.018 -1.743 -1.926
47300	2.939 1.511 -7.136 2.702 0.9434	8.652 -2.936 -3.525 -3.649 0.2287	-4.79 1.437 3.002 3.661 -0.1698	-4.211 -1.474 8.796 -2.125 -0.6435	0.5305 0.9799 2.033 -1.735 -1.884
47400	2.941 1.518 -7.115 2.741 0.9511	8.652 -2.929 -3.503 -3.641 0.1804	-4.76 1.411 3.005 3.642 -0.1427	-4.196 -1.476 8.761 -2.165 -0.6726	0.5684 0.9892 2.07 -1.754 -1.859
47500	2.916 1.508 -7.124 2.704 0.9322	8.633 -2.915 -3.513 -3.626 0.1951	-4.735 1.409 3.039 3.635 -0.1519	-4.219 -1.424 8.789 -2.166 -0.6624	0.5713 0.982 2.068 -1.761 -1.877
47600	2.926 1.462 -7.206 2.73 0.9308	8.622 -2.918 -3.515 -3.614 0.1845	-4.669 1.437 3.019 3.644 -0.1126	-4.27 -1.368 8.769 -2.166 -0.5975	0.579 0.9853 2.086 -1.769 -1.839
47700	2.909 1.385 -7.115 2.694 0.7691	8.508 -2.934 -3.463 -3.824 0.1336	-4.647 1.651 2.979 3.586 -0.3342	-4.417 -1.715 8.881 -2.328 -0.7793	0.5712 1.189 2.133 -1.891 -1.948
47800	2.877 1.395 -7.351 2.705 0.7983	8.55 -2.857 -3.476 -3.856 0.1878	-4.702 1.566 2.969 3.724 -0.4788	-4.312 -1.88 8.904 -2.265 -0.6774	0.7239 1.075 2.145 -2.033 -2.037
47900	2.988 1.46 -7.481 2.674 0.8395	8.583 -2.786 -3.406 -3.89 0.2686	-4.632 1.615 3.068 3.616 -0.3983	-4.14 -1.909 8.916 -2.414 -0.6926	0.7577 0.9768 2.076 -1.957 -2.068
48000	2.98 1.294 -7.515 2.485 0.7264	8.571 -2.911 -3.403 -3.935 0.4702	-4.845 1.486 3.065 3.747 -0.2139	-4.192 -1.896 9.133 -2.275 -0.6711	0.6813 1.003 2.037 -1.916 -2.062
48100	3.037 1.293 -7.514 2.534 0.745	8.544 -2.872 -3.422 -3.924 0.3702	-4.86 1.41 3.045 3.721 -0.1841	-4.194 -1.847 9.163 -2.347 -0.7689	0.7301 1.036 1.939 -1.951 -2.12
48200	2.912 1.277 -7.575 2.397 0.6024	8.536 -2.854 -3.351 -4.003 0.3642	-4.877 1.407 2.957 3.807 -0.1201	-4.262 -1.921 9.207 -2.289 -0.7526	0.6161 1.085 1.95 -1.978 -2.11
48300	2.961 1.203 -7.641 2.413 0.6707	8.54 -2.872 -3.366 -4.078 0.3645	-4.841 1.426 2.932 3.739 -0.1022	-4.286 -1.995 9.129 -2.252 -0.8175	0.5519 1.051 2.049 -2.155 -2.122
48400	2.961 1.203 -7.641 2.413 0.6707	8.54 -2.872 -3.366 -4.078 0.3645	-4.841 1.426 2.932 3.739 -0.1022	-4.286 -1.995 9.129 -2.252 -0.8175	0.5519 1.051 2.049 -2.155 -2.122
48500	2.961 1.203 -7.641 2.413 0.6707	8.54 -2.872 -3.366 -4.078 0.3645	-4.841 1.426 2.932 3.739 -0.1022	-4.286 -1.995 9.129 -2.252 -0.8175	0.5519 1.051 2.049 -2.155 -2.122
48600	2.961 1.203 -7.641 2.413 0.6707	8.54 -2.872 -3.366 -4.078 0.3645	-4.841 1.426 2.932 3.739 -0.1022	-4.286 -1.995 9.129 -2.252 -0.8175	0.5519 1.051 2.049 -2.155 -2.122
48700	2.961 1.203 -7.641 2.413 0.6707	8.54 -2.872 -3.366 -4.078 0.3645	-4.841 1.426 2.932 3.739 -0.1022	-4.286 -1.995 9.129 -2.252 -0.8175	0.5519 1.051 2.049 -2.155 -2.122
48800	2.902 1.27 -7.579 2.271 0.6862	8.568 -2.891 -3.394 -3.987 0.3055	-4.947 1.421 2.957 3.745 -0.1797	-4.308 -2.012 9.156 -2.295 -0.7934	0.4543 1.055 1.92 -2.11 -2.068
48900	2.893 1.25 -7.577 2.21 0.6722	8.646 -2.933 -3.449 -4.019 0.2685	-4.892 1.322 2.934 3.706 -0.1178	-4.336 -1.966 9.155 -2.366 -0.8148	0.4799 1.05 1.938 -2.132 -2.118
49000	2.945 1.369 -7.538 2.344 0.5776	8.761 -2.945 -3.584 -4.092 0.1295	-4.83 1.236 2.891 3.606 -0.1392	-4.332 -1.926 9.236 -2.261 -0.922	0.3814 1.042 1.826 -2.204 -2.098
49100	2.904 1.382 -7.573 2.378 0.4625	8.946 -2.982 -3.622 -4.163 0.1804	-4.847 1.261 2.895 3.543 -0.1514	-4.478 -1.831 9.162 -2.328 -0.9241	0.493 1.009 1.906 -2.195 -2.042
49200	2.884 1.412 -7.476 2.356 0.3111	8.871 -3.123 -3.827 -3.978 0.398	-5.139 1.642 2.959 3.705 0.1244	-4.611 -2.093 9.179 -2.496 -0.9764	0.6339 0.871 2.006 -2.162 -2.134
49300	2.905 1.357 -7.464 2.15 0.2052	8.931 -3.088 -3.922 -3.862 0.3966	-5.243 1.636 2.944 3.972 0.3038	-4.587 -2.079 9.22 -2.46 -1.067	0.5636 0.993 1.909 -2.115 -2.156
49400	2.914 1.391 -7.409 2.099 0.241	8.978 -3.129 -3.975 -3.916 0.4764	-5.414 1.685 3.016 4.019 0.446	-4.414 -2.029 9.19 -2.41 -1.034	0.4355 0.9568 1.873 -2.114 -2.179
49500	2.906 1.416 -7.465 2.148 0.3401	8.859 -3.141 -3.871 -3.97 0.3585	-5.263 1.559 2.883 3.691 0.3709	-4.428 -1.945 9.296 -2.527 -1.069	0.2762 1.072 1.849 -2.086 -2.267
49600	2.975 1.12 -7.566 2.127 0.374	8.786 -3.185 -3.908 -3.803 0.4872	-5.3 1.444 2.907 3.717 0.5067	-4.249 -1.916 9.401 -2.893 -1.189	0.3184 1.058 1.872 -2.036 -2.366
49700	3 1.078 -7.385 2.049 0.333	8.76 -3.139 -3.996 -3.72 0.4381	-5.358 1.562 3.028 3.735 0.5289	-4.242 -2.056 9.403 -2.956 -1.128	0.323 1.215 1.87 -2.054 -2.306
49800	3.024 0.9444 -7.371 2.107 0.3001	8.738 -3.222 -3.932 -3.51 0.3334	-5.409 1.6 3.039 3.631 0.5908	-4.176 -1.97 9.375 -2.995 -1.112	0.2097 1.246 1.971 -2.07 -2.238
49900	3.024 0.9444 -7.371 2.107 0.3001	8.738 -3.222 -3.932 -3.51 0.3334	-5.409 1.6 3.039 3.631 0.5908	-4.176 -1.97 9.375 -2.995 -1.112	0.2097 1.246 1.971 -2.07 -2.238
50000	3.024 0.9444 -7.371 2.107 0.3001	8.738 -3.222 -3.932 -3.51 0.3334	-5.409 1.6 3.039 3.631 0.5908	-4.176 -1.97 9.375 -2.995 -1.112	0.2097 1.246 1.971 -2.07 -2.238
50100	3.024 0.9444 -7.371 2.107 0.3001	8.738 -3.222 -3.932 -3.51 0.3334	-5.409 1.6 3.039 3.631 0.5908	-4.176 -1.97 9.375 -2.995 -1.112	0.2097 1.246 1.971 -2.07 -2.238
