0	0 0 0 0	0 0 0 0	0 0 0 0	0 0 0 0
100	0.3447 0.02005 0.04773 0.2145	-0.1391 0.2201 0.189 0.2464	0.05068 -0.02883 0.4172 0.2085	-0.02324 -0.2047 -0.3057 -0.7949
200	0.7182 0.01032 0.1133 -0.0274	-0.1507 0.6891 0.287 0.3607	0.01501 0.135 0.4901 0.3841	-0.4575 -0.5592 -0.5309 -1.476
300	0.8727 0.09545 0.1734 -0.3646	-0.277 0.8581 -0.003444 0.6524	0.1102 0.1313 0.7753 0.2241	-0.5901 -0.7287 -0.5421 -1.98
400	0.9713 -0.122 0.02189 -0.6799	-0.2334 1.075 -0.2171 1.098	-0.08424 -0.02293 0.9851 0.114	-0.2533 -0.9138 -0.7516 -2.361
500	1.201 0.2383 -0.04745 -0.6841	-0.2222 1.158 -0.2701 1.028	0.03793 0.09051 1.153 0.136	-0.3783 -0.9577 -0.89 -2.677
600	1.36 0.2278 -0.0155 -0.7813	0.05752 1.444 0.1458 1.249	0.07419 -0.05219 1.466 -0.1587	-0.3958 -1.095 -1.008 -2.91
700	1.413 -0.003283 0.2411 -1.501	0.07292 1.476 0.1298 0.9439	0.2369 -0.00587 1.427 -0.4507	-0.6063 -1.37 -0.5644 -3.362
800	1.278 0.1573 0.1161 -1.598	-0.05001 1.432 -0.04016 1.234	0.2028 0.3145 1.353 -0.3058	-0.7499 -1.428 -0.4522 -3.438
900	1.41 0.2554 0.385 -1.413	-0.4769 1.393 0.2603 1.085	-0.151 0.4194 1.293 -0.3045	-0.8087 -1.317 -0.4216 -3.601
1000	1.354 0.6119 0.00801 -1.268	0.04251 1.356 0.166 0.9912	0.1662 0.3945 1.421 -0.1835	-0.7563 -0.9795 -0.4297 -4.144
1100	1.58 0.6254 0.1009 -0.8132	-0.224 1.629 0.3115 0.9085	0.3248 0.4444 1.459 -0.2335	-0.8567 -0.9973 -0.2509 -4.163
1200	1.684 0.7275 -0.1011 -0.7958	0.08892 1.537 0.2606 0.7869	0.2921 0.4451 1.702 -0.2062	-1.09 -0.8776 -0.1198 -4.276
1300	1.577 0.6528 -0.1998 -0.8613	0.6529 1.374 0.2378 0.8103	0.4397 0.4785 1.547 -0.4082	-0.9268 -1.432 -0.083 -4.352
1400	1.587 0.6371 -0.4312 -0.7948	0.4846 1.536 0.06659 0.7826	0.635 0.3033 1.56 -0.3596	-0.545 -1.258 -0.2802 -4.382
1500	1.541 0.6033 -0.7195 -1.09	0.4326 1.447 -0.2262 0.7493	0.4009 0.2009 1.575 -0.3588	-0.7245 -1.338 -0.5461 -4.347
1600	1.501 0.4292 -0.4757 -0.7877	0.7046 1.486 -0.01664 0.5896	0.3863 0.003316 1.614 -0.4082	-0.7316 -1.04 -0.5364 -4.802
1700	1.608 0.6293 -0.4555 -0.6453	0.5561 1.416 0.3511 0.397	0.4656 0.3524 1.56 -0.1575	-0.6468 -0.7498 -0.7018 -5.023
1800	1.517 0.5019 -0.1403 -0.1842	0.595 1.419 0.2726 0.148	0.6419 0.268 1.539 0.0209	-0.5485 -1.084 -0.911 -5.07
1900	1.451 0.6635 -0.3966 -0.1464	0.5671 1.245 0.3681 0.3248	0.8883 -0.1165 1.45 -0.3097	-0.7419 -1.173 -0.9637 -4.766
2000	1.501 0.8675 -0.5571 0.06181	0.3955 1.348 0.3611 0.4866	0.9172 -0.4247 1.452 -0.3457	-0.622 -1.257 -1.056 -4.882
2100	1.64 0.6883 -0.586 0.126	-0.05692 1.675 0.5081 0.7205	0.8651 -0.3913 1.669 -0.2788	-0.5953 -1.367 -1.062 -4.933
2200	1.526 0.5952 -0.7516 0.3288	-0.2554 1.453 0.3816 0.8575	0.8895 -0.4806 1.487 -0.1178	-0.5571 -1.189 -1.14 -4.814
2300	1.488 0.5512 -0.7204 0.3507	-0.2147 1.477 0.356 0.9044	0.8281 -0.4743 1.447 -0.1162	-0.5592 -1.195 -1.139 -4.832
2400	1.472 0.5171 -0.7053 0.3224	-0.2752 1.41 0.4424 0.8688	0.9853 -0.4639 1.345 0.01621	-0.6454 -1.236 -1.298 -4.777
2500	1.242 0.5295 -0.6468 0.2186	-0.1551 1.236 0.3502 0.5556	1.099 -0.356 1.315 0.1105	-0.4904 -1.446 -1.212 -4.771
2600	1.191 0.5232 -0.3752 0.4524	-0.2815 1.234 0.3153 0.5854	1.215 -0.5393 1.128 0.1687	-0.6027 -1.452 -1.324 -4.774
2700	1.165 0.6704 -0.4225 0.5408	-0.5896 1.261 0.2926 0.6809	1.181 -0.5417 1.284 0.1371	-0.6698 -1.704 -1.415 -5.001
2800	1.085 0.7882 -0.4441 0.456	-0.6486 1.294 0.05659 0.524	1.172 -0.6859 1.186 -0.02225	-0.7008 -1.797 -1.284 -4.954
2900	1.164 0.4129 -0.5066 0.5418	-0.6377 1.319 0.318 0.6514	1.319 -0.4527 1.148 -0.1661	-0.4195 -1.861 -1.146 -4.892
3000	0.9656 0.4143 -0.4153 0.4002	-0.7275 1.107 0.2982 0.7116	1.139 -0.4311 0.9049 -0.1768	-0.304 -1.621 -0.9806 -5.169
3100	0.9158 0.562 -0.398 0.4313	-0.668 1.028 0.4734 0.592	1.093 -0.6606 0.9293 -0.1159	-0.3196 -1.623 -0.6097 -4.91
3200	1.068 0.6309 -0.4009 0.3132	-0.563 1.062 0.5371 0.5441	1.023 -0.738 1.09 -0.1624	-0.02523 -1.656 -0.5907 -4.683
3300	1.146 0.4297 -0.6983 0.435	-0.5044 1.226 0.5036 0.5953	0.8472 -0.854 1.232 -0.1344	0.1903 -1.462 -0.6527 -4.449
3400	1.12 0.5277 -0.7456 0.5804	-0.5324 1.169 0.3608 0.645	1.006 -0.9543 1.123 -0.2974	0.03076 -1.587 -0.4453 -4.509
3500	1.08 0.5673 -0.7289 0.8518	-0.495 1.247 0.2014 0.3861	1.009 -0.7403 1.2 -0.04203	0.2192 -1.699 -0.3239 -4.63
3600	1.096 0.5779 -0.7626 0.7906	-0.5196 1.112 0.1099 0.401	0.9271 -0.8862 1.189 -0.09002	0.0005499 -1.704 -0.1295 -4.517
3700	1.108 0.5163 -0.7004 0.907	-0.4173 1.122 0.1492 0.5523	0.9658 -1.127 1.143 -0.06614	-0.1035 -1.328 -0.2864 -4.592
3800	1.067 0.2546 -0.7748 0.8395	-0.5531 1.119 0.3633 0.6337	0.8575 -1.244 1.096 -0.1835	0.1513 -1.278 -0.2842 -4.517
3900	1.009 0.2482 -0.8269 0.8541	-0.5476 1.102 0.3796 0.643	0.9159 -1.249 1.092 -0.1148	0.2749 -1.229 0.0198 -4.648
4000	0.9231 0.2348 -0.6587 0.8698	-0.3519 0.9951 0.3375 0.653	0.9374 -1.145 0.9551 -0.08278	0.4022 -1.269 0.09314 -4.613
4100	0.9552 0.2415 -0.7466 0.77	-0.4282 1.03 0.387 0.7265	0.9066 -1.248 1.046 -0.05019	0.3696 -1.281 0.2569 -4.712
4200	0.8775 0.3291 -0.7471 0.4887	-0.4329 1.023 0.2106 0.7535	0.8578 -1.235 0.9907 0.008179	0.3422 -1.201 0.3306 -4.728
4300	0.8031 0.2861 -0.6271 0.4457	-0.4813 0.7901 0.246 0.7344	0.721 -1.291 0.8378 0.3235	0.284 -0.9012 0.3471 -4.87
4400	0.7354 0.1268 -0.7257 0.3612	-0.6363 0.7262 0.2572 0.7442	0.7121 -0.9437 0.7911 0.2977	0.3512 -0.6536 0.447 -4.885
4500	0.8886 0.04823 -0.4507 0.3779	-0.3999 0.903 0.4688 0.3682	0.9935 -0.9825 0.8512 0.3613	0.1794 -0.9791 0.4467 -4.805
4600	0.7311 0.08041 -0.4728 0.4434	-0.3039 0.8339 0.3781 0.5927	0.9535 -0.8964 0.7909 0.3666	0.081 -1.048 0.5479 -4.988
4700	0.8078 0.1415 -0.4889 0.3282	-0.2113 0.7783 0.5427 0.4576	0.8892 -1.033 0.7564 0.3726	0.3089 -0.9161 0.4385 -5.023
4800	0.7444 0.1636 -0.5488 0.2249	-0.4257 0.8122 0.7012 0.2501	0.8719 -0.9814 0.8055 0.3875	0.2145 -0.8153 0.4509 -5.209
4900	0.834 0.214 -0.4697 0.2139	-0.2989 0.7759 0.6971 0.2733	0.969 -1.064 0.7759 0.3195	0.1084 -0.8731 0.3571 -5.325
5000	0.9017 0.3794 -0.5263 0.4304	-0.3316 0.7826 0.7153 0.2845	0.7938 -1.446 0.8461 0.3185	0.01161 -0.6693 0.4036 -5.486
5100	0.9005 0.4431 -0.6018 0.2485	-0.3667 0.911 1.021 0.3117	0.8028 -1.543 0.8951 0.4282	-0.02807 -0.559 0.34 -5.449
5200	0.8385 0.7292 -0.4764 0.1664	-0.514 0.871 1.073 0.3958	0.758 -1.502 0.8578 0.3699	-0.1115 -0.609 0.2747 -5.368
5300	0.8208 0.7602 -0.5906 0.1899	-0.5879 0.7346 1.131 0.5658	0.589 -1.508 0.8181 0.4927	-0.1415 -0.6929 0.2819 -5.443
5400	0.923 0.8398 -0.6412 0.08138	-0.6613 0.7442 1.205 0.6159	0.7257 -1.424 0.8733 0.609	-0.1999 -0.6136 0.194 -5.363
5500	0.9124 0.8024 -0.6566 0.1656	-0.6599 0.7689 1.167 0.7223	0.742 -1.378 0.8869 0.5842	-0.2476 -0.7273 0.189 -5.386
5600	0.6698 0.9384 -0.6142 -0.03685	-0.6098 0.7296 1.139 0.4355	0.62 -1.385 0.7247 0.5745	-0.04885 -0.8472 0.4118 -5.485
5700	0.6894 0.8157 -0.5302 -0.1094	-0.6396 0.6945 1.089 0.4656	0.5658 -1.474 0.7189 0.6143	-0.1318 -0.7661 0.4645 -5.455
5800	0.6692 0.6866 -0.6379 0.009456	-0.4392 0.5699 1.09 0.2752	0.6251 -1.407 0.7115 0.7178	-0.2457 -0.6991 0.4666 -5.415
5900	0.6372 0.6772 -0.6568 0.1266	-0.3431 0.4733 1.052 0.4702	0.6143 -1.418 0.6355 0.8473	-0.2122 -0.6877 0.3865 -5.042
6000	0.5732 0.6277 -0.7432 0.08345	-0.4389 0.4756 1.326 0.3857	0.6497 -1.384 0.5506 0.7051	-0.1775 -0.6876 0.4099 -4.879
6100	0.5655 0.7933 -0.7515 0.03382	-0.4714 0.4556 1.279 0.3752	0.6752 -1.408 0.5142 0.877	-0.2109 -0.6341 0.4768 -5.171
6200	0.3743 0.7296 -0.72 -0.1751	-0.597 0.4445 1.284 0.206	0.9486 -1.452 0.3696 0.9295	0.03189 -0.6625 0.5388 -5.004
6300	0.3524 0.7535 -0.6447 -0.2356	-0.8004 0.4071 1.255 0.1725	0.9849 -1.435 0.4684 0.7306	0.07181 -0.5962 0.6175 -4.994
6400	0.39 1.007 -0.5744 -0.2525	-1.103 0.3732 1.212 0.08178	1.305 -1.51 0.4356 0.7974	0.03354 -0.6368 0.7179 -5.142
6500	0.3384 1.094 -0.4547 -0.1455	-0.9283 0.3579 1.41 -0.00714	1.397 -1.496 0.417 0.7144	0.1052 -0.6967 0.4907 -5.106
6600	0.3017 1.05 -0.423 -0.09098	-0.8943 0.4108 1.45 -0.01272	1.413 -1.508 0.3934 0.6792	0.1735 -0.7017 0.4842 -5.078
6700	0.2893 1.011 -0.2685 -0.01823	-0.7617 0.3529 1.523 -0.2088	1.432 -1.651 0.4031 0.526	0.1616 -0.8181 0.4484 -5.183
6800	0.3698 0.8756 -0.4062 0.04451	-0.7636 0.397 1.328 -0.1356	1.41 -1.643 0.5035 0.5956	0.1474 -0.8435 0.5089 -5.452
6900	0.3641 0.9025 -0.2955 0.1281	-0.6838 0.4093 1.3 -0.1469	1.362 -1.792 0.4284 0.7394	-0.005219 -0.9704 0.5743 -5.467
7000	0.2451 0.9487 -0.4519 0.2377	-0.6129 0.3234 1.408 -0.2056	1.193 -1.827 0.3833 0.8422	-0.005221 -0.8664 0.5278 -5.345
7100	0.2052 0.948 -0.4514 0.1385	-0.7294 0.2277 1.407 -0.09718	1.144 -1.818 0.2478 0.9229	-0.008552 -0.8209 0.5377 -5.341
7200	0.2568 0.9858 -0.3863 0.1095	-0.8306 0.3077 1.557 -0.2388	1.058 -1.886 0.3377 0.8692	-0.03516 -0.8279 0.5037 -5.25
7300	0.405 1.13 -0.3527 -0.008942	-0.7539 0.3807 1.682 -0.1717	0.9632 -1.913 0.416 0.8681	-0.1358 -0.9105 0.381 -5.214
7400	0.5385 1.057 -0.4572 0.003531	-0.7299 0.3971 1.521 -0.2257	1.125 -1.898 0.5782 0.8975	-0.07958 -0.9917 0.4316 -5.157
7500	0.4617 1.088 -0.4087 -0.03191	-0.7362 0.3813 1.517 -0.3795	1.028 -2.031 0.4607 0.8812	-0.2079 -1.022 0.512 -5.258
7600	0.4368 1.062 -0.3216 0.1243	-0.5284 0.3146 1.422 -0.3878	0.9008 -1.989 0.4048 0.9333	-0.4295 -0.7932 0.3954 -5.401
7700	0.2251 0.9252 -0.4959 -0.116	-0.6375 0.2732 1.408 -0.4601	1.117 -1.978 0.3556 1.011	-0.2169 -0.7309 0.3415 -5.458
7800	0.3501 1.03 -0.3609 -0.05331	-0.6653 0.3266 1.535 -0.4126	0.9537 -2.073 0.4257 0.9917	-0.1569 -0.911 0.3246 -5.485
7900	0.3285 1.069 -0.341 -0.05222	-0.7304 0.2542 1.678 -0.5101	0.9406 -1.965 0.402 0.9661	-0.1973 -0.9219 0.3762 -5.281
8000	0.2668 1.164 -0.4786 -0.02532	-0.6257 0.1771 1.534 -0.5662	0.9214 -2.156 0.2307 1.044	-0.3048 -1.043 0.3442 -5.316
8100	0.3637 1.573 -0.4131 0.2428	-0.5936 0.3536 1.365 -0.2466	0.9812 -2.177 0.3998 1.159	-0.2892 -0.8743 0.441 -5.375
8200	0.3419 1.607 -0.3843 0.4273	-0.5977 0.2396 1.541 -0.3569	0.9362 -2.402 0.2994 1.335	-0.2511 -1.177 0.3868 -5.578
8300	0.3468 1.484 -0.4087 0.5174	-0.6159 0.3082 1.623 -0.4774	1.054 -2.482 0.3226 1.423	-0.09835 -1.072 0.4957 -5.54
8400	0.3083 1.357 -0.3553 0.6109	-0.5397 0.2154 1.651 -0.645	1.057 -2.443 0.3633 1.381	-0.03509 -1.146 0.2674 -5.631
8500	0.2724 1.386 -0.3254 0.6516	-0.5525 0.2307 1.611 -0.717	1.124 -2.508 0.3272 1.323	-0.04504 -1.165 0.2254 -5.664
8600	0.1629 1.295 -0.1996 0.69	-0.5906 0.1415 1.678 -0.7798	1.162 -2.482 0.267 1.472	0.00571 -1.187 0.03984 -5.498
8700	0.07896 1.334 -0.07509 0.7574	-0.671 0.06862 1.66 -0.758	0.9511 -2.543 0.07482 1.317	0.0705 -1.068 -0.3447 -5.476
8800	0.05627 1.36 -0.3217 0.8285	-0.631 -0.02118 1.72 -1.084	0.8015 -2.583 0.07794 1.335	0.01248 -0.848 -0.2647 -5.475
8900	0.1037 1.317 -0.4441 0.6327	-0.5127 0.02774 1.863 -1.002	0.7492 -2.714 0.1323 1.394	-0.09267 -0.9263 -0.1328 -5.456
9000	-0.02472 1.35 -0.4968 0.599	-0.4783 -0.2275 1.932 -1.035	0.8395 -2.714 -0.006565 1.433	0.07118 -0.9663 0.04503 -5.574
9100	0.001088 1.33 -0.6606 0.7147	-0.535 -0.08045 1.845 -0.9746	0.9341 -2.642 0.08153 1.231	0.1522 -0.7053 0.05711 -5.653
9200	0.05214 1.431 -0.5371 0.815	-0.4936 -0.04581 1.999 -1.069	1.148 -2.686 0.1101 1.271	0.1361 -0.6407 0.08045 -5.755
9300	0.1811 1.138 -0.528 0.72	-0.4267 0.07128 1.89 -1.048	0.9963 -2.67 0.1973 1.107	0.07668 -0.7158 0.1025 -5.665
9400	0.1871 1.202 -0.5433 0.8816	-0.4715 0.07281 1.923 -0.9871	0.9263 -2.631 0.197 0.8972	0.08769 -0.8377 0.171 -5.691
9500	0.1871 1.202 -0.5433 0.8816	-0.4715 0.07281 1.923 -0.9871	0.9263 -2.631 0.197 0.8972	0.08769 -0.8377 0.171 -5.691
9600	0.1943 1.185 -0.595 1.014	-0.5614 0.1137 2.093 -1.014	0.881 -2.49 0.127 1.033	0.000267 -0.8954 0.164 -5.678
9700	0.1655 1.174 -0.5938 0.7646	-0.5938 0.03214 2.038 -1.032	0.9649 -2.43 0.2401 1.058	-0.03121 -0.8562 0.2796 -5.72
9800	0.1069 1.21 -0.5767 0.7754	-0.5566 0.08516 2.032 -1.024	0.9843 -2.412 0.1851 1.053	0.004884 -0.8077 0.2549 -5.781
9900	0.2073 1.099 -0.3623 0.7319	-0.6319 0.02633 2.095 -1.116	0.9868 -2.148 0.3491 0.9802	-0.002835 -0.8366 0.1951 -5.762
10000	0.2051 1.056 -0.3006 0.7375	-0.6228 0.08849 2.141 -1.057	1.121 -2.267 0.3195 1.056	0.09796 -0.9723 0.1352 -5.706
10100	0.1636 1.174 -0.3243 0.8203	-0.6668 0.2083 2.274 -0.875	1.366 -2.019 0.2615 1.059	-0.1103 -0.7985 0.1579 -5.677
10200	0.08879 1.12 -0.3088 0.8341	-0.5745 0.1191 2.254 -0.9335	1.364 -2.043 0.1751 1.161	-0.01733 -0.7529 0.1919 -5.701
10300	0.08879 1.12 -0.3088 0.8341	-0.5745 0.1191 2.254 -0.9335	1.364 -2.043 0.1751 1.161	-0.01733 -0.7529 0.1919 -5.701
10400	0.08879 1.12 -0.3088 0.8341	-0.5745 0.1191 2.254 -0.9335	1.364 -2.043 0.1751 1.161	-0.01733 -0.7529 0.1919 -5.701
10500	0.08879 1.12 -0.3088 0.8341	-0.5745 0.1191 2.254 -0.9335	1.364 -2.043 0.1751 1.161	-0.01733 -0.7529 0.1919 -5.701
10600	0.08879 1.12 -0.3088 0.8341	-0.5745 0.1191 2.254 -0.9335	1.364 -2.043 0.1751 1.161	-0.01733 -0.7529 0.1919 -5.701
10700	0.08879 1.12 -0.3088 0.8341	-0.5745 0.1191 2.254 -0.9335	1.364 -2.043 0.1751 1.161	-0.01733 -0.7529 0.1919 -5.701
10800	0.08879 1.12 -0.3088 0.8341	-0.5745 0.1191 2.254 -0.9335	1.364 -2.043 0.1751 1.161	-0.01733 -0.7529 0.1919 -5.701
10900	0.08879 1.12 -0.3088 0.8341	-0.5745 0.1191 2.254 -0.9335	1.364 -2.043 0.1751 1.161	-0.01733 -0.7529 0.1919 -5.701
11000	0.08879 1.12 -0.3088 0.8341	-0.5745 0.1191 2.254 -0.9335	1.364 -2.043 0.1751 1.161	-0.01733 -0.7529 0.1919 -5.701
11100	0.08879 1.12 -0.3088 0.8341	-0.5745 0.1191 2.254 -0.9335	1.364 -2.043 0.1751 1.161	-0.01733 -0.7529 0.1919 -5.701
11200	0.08879 1.12 -0.3088 0.8341	-0.5745 0.1191 2.254 -0.9335	1.364 -2.043 0.1751 1.161	-0.01733 -0.7529 0.1919 -5.701
11300	0.2534 1.396 -0.2905 0.8241	-0.5337 0.2305 2.401 -0.9331	1.663 -2.103 0.1133 1.085	0.0929 -0.7855 0.1766 -5.649
11400	0.1332 1.43 -0.1957 0.9987	-0.4378 0.1588 2.244 -1.057	1.788 -2.213 0.1394 1.077	0.2309 -1.119 -0.006781 -5.694
11500	0.1846 1.401 -0.2353 1	-0.4094 0.149 2.187 -1.112	1.771 -2.174 0.1836 1.104	0.1999 -1.053 0.01045 -5.712
11600	0.1941 1.495 -0.1867 0.7788	-0.5711 0.03401 2.09 -1.163	1.756 -2.093 0.2659 1.074	0.2287 -1.173 -0.1374 -5.649
11700	0.06356 1.279 -0.2594 0.8802	-0.6523 -0.05799 2.045 -1.167	1.849 -1.914 0.1085 1.091	0.1973 -0.9168 -0.1198 -5.734
11800	0.002058 1.31 -0.2434 0.824	-0.6014 0.001087 1.961 -1.324	1.807 -2.118 0.09076 1.283	0.3285 -0.8101 -0.2402 -5.769
11900	-0.003775 1.328 -0.3218 0.7795	-0.5423 0.03151 2.051 -1.362	1.895 -2.051 -0.03659 1.291	0.4368 -0.7119 -0.1262 -5.934
12000	0.003064 1.407 -0.2537 0.6975	-0.5632 0.02591 2.097 -1.382	1.852 -2.041 -0.03621 1.181	0.5367 -0.6718 -0.2274 -5.958
12100	0.01803 1.321 -0.04601 0.5161	-0.5545 -0.03315 2.163 -1.619	1.906 -2.111 0.05044 1.258	0.5521 -0.6361 -0.1438 -5.837
12200	0.1373 1.266 0.03499 0.4591	-0.4629 0.09859 2.227 -1.542	1.888 -2.182 0.1677 1.265	0.5799 -0.5974 -0.04174 -6.007
12300	0.1244 1.254 -0.02812 0.3868	-0.4638 0.1683 1.999 -1.475	1.755 -2.295 0.1996 1.178	0.5111 -0.7229 0.06006 -6.011
12400	0.2471 1.335 -0.008864 0.3031	-0.3849 0.1427 2.036 -1.443	1.813 -2.45 0.2584 1.258	0.5132 -0.7112 -0.03692 -5.987
12500	0.2471 1.335 -0.008864 0.3031	-0.3849 0.1427 2.036 -1.443	1.813 -2.45 0.2584 1.258	0.5132 -0.7112 -0.03692 -5.987
12600	0.1483 1.495 -0.09268 0.4254	-0.2809 0.1371 2.123 -1.486	1.835 -2.456 0.2439 1.294	0.6088 -0.7969 -0.09524 -6.057
12700	0.1488 1.614 -0.0375 0.5387	-0.3202 0.1586 2.036 -1.38	1.846 -2.245 0.2463 1.203	0.6534 -0.803 0.01535 -6.084
12800	0.1484 1.597 -0.02785 0.5818	-0.3928 0.2009 2.055 -1.443	1.915 -2.293 0.3046 1.355	0.673 -0.8007 0.02123 -6.167
12900	0.3166 1.699 0.04646 0.6711	-0.4088 0.2497 2.045 -1.647	1.779 -2.115 0.4419 1.489	0.7431 -0.9024 0.05602 -6.096
13000	0.308 1.679 0.005526 0.6603	-0.3058 0.3242 2.09 -1.785	1.726 -2.002 0.3463 1.597	0.7378 -0.7192 0.1747 -5.974
13100	0.3308 1.584 0.09004 0.7113	-0.241 0.3196 2.047 -1.783	1.721 -2.017 0.2914 1.568	0.7353 -0.7225 0.1761 -5.949
13200	0.3245 1.565 0.1363 0.7592	-0.2518 0.3369 2.06 -1.807	1.752 -2.021 0.2941 1.559	0.7133 -0.7228 0.1342 -5.942
13300	0.2072 1.668 0.1365 0.904	-0.2922 0.1986 2.173 -1.823	1.647 -2.012 0.2551 1.644	0.6649 -0.9026 0.1425 -5.943
13400	0.1992 1.587 0.1749 0.8914	-0.2321 0.2725 2.199 -1.847	1.612 -2.133 0.3296 1.575	0.6404 -0.8403 0.2195 -5.87
13500	0.2381 1.739 0.3616 0.9341	-0.3932 0.2551 2.247 -1.774	1.661 -2.119 0.1969 1.508	0.5948 -0.8068 0.3108 -6.268
13600	0.1301 1.642 0.3386 0.8128	-0.4333 0.152 2.416 -1.821	1.781 -2.087 0.2457 1.398	0.5119 -0.8214 0.2607 -6.061
13700	0.1712 1.724 0.3263 0.8941	-0.3917 0.2022 2.451 -1.518	1.639 -2.11 0.3493 1.454	0.5185 -0.7893 0.102 -5.971
13800	0.2565 1.681 0.3301 0.9598	-0.4856 0.246 2.412 -1.482	1.816 -2.33 0.3006 1.312	0.6547 -0.7737 0.2052 -6.007
13900	0.2135 1.521 0.4031 0.9541	-0.4879 0.1875 2.328 -1.61	1.725 -2.098 0.232 1.27	0.6213 -0.8018 0.09792 -5.952
14000	0.2584 1.5 0.3358 1.051	-0.5212 0.2177 2.331 -1.613	1.701 -2.028 0.2356 1.288	0.5805 -0.9375 -0.0186 -5.925
14100	0.1886 1.481 0.3618 1.023	-0.5519 0.2161 2.308 -1.681	1.673 -2.005 0.2535 1.234	0.6444 -0.9261 -0.02067 -5.966
14200	0.2002 1.385 0.3148 1.014	-0.5626 0.2496 2.39 -1.737	1.732 -1.893 0.2923 1.176	0.6341 -0.8275 -0.01577 -5.93
14300	0.1951 1.222 0.4056 1.01	-0.601 0.1173 2.498 -1.747	1.754 -2.065 0.3556 1.132	0.5809 -0.8928 -0.1094 -5.891
14400	0.3311 1.041 0.3233 1.191	-0.501 0.3232 2.363 -1.469	1.78 -2.027 0.2849 1.003	0.6853 -0.9757 0.0562 -6.144
14500	0.2263 1.164 0.2021 1.461	-0.5505 0.3275 2.308 -1.544	2.011 -1.996 0.3186 1.084	0.6892 -0.9115 0.3028 -6.274
14600	0.2708 1.201 0.2303 1.445	-0.5348 0.1727 2.333 -1.542	2.166 -2.169 0.2425 1.187	0.9014 -0.9819 0.2759 -6.608
14700	0.2686 1.242 0.2661 1.482	-0.5518 0.1603 2.277 -1.449	2.186 -2.058 0.1998 1.277	1.002 -1.098 0.2653 -6.65
14800	0.1497 1.284 0.5291 1.409	-0.635 0.1484 2.421 -1.509	2.198 -2.095 0.08393 1.242	1.104 -1.144 0.2977 -6.636
14900	0.06129 1.39 0.5004 1.424	-0.6259 0.0776 2.652 -1.535	2.024 -2.053 0.1956 1.233	1.122 -1.05 0.2263 -6.625
15000	-0.01425 1.345 0.5696 1.419	-0.566 0.08358 2.598 -1.519	2.042 -2.016 0.1783 1.295	1.14 -1.007 0.226 -6.636
15100	0.03418 1.409 0.6181 1.489	-0.573 0.04917 2.548 -1.404	1.993 -1.997 0.118 1.271	1.196 -0.9833 0.2341 -6.571
15200	-0.007501 1.502 0.552 1.541	-0.5184 0.02556 2.542 -1.437	1.975 -2.003 0.1372 1.191	1.248 -0.972 0.2867 -6.444
15300	0.0737 1.422 0.5649 1.714	-0.6993 0.1215 2.712 -1.352	2.151 -2.063 0.2 1.181	1.209 -0.9145 0.2766 -6.427
15400	0.04492 1.406 0.686 1.773	-0.7341 0.1152 2.692 -1.393	2.085 -2.062 0.1493 1.289	1.168 -1.034 0.2894 -6.385
15500	0.03498 1.431 0.691 1.723	-0.7661 0.1304 2.725 -1.342	2.067 -1.981 0.08654 1.345	1.101 -1.021 0.355 -6.351
15600	0.03498 1.431 0.691 1.723	-0.7661 0.1304 2.725 -1.342	2.067 -1.981 0.08654 1.345	1.101 -1.021 0.355 -6.351
15700	0.1494 1.466 0.6562 1.845	-0.9601 0.189 2.747 -1.504	1.989 -1.754 0.1917 1.238	1.093 -0.8367 0.4668 -6.336
15800	0.06184 1.483 0.6928 1.771	-0.9618 0.006187 2.782 -1.43	1.92 -1.69 0.1783 1.163	1.076 -1.015 0.3278 -6.15
15900	0.02145 1.461 0.8206 1.821	-0.9126 -0.06148 2.778 -1.504	1.848 -1.909 -0.07918 1.043	0.9939 -1.262 0.4127 -6.213
16000	0.06094 1.662 0.7337 1.862	-0.9004 0.08291 2.825 -1.566	1.974 -1.978 0.01863 1.164	1.055 -1.206 0.229 -6.253
16100	-0.001862 1.468 0.8009 1.954	-0.5782 0.03687 2.9 -1.539	2.075 -1.84 0.01946 1.128	1.128 -1.437 0.4256 -6.324
16200	0.1213 1.626 0.7871 1.919	-0.527 0.02891 3.03 -1.411	2.267 -1.798 0.1511 1.184	1.012 -1.393 0.4159 -6.336
16300	0.1107 1.641 0.8287 1.976	-0.4761 0.0671 3.029 -1.461	2.239 -1.833 0.2022 1.168	0.9574 -1.425 0.4494 -6.402
16400	0.01981 1.651 0.7496 2.014	-0.4471 0.07613 3.031 -1.435	2.201 -1.819 0.1266 1.184	0.8929 -1.32 0.4977 -6.489
16500	0.1147 1.62 0.7016 1.944	-0.5375 0.154 3.093 -1.321	2.249 -1.74 0.1766 1.218	0.7614 -1.347 0.484 -6.544
16600	0.1309 1.576 0.6561 1.916	-0.4944 0.1592 3.033 -1.326	2.275 -1.788 0.08726 1.31	0.8308 -1.178 0.3868 -6.414
16700	0.1097 1.651 0.6826 1.841	-0.5583 0.08516 2.973 -1.353	2.306 -1.705 0.1579 1.337	0.8076 -1.13 0.4885 -6.363
16800	0.126 1.748 0.7079 1.864	-0.5573 0.2033 2.793 -1.445	2.463 -1.857 0.09005 1.337	0.8791 -1.264 0.4867 -6.44
16900	0.1997 1.663 0.5885 1.91	-0.4758 0.1705 2.906 -1.429	2.409 -1.855 0.2585 1.209	0.914 -1.222 0.3573 -6.43
17000	0.2026 1.582 0.556 2.106	-0.4842 0.2147 3.001 -1.352	2.413 -1.926 0.2487 1.325	0.9332 -1.227 0.3565 -6.415
17100	0.1109 1.27 0.4452 2.196	-0.6427 0.2157 3.155 -1.331	2.402 -1.966 0.04792 1.157	0.69 -1.321 0.5145 -6.545
17200	0.0814 1.268 0.3469 2.031	-0.7837 0.1541 3.128 -1.503	2.516 -1.8 0.05692 1.219	0.923 -0.9703 0.3378 -6.518
17300	0.07327 1.324 0.3481 2.031	-0.7334 0.1165 3.131 -1.469	2.566 -1.756 0.02755 1.215	0.8802 -0.96 0.2768 -6.525
17400	0.1182 1.329 0.2974 2.069	-0.7498 0.1302 3.199 -1.48	2.532 -1.754 0.05311 1.124	0.9163 -0.8939 0.2882 -6.579
17500	0.1031 1.152 0.324 2.067	-0.6393 0.1905 3.033 -1.592	2.52 -1.679 0.1302 1.126	0.8782 -0.9326 0.1101 -6.566
17600	0.1877 1.134 0.631 2.021	-0.7861 0.1995 2.89 -1.449	2.447 -1.731 0.1607 1.176	0.9192 -1.045 0.2296 -6.404
17700	0.006731 1.189 0.5687 2.01	-0.6309 0.08319 2.902 -1.488	2.545 -1.545 0.08072 1.046	0.9714 -1.093 0.202 -6.257
17800	0.046 1.274 0.7736 1.957	-0.811 0.02581 2.928 -1.511	2.667 -1.511 0.06857 1	0.9268 -1.145 0.1249 -6.247
17900	0.0515 1.397 0.7377 2.003	-0.8185 0.1487 3.002 -1.501	2.737 -1.543 0.1375 1.132	0.9687 -1.128 0.1836 -6.326
18000	0.111 1.485 0.6046 1.837	-0.7733 0.2477 3.004 -1.494	2.669 -1.676 0.1756 1.151	0.9062 -1.168 0.2936 -6.252
18100	0.1256 1.405 0.6144 1.868	-0.718 0.1852 3.024 -1.537	2.574 -1.612 0.1901 1.258	0.9102 -1.181 0.3184 -6.258
18200	0.117 1.394 0.6126 1.841	-0.7097 0.2003 3.006 -1.549	2.573 -1.603 0.1907 1.277	0.9238 -1.171 0.3529 -6.244
18300	0.117 1.394 0.6126 1.841	-0.7097 0.2003 3.006 -1.549	2.573 -1.603 0.1907 1.277	0.9238 -1.171 0.3529 -6.244
18400	0.117 1.394 0.6126 1.841	-0.7097 0.2003 3.006 -1.549	2.573 -1.603 0.1907 1.277	0.9238 -1.171 0.3529 -6.244
18500	0.07965 1.584 0.5031 1.902	-0.7291 0.1316 3.025 -1.684	2.491 -1.687 0.09486 1.323	0.8719 -1.256 0.5179 -6.285
18600	0.0721 1.573 0.4792 1.705	-0.9725 0.1475 2.898 -1.652	2.441 -1.587 0.1396 1.332	0.9399 -1.229 0.4444 -6.319
18700	0.004087 1.467 0.4337 1.571	-0.8944 0.06612 2.927 -1.576	2.331 -1.761 -0.0304 1.342	1.076 -1.231 0.5721 -6.272
18800	0.04529 1.604 0.4229 1.449	-0.9492 0.07505 2.825 -1.61	2.375 -1.63 -0.05671 1.425	1.105 -1.251 0.39 -6.315
18900	-0.08912 1.656 0.3126 1.494	-0.9873 0.08608 2.804 -1.639	2.357 -1.567 0.01758 1.38	1.062 -1.315 0.3078 -6.476
19000	-0.03692 1.661 0.328 1.537	-0.8857 0.06794 2.771 -1.693	2.376 -1.628 0.09387 1.487	0.9885 -1.317 0.36 -6.532
19100	-0.02459 1.669 0.224 1.395	-0.6551 0.01906 2.691 -1.705	2.425 -1.873 0.08286 1.532	1.101 -1.272 0.3312 -6.342
19200	-0.02702 1.782 0.3573 1.405	-0.522 -0.1194 2.596 -1.765	2.426 -1.926 -0.05366 1.353	1.064 -1.228 0.219 -6.252
19300	-0.02497 1.768 0.2225 1.471	-0.5606 -0.01733 2.621 -1.782	2.302 -1.83 0.003339 1.427	1.061 -1.265 0.3701 -6.209
19400	0.001512 1.644 -0.02657 1.328	-0.4914 -0.08021 2.609 -1.715	2.356 -2.027 -0.0241 1.326	1.27 -1.236 0.2456 -6.328
19500	-0.1018 1.518 0.1148 1.175	-0.3845 -0.2192 2.577 -1.576	2.516 -1.948 -0.04199 1.54	1.295 -1.253 0.3096 -6.272
19600	-0.1676 1.445 0.1378 1.032	-0.4146 -0.05963 2.584 -1.512	2.526 -1.926 -0.0663 1.608	1.298 -1.268 0.2713 -6.457
19700	-0.1873 1.599 0.2072 1.192	-0.41 -0.1172 2.534 -1.486	2.599 -2.027 -0.1371 1.657	1.328 -1.309 0.2698 -6.413
19800	-0.1353 1.587 0.272 1.109	-0.3928 -0.08925 2.524 -1.462	2.564 -2.106 -0.1403 1.724	1.149 -1.307 0.2364 -6.407
19900	-0.1576 1.57 0.2574 0.9229	-0.2457 -0.1175 2.487 -1.361	2.52 -2.094 -0.05898 1.728	1.284 -1.284 0.1261 -6.459
20000	-0.1471 1.596 0.2954 0.9052	-0.2842 -0.07228 2.454 -1.33	2.542 -2.12 -0.09682 1.717	1.297 -1.258 0.1312 -6.46
20100	-0.1248 1.578 0.3185 0.937	-0.2794 -0.0741 2.467 -1.336	2.552 -2.147 -0.1019 1.698	1.304 -1.241 0.122 -6.475
20200	-0.1744 1.569 0.2873 0.9972	-0.1327 -0.06912 2.394 -1.53	2.607 -2.138 -0.1542 1.776	1.372 -1.178 0.1916 -6.473
20300	-0.3093 1.513 0.2085 1.017	-0.1859 -0.2253 2.583 -1.548	2.674 -1.876 -0.3248 1.829	1.519 -1.183 0.1821 -6.615
20400	-0.2929 1.577 0.3024 1.024	-0.2462 -0.2266 2.63 -1.708	2.622 -1.778 -0.1716 1.914	1.411 -1.111 0.1961 -6.6
20500	-0.2477 1.642 0.3383 1.104	-0.2065 -0.2549 2.659 -1.681	2.604 -1.782 -0.1784 1.918	1.41 -1.083 0.1837 -6.567
20600	-0.2356 1.784 0.2548 1.122	-0.2822 -0.1524 2.601 -1.937	2.615 -1.764 -0.103 1.856	1.412 -1.051 0.3203 -6.473
20700	-0.1212 1.798 0.3616 1.319	-0.3282 -0.1408 2.567 -1.838	2.563 -1.662 -0.04116 1.899	1.423 -0.9725 0.2425 -6.498
20800	-0.001709 1.9 0.1019 1.197	-0.112 -0.1805 2.735 -1.922	2.485 -1.628 -0.05746 1.987	1.766 -1.087 0.2467 -6.37
20900	-0.08974 1.89 -0.05598 1.413	-0.1941 -0.01788 2.906 -1.993	2.503 -1.695 0.01138 1.963	1.629 -0.9248 0.2138 -6.4
21000	0.1385 1.859 -0.1359 1.536	-0.2098 0.1117 3.044 -1.98	2.462 -1.548 0.172 2.108	1.483 -0.8558 0.2094 -6.374
21100	0.1623 1.765 -0.04623 1.307	-0.2195 0.1025 3.103 -1.847	2.468 -1.547 0.08719 2.151	1.558 -1.026 0.3345 -6.397
21200	0.1329 1.829 -0.08588 1.35	-0.2315 0.1595 3.17 -1.792	2.424 -1.55 0.1059 2.15	1.55 -0.9381 0.29 -6.403
21300	0.1477 1.855 -0.08936 1.249	-0.2733 0.1224 3.155 -1.665	2.405 -1.66 0.1497 2.123	1.608 -0.9348 0.2881 -6.422
21400	0.1477 1.855 -0.08936 1.249	-0.2733 0.1224 3.155 -1.665	2.405 -1.66 0.1497 2.123	1.608 -0.9348 0.2881 -6.422
21500	0.1837 1.876 0.06293 1.507	-0.2698 0.1436 3.077 -1.76	2.325 -1.687 0.02369 2.122	1.501 -0.8638 0.2213 -6.58
21600	0.1017 1.844 0.04554 1.489	-0.259 0.08941 2.973 -1.578	2.365 -1.763 -0.05483 2.096	1.495 -0.9006 0.3904 -6.508
21700	0.03093 1.803 0.00916 1.432	-0.2607 -0.01548 2.977 -1.585	2.217 -1.796 0.09555 2.098	1.454 -0.9029 0.4407 -6.558
21800	0.08821 1.672 0.1089 1.525	-0.3047 0.08358 2.826 -1.9	2.071 -1.841 0.01267 1.964	1.389 -0.919 0.5211 -6.661
21900	0.06444 1.692 0.06412 1.431	-0.237 0.08783 2.856 -1.929	2.03 -1.815 0.1035 2.096	1.122 -0.8099 0.4954 -6.741
22000	0.05779 1.601 0.03092 1.181	-0.2785 -0.04009 2.814 -1.936	1.993 -1.691 0.007191 2.032	1.123 -0.8118 0.6239 -6.77
22100	0.07026 1.583 -0.04007 1.19	-0.3855 0.06103 2.906 -1.887	1.946 -1.883 -0.009596 1.869	1.116 -0.8702 0.503 -6.843
22200	-0.00793 1.484 0.007439 1.275	-0.4593 0.02874 2.893 -1.925	1.973 -1.861 0.06633 1.909	1.024 -0.6359 0.5896 -6.743
22300	-0.02041 1.509 -0.04215 1.295	-0.4552 -0.01862 2.932 -1.918	1.945 -1.853 0.03125 1.885	1.025 -0.6771 0.5737 -6.748
22400	-0.01288 1.453 0.002116 1.318	-0.384 0.02695 2.871 -1.972	1.967 -1.863 -0.06486 1.951	0.8571 -0.6801 0.5553 -6.71
22500	-0.06398 1.477 0.2056 1.287	-0.3014 0.02492 2.997 -2.061	1.861 -1.961 -0.01709 2.089	0.7929 -0.6274 0.6705 -6.658
22600	0.001793 1.582 0.1193 1.295	-0.3767 -0.04201 3.039 -2.011	1.764 -2.061 0.032 2.06	0.7965 -0.6328 0.7495 -6.681
22700	-0.04725 1.5 0.2009 1.081	-0.3418 -0.06045 2.94 -2.003	1.863 -1.952 -0.1014 2.232	0.7375 -0.6081 0.9032 -6.588
22800	-0.03332 1.362 0.3266 1.104	-0.3358 -0.074 2.893 -2.063	1.939 -1.896 -0.08864 2.246	0.8765 -0.7138 0.9858 -6.583
22900	-0.2359 1.286 0.2274 1.115	-0.4575 -0.1227 2.933 -2.028	2.028 -1.968 -0.1236 2.312	0.8342 -0.7629 1.028 -6.613
23000	-0.1907 1.385 0.3257 1.278	-0.4756 -0.2756 3.097 -2.12	2.021 -1.867 -0.2253 2.334	0.6612 -0.8811 0.8943 -6.458
23100	-0.2126 1.309 0.2433 1.181	-0.3133 -0.322 3.016 -2.166	2.047 -1.918 -0.2308 2.262	0.6005 -0.8286 1.001 -6.403
23200	-0.2261 1.372 0.2344 1.318	-0.2332 -0.1751 3.088 -2.081	1.933 -1.975 -0.1454 2.078	0.454 -0.7572 0.8778 -6.305
23300	-0.2538 1.295 0.2453 1.322	-0.1908 -0.2864 3.141 -2.018	2.005 -1.94 -0.215 2.06	0.4411 -0.8896 0.8742 -6.328
23400	-0.2299 1.289 0.2858 1.293	-0.2065 -0.274 3.151 -1.979	1.941 -1.787 -0.2121 2.017	0.4267 -0.915 0.8846 -6.34
23500	-0.2663 1.211 0.3928 1.34	-0.1414 -0.3153 3.182 -2.003	1.87 -1.811 -0.3052 1.997	0.3893 -0.9057 0.8402 -6.269
23600	-0.1624 1.177 0.3848 1.395	-0.069 -0.2277 3.188 -2.119	1.915 -1.741 -0.1701 1.92	0.412 -0.7836 0.8637 -6.358
23700	-0.2931 1.212 0.4417 1.239	-0.06656 -0.3012 3.191 -2.237	1.857 -1.774 -0.2464 1.893	0.3875 -0.7944 0.7533 -6.26
23800	-0.2614 1.054 0.5639 1.135	-0.2836 -0.2771 3.164 -2.485	1.804 -1.655 -0.287 2.014	0.3965 -0.777 0.687 -6.346
23900	-0.3378 1.126 0.6066 1.113	-0.1994 -0.3005 3.099 -2.591	1.747 -1.542 -0.3079 1.897	0.3231 -0.6063 0.6411 -6.246
24000	-0.4483 1.149 0.7078 1.09	-0.2049 -0.3376 3.109 -2.557	1.805 -1.487 -0.3251 1.867	0.281 -0.3489 0.6184 -6.253
24100	-0.3911 1.198 0.4488 1.144	-0.1278 -0.3678 2.949 -2.419	1.751 -1.459 -0.3562 1.86	0.3651 -0.3847 0.7704 -6.29
24200	-0.3871 1.151 0.5042 1.15	-0.07857 -0.4232 2.906 -2.481	1.742 -1.504 -0.3526 1.834	0.5378 -0.4387 0.799 -6.386
24300	-0.4369 1.21 0.4311 1.127	-0.1667 -0.4411 2.942 -2.389	1.757 -1.515 -0.3883 1.748	0.5331 -0.3219 0.6402 -6.212
24400	-0.3747 1.297 0.5538 1.257	-0.08862 -0.4794 3.086 -2.427	1.649 -1.504 -0.4066 1.745	0.5072 -0.2104 0.6469 -6.327
24500	-0.3525 1.284 0.4944 1.299	-0.06692 -0.4379 3.012 -2.494	1.631 -1.385 -0.4119 1.714	0.4879 -0.1674 0.6634 -6.351
24600	-0.3171 1.263 0.4953 1.253	-0.09943 -0.3497 2.981 -2.542	1.611 -1.439 -0.3698 1.726	0.4777 -0.2001 0.7724 -6.385
24700	-0.3332 1.418 0.5715 1.27	-0.2037 -0.4155 2.927 -2.575	1.782 -1.541 -0.2838 1.511	0.5518 -0.1873 0.6869 -6.532
24800	-0.1521 1.426 0.697 1.328	-0.07003 -0.2402 2.721 -2.582	1.828 -1.853 -0.1967 1.54	0.4571 -0.05438 0.7034 -6.47
24900	-0.2541 1.487 0.6482 1.478	-0.2567 -0.1626 2.762 -2.634	1.789 -1.677 -0.08429 1.569	0.5312 0.02372 0.7176 -6.64
25000	-0.253 1.497 0.5314 1.534	-0.2763 -0.1336 2.738 -2.548	1.885 -1.755 -0.1634 1.492	0.4816 -0.04893 1.029 -6.751
25100	-0.1867 1.371 0.4908 1.531	-0.2857 -0.2078 2.812 -2.499	1.809 -1.699 -0.2359 1.596	0.3968 0.2569 1.003 -6.902
25200	-0.2143 1.394 0.4697 1.513	-0.2831 -0.2005 2.825 -2.545	1.79 -1.683 -0.2482 1.624	0.3982 0.2381 0.9983 -6.926
25300	-0.2143 1.394 0.4697 1.513	-0.2831 -0.2005 2.825 -2.545	1.79 -1.683 -0.2482 1.624	0.3982 0.2381 0.9983 -6.926
25400	-0.1615 1.229 0.588 1.608	-0.4232 -0.2606 2.582 -2.554	1.854 -1.759 -0.154 1.626	0.4027 0.2071 0.9094 -7.041
25500	-0.1749 1.391 0.7288 1.447	-0.2669 -0.3003 2.673 -2.539	1.731 -1.455 -0.3301 1.778	0.42 -0.0005642 0.7378 -7.036
25600	-0.2834 1.389 0.6622 1.443	-0.2248 -0.2852 2.68 -2.654	1.594 -1.553 -0.2649 1.905	0.3952 0.02839 0.7564 -7.163
25700	-0.2605 1.47 0.6972 1.6	-0.2406 -0.3002 2.646 -2.687	1.564 -1.576 -0.1573 1.767	0.5333 0.0433 0.6785 -7.085
25800	-0.263 1.452 0.7602 1.651	-0.1168 -0.2587 2.48 -2.737	1.536 -1.647 -0.1698 1.851	0.6558 0.2475 0.7544 -7.21
25900	-0.2057 1.57 0.7618 1.693	-0.2292 -0.1618 2.601 -2.799	1.557 -1.781 -0.1487 1.797	0.5999 0.08657 0.8572 -7.279
26000	-0.07616 1.597 0.6429 1.83	-0.2903 -0.1271 2.679 -2.761	1.659 -2.028 -0.00368 1.806	0.6402 0.008521 0.9504 -7.267
26100	-0.08546 1.593 0.644 1.86	-0.2632 -0.1252 2.707 -2.802	1.666 -2.014 -0.007416 1.776	0.6599 -0.00944 0.9789 -7.259
26200	0.09218 1.572 0.6482 1.885	-0.3201 0.03955 2.915 -2.992	1.522 -1.737 0.09788 1.687	0.7834 0.09398 1.053 -7.177
26300	0.1821 1.593 0.7482 1.917	-0.3442 0.1505 2.922 -2.943	1.499 -1.698 0.1174 1.619	0.7615 0.05173 1.05 -6.997
26400	0.1932 1.661 0.7413 1.83	-0.2677 0.1413 3.138 -3.044	1.638 -1.572 0.1983 1.569	0.7279 -0.0421 1.163 -6.846
26500	0.1932 1.661 0.7413 1.83	-0.2677 0.1413 3.138 -3.044	1.638 -1.572 0.1983 1.569	0.7279 -0.0421 1.163 -6.846
26600	0.1932 1.661 0.7413 1.83	-0.2677 0.1413 3.138 -3.044	1.638 -1.572 0.1983 1.569	0.7279 -0.0421 1.163 -6.846
26700	0.1932 1.661 0.7413 1.83	-0.2677 0.1413 3.138 -3.044	1.638 -1.572 0.1983 1.569	0.7279 -0.0421 1.163 -6.846
26800	0.2162 1.707 0.7528 1.836	-0.2714 0.1437 3.131 -3.035	1.558 -1.586 0.1742 1.539	0.7336 -0.02278 1.176 -6.807
26900	0.2008 1.664 0.7748 1.788	-0.3254 0.1495 3.055 -3.003	1.476 -1.494 0.1762 1.679	0.6716 -0.06327 1.218 -6.815
27000	0.1929 1.676 0.8367 1.699	-0.3169 0.1201 3.118 -2.911	1.481 -1.587 0.1963 1.559	0.7717 -0.05015 1.242 -6.885
27100	0.2166 1.669 0.8252 1.689	-0.3134 0.1298 3.126 -2.877	1.466 -1.616 0.1983 1.548	0.7982 -0.02896 1.236 -6.89
27200	0.2166 1.669 0.8252 1.689	-0.3134 0.1298 3.126 -2.877	1.466 -1.616 0.1983 1.548	0.7982 -0.02896 1.236 -6.89
27300	0.2166 1.669 0.8252 1.689	-0.3134 0.1298 3.126 -2.877	1.466 -1.616 0.1983 1.548	0.7982 -0.02896 1.236 -6.89
27400	0.1981 1.665 0.8384 1.68	-0.3003 0.1296 3.165 -2.88	1.508 -1.654 0.1878 1.524	0.8124 -0.04422 1.254 -6.887
27500	0.2423 1.761 0.756 1.677	-0.3205 0.1088 3.269 -2.903	1.518 -1.6 0.1452 1.583	0.9476 -0.05183 1.412 -6.945
27600	0.2181 1.683 0.7512 1.675	-0.3996 0.1999 3.128 -2.874	1.596 -1.63 0.1726 1.534	0.9186 -0.07436 1.336 -6.958
27700	0.3396 1.659 0.7137 1.739	-0.5015 0.2593 3.135 -2.834	1.596 -1.68 0.1644 1.588	0.9216 -0.09556 1.311 -6.974
27800	0.3396 1.659 0.7137 1.739	-0.5015 0.2593 3.135 -2.834	1.596 -1.68 0.1644 1.588	0.9216 -0.09556 1.311 -6.974
27900	0.2962 1.611 0.7613 1.714	-0.5162 0.2345 3.168 -2.969	1.564 -1.478 0.2092 1.697	0.8165 -0.0897 1.456 -6.978
28000	0.2888 1.787 0.7204 1.734	-0.6127 0.3337 3.196 -2.844	1.588 -1.604 0.3171 1.716	0.6529 0.004494 1.507 -6.875
28100	0.106 1.713 0.7185 1.878	-0.6355 0.1794 3.293 -2.747	1.601 -1.595 0.2771 1.789	0.6734 -0.106 1.399 -6.813
28200	0.1294 1.828 0.7062 2.032	-0.4845 0.0254 3.307 -2.736	1.473 -1.653 0.2525 1.777	0.6875 -0.02208 1.305 -6.867
28300	0.1278 1.826 0.6533 2.098	-0.4293 0.08097 3.416 -2.675	1.464 -1.57 0.2055 1.86	0.9343 0.02766 1.154 -6.641
28400	0.08782 1.842 0.8039 2.127	-0.539 0.05485 3.568 -2.641	1.477 -1.475 0.1163 1.85	0.9455 0.04407 1.2 -6.597
28500	0.1246 1.839 0.7796 2.223	-0.6546 0.08371 3.768 -2.486	1.326 -1.451 0.1082 1.956	1.053 0.1308 1.112 -6.669
28600	0.07372 1.872 0.753 2.264	-0.7481 0.1415 3.782 -2.503	1.28 -1.443 0.1773 1.911	1.051 0.1328 1.178 -6.635
28700	0.111 1.861 0.6777 2.262	-0.8373 0.1673 3.813 -2.333	1.313 -1.39 0.1414 2.014	1.212 0.1099 1.284 -6.52
28800	0.1705 1.759 0.6878 2.252	-0.8107 0.07202 3.758 -2.35	1.35 -1.375 0.1286 1.958	1.247 0.04852 1.191 -6.603
28900	0.1173 1.763 0.7525 2.11	-0.7529 0.04523 3.922 -2.261	1.232 -1.483 0.08269 2.024	1.342 -0.2415 1.161 -6.649
29000	0.06345 1.643 0.8605 2.096	-0.7053 0.06206 3.82 -2.273	1.161 -1.36 0.01668 1.897	1.419 -0.3862 1.162 -6.777
29100	0.1674 1.801 0.6234 2.104	-0.71 0.01136 3.944 -2.411	1.329 -1.402 0.07425 1.875	1.342 -0.05524 1.095 -6.768
29200	0.1577 1.731 0.7377 2.127	-0.6895 -0.007344 4.021 -2.335	1.312 -1.487 0.05606 1.74	1.14 0.07158 1.165 -6.645
29300	0.1386 1.594 0.4717 1.997	-0.9435 -0.01453 4.018 -2.39	1.229 -1.53 0.1119 1.861	1.189 0.1359 1.095 -6.71
29400	0.06707 1.601 0.58 2.093	-1.032 0.07895 4.054 -2.352	1.32 -1.512 0.1848 1.874	1.081 0.1965 1.164 -6.506
29500	0.1209 1.566 0.6164 1.954	-0.9695 0.09707 4.12 -2.355	1.282 -1.511 0.1723 1.853	1.121 0.1413 1.134 -6.445
29600	0.1463 1.557 0.4705 2.145	-1.118 0.116 4.102 -2.333	1.179 -1.273 0.07707 2.063	1.013 0.2172 1.296 -6.335
29700	0.03915 1.656 0.5003 2.155	-1.054 0.04348 4.21 -2.233	1.348 -1.436 0.01608 2.145	0.8479 0.05432 1.35 -6.45
29800	0.1352 1.568 0.566 2.148	-1.094 0.05501 4.11 -2.253	1.426 -1.431 0.04671 2.101	0.8578 0.03312 1.356 -6.547
29900	0.1515 1.488 0.5338 2.11	-1.041 0.03193 4.099 -2.207	1.426 -1.457 0.0177 2.116	0.8227 0.06357 1.378 -6.552
30000	0.1085 1.411 0.554 2.09	-1.017 -0.02006 4.106 -2.282	1.43 -1.364 0.0576 2.049	0.7468 0.05004 1.408 -6.553
30100	0.09479 1.389 0.5081 2.046	-0.9646 0.04472 4.025 -2.277	1.446 -1.392 0.0297 2.057	0.7479 0.05903 1.356 -6.553
30200	0.1956 1.4 0.557 2.107	-1.011 0.04289 4.162 -2.197	1.439 -1.291 0.09466 2.053	0.6577 0.1406 1.31 -6.612
30300	0.07985 1.372 0.5631 2.172	-1.076 0.06062 4.274 -2.111	1.444 -1.248 -0.04655 1.958	0.6852 0.006879 1.356 -6.527
30400	0.1319 1.51 0.5234 2.053	-1.152 0.0006337 4.091 -1.997	1.528 -1.189 -0.01095 1.752	0.8122 -0.1144 1.365 -6.588
30500	0.1443 1.424 0.3382 2.044	-1.021 0.09439 3.947 -1.95	1.425 -1.203 0.06574 1.576	0.7201 -0.07756 1.368 -6.681
30600	0.06029 1.543 0.3554 1.991	-1.03 0.1355 3.965 -2.033	1.399 -1.228 0.06089 1.551	0.616 -0.18 1.213 -6.688
30700	0.1339 1.689 0.3476 1.847	-1.148 0.1747 3.936 -2.183	1.167 -0.9721 0.1937 1.633	0.5081 -0.311 1.252 -6.552
30800	0.1556 1.647 0.06555 1.664	-1.043 0.04453 4.081 -2.323	1.33 -0.9577 0.1034 1.651	0.5429 -0.4033 1.419 -6.519
30900	0.1082 1.413 -0.09428 1.609	-1.055 0.03431 4.145 -2.322	1.269 -0.9821 0.07057 1.657	0.4163 -0.343 1.446 -6.561
31000	0.1478 1.491 -0.2288 1.599	-1.339 0.03561 4.02 -2.201	1.272 -1.129 0.1284 1.911	0.2514 -0.2083 1.475 -6.669
31100	0.1598 1.438 -0.2382 1.614	-1.304 0.05719 4.024 -2.201	1.242 -1.132 0.1104 1.911	0.2403 -0.2122 1.458 -6.674
31200	0.1572 1.462 -0.2377 1.611	-1.285 0.07797 4.065 -2.195	1.216 -1.151 0.1237 1.947	0.1725 -0.206 1.453 -6.667
31300	0.09902 1.44 -0.1394 1.452	-1.252 0.06359 4.025 -2.116	1.118 -1.2 0.04482 2.06	0.1913 -0.1674 1.363 -6.598
31400	0.1396 1.437 -0.1251 1.41	-1.337 0.05298 4.045 -2.149	1.133 -1.221 0.001828 2.142	0.05572 -0.2324 1.346 -6.694
31500	0.1095 1.385 -0.1611 1.35	-1.336 0.03708 4.102 -2.226	1.095 -1.174 0.07112 2.402	0.06069 -0.4307 1.391 -6.785
31600	0.114 1.392 -0.08286 1.397	-1.254 0.01205 4.26 -2.277	1.053 -1.315 0.1205 2.347	0.1154 -0.4162 1.387 -6.816
31700	0.2361 1.306 -0.1503 1.371	-1.249 0.1496 4.266 -2.312	1.171 -1.488 0.04611 2.32	0.2046 -0.2816 1.447 -6.809
31800	0.2326 1.293 -0.1853 1.33	-1.292 0.2177 4.255 -2.332	1.172 -1.524 0.05809 2.316	0.2201 -0.2844 1.426 -6.796
31900	0.2326 1.293 -0.1853 1.33	-1.292 0.2177 4.255 -2.332	1.172 -1.524 0.05809 2.316	0.2201 -0.2844 1.426 -6.796
32000	0.2294 1.173 -0.2368 1.373	-1.276 0.1644 4.278 -2.336	1.152 -1.591 0.1548 2.273	0.2985 -0.3638 1.476 -6.77
32100	0.298 1.099 -0.3719 1.54	-1.209 0.2132 4.238 -2.426	1.28 -1.64 0.1826 2.194	0.3382 -0.3492 1.541 -6.919
32200	0.2573 1.199 -0.4707 1.635	-1.093 0.261 4.184 -2.418	1.133 -1.54 0.2842 2.211	0.5072 -0.08528 1.492 -7.055
32300	0.3621 1.108 -0.4619 1.529	-0.9492 0.2586 4.08 -2.593	1.236 -1.672 0.2852 2.202	0.5849 -0.1559 1.555 -7.116
32400	0.3369 1.131 -0.4974 1.528	-0.9759 0.218 4.02 -2.608	1.233 -1.607 0.3318 2.262	0.5796 -0.2012 1.593 -7.13
32500	0.2941 1.035 -0.3849 1.598	-0.9085 0.2878 3.954 -2.573	1.129 -1.526 0.2562 2.239	0.6974 -0.1726 1.568 -7.205
32600	0.2725 1.042 -0.4289 1.665	-1.013 0.2898 3.911 -2.552	1.102 -1.549 0.2693 2.316	0.7681 -0.1982 1.639 -7.106
32700	0.2925 0.9767 -0.1848 1.662	-1.032 0.1714 3.771 -2.709	1.082 -1.497 0.13 2.326	0.6571 -0.3341 1.52 -7.209
32800	0.1647 1.038 -0.1646 1.744	-0.9679 0.1902 3.673 -2.514	1.071 -1.461 0.1533 2.336	0.6108 -0.3246 1.447 -7.085
32900	0.1361 1.054 -0.1716 1.738	-0.99 0.1798 3.703 -2.469	1.116 -1.438 0.1389 2.32	0.5861 -0.3235 1.457 -7.08
33000	0.1551 1.283 -0.2294 1.971	-0.9957 0.1431 3.861 -2.418	1.325 -1.406 0.1656 2.466	0.4887 -0.3278 1.373 -7.06
33100	0.202 1.214 -0.4308 2.26	-0.9564 0.1525 3.63 -2.135	1.355 -1.637 0.1861 2.633	0.5789 -0.259 1.257 -7.009
33200	0.2306 1.251 -0.3739 2.151	-1.012 0.03015 3.745 -2.023	1.273 -1.534 0.1748 2.403	0.5564 -0.04895 1.382 -7.09
33300	0.1625 1.239 -0.4017 2.134	-1.07 0.06959 3.855 -2.041	1.31 -1.559 0.09346 2.365	0.525 -0.05859 1.344 -7.089
33400	0.1595 1.387 -0.4362 1.981	-1.128 0.1044 3.817 -2.018	1.438 -1.643 0.114 2.322	0.3576 0.07553 1.314 -7.188
33500	0.1638 1.31 -0.4017 1.975	-1.025 0.1135 3.769 -2.141	1.577 -1.614 0.1722 2.116	0.3318 0.1295 1.316 -7.334
33600	0.3128 1.293 -0.7199 2.177	-0.9455 0.2772 3.654 -2.016	1.806 -1.67 0.26 2.138	0.2862 0.1388 1.348 -7.314
33700	0.2269 1.365 -0.7392 2.226	-0.9124 0.1968 3.631 -2.037	1.787 -1.664 0.2041 2.096	0.2601 0.2237 1.547 -7.224
33800	0.2269 1.365 -0.7392 2.226	-0.9124 0.1968 3.631 -2.037	1.787 -1.664 0.2041 2.096	0.2601 0.2237 1.547 -7.224
33900	0.2427 1.399 -0.7141 2.27	-0.9197 0.2539 3.664 -2.037	1.73 -1.697 0.2307 2.113	0.2455 0.1652 1.508 -7.271
34000	0.3284 1.479 -0.5936 2.158	-0.8274 0.2736 3.634 -2.177	1.744 -1.57 0.2241 2.298	0.1835 0.1511 1.417 -7.169
34100	0.4606 1.57 -0.6043 2.163	-0.7533 0.289 3.627 -2.14	1.715 -1.518 0.3102 2.297	0.1442 0.1973 1.453 -7.156
34200	0.3693 1.572 -0.5788 2.238	-0.7447 0.2994 3.589 -2.014	1.743 -1.461 0.289 2.268	0.1324 0.2009 1.564 -7.12
34300	0.3107 1.518 -0.3005 2.323	-0.7281 0.3571 3.826 -2.221	1.464 -1.349 0.4041 2.197	0.1985 0.09543 1.682 -7.179
34400	0.4249 1.508 -0.3565 2.277	-0.6894 0.3774 3.859 -2.39	1.513 -1.556 0.4131 2.208	0.1137 -0.01669 1.685 -7.234
34500	0.4392 1.487 -0.3828 2.297	-0.6977 0.367 3.831 -2.425	1.497 -1.602 0.4232 2.184	0.06019 0.01198 1.77 -7.244
34600	0.4733 1.558 -0.3572 2.292	-0.5923 0.3373 3.819 -2.555	1.607 -1.547 0.422 2.18	-0.05243 0.07774 1.864 -7.201
34700	0.3756 1.338 -0.2119 2.293	-0.6885 0.3134 4.054 -2.666	1.671 -1.631 0.2989 2.268	0.05354 0.06918 1.836 -7.016
34800	0.2635 1.353 -0.3771 2.141	-0.773 0.2561 4.076 -2.542	1.665 -1.796 0.2419 2.203	0.09586 0.07618 1.933 -6.989
34900	0.3593 1.296 -0.1756 1.893	-0.823 0.208 4.074 -2.613	1.753 -1.934 0.1657 1.98	-0.0525 0.03563 2.103 -6.957
35000	0.1978 1.183 -0.1712 1.895	-0.8153 0.2048 4.107 -2.578	1.82 -1.986 0.1394 2.17	-0.081 0.05168 2.15 -6.797
35100	0.1978 1.183 -0.1712 1.895	-0.8153 0.2048 4.107 -2.578	1.82 -1.986 0.1394 2.17	-0.081 0.05168 2.15 -6.797
35200	0.1936 1.173 -0.2309 1.943	-0.8519 0.1346 4.019 -2.552	1.805 -2.025 0.1223 2.171	0.005567 0.1171 2.194 -6.748
35300	0.1996 1.322 -0.05472 1.986	-0.9648 0.148 4.011 -2.53	1.762 -1.904 0.1788 2.196	0.06352 0.1908 2.093 -6.68
35400	0.1996 1.322 -0.05472 1.986	-0.9648 0.148 4.011 -2.53	1.762 -1.904 0.1788 2.196	0.06352 0.1908 2.093 -6.68
35500	0.1996 1.322 -0.05472 1.986	-0.9648 0.148 4.011 -2.53	1.762 -1.904 0.1788 2.196	0.06352 0.1908 2.093 -6.68
35600	0.2194 1.351 -0.08793 1.97	-0.915 0.1921 4.045 -2.515	1.781 -1.882 0.1214 2.192	0.06949 0.1994 2.094 -6.699
35700	0.2194 1.351 -0.08793 1.97	-0.915 0.1921 4.045 -2.515	1.781 -1.882 0.1214 2.192	0.06949 0.1994 2.094 -6.699
35800	0.2194 1.351 -0.08793 1.97	-0.915 0.1921 4.045 -2.515	1.781 -1.882 0.1214 2.192	0.06949 0.1994 2.094 -6.699
35900	0.2194 1.351 -0.08793 1.97	-0.915 0.1921 4.045 -2.515	1.781 -1.882 0.1214 2.192	0.06949 0.1994 2.094 -6.699
36000	0.2621 1.235 0.002928 1.959	-0.9141 0.2038 4.123 -2.523	1.722 -1.977 0.2059 2.116	0.1379 0.1558 2.094 -6.652
36100	0.3429 1.347 0.09602 2.084	-1.033 0.4118 4.03 -2.418	1.901 -1.943 0.3392 2.064	0.05837 0.3647 2.055 -6.532
36200	0.426 1.363 0.1362 1.917	-1.045 0.3734 4.003 -2.389	1.882 -1.92 0.4414 2.174	0.105 0.2868 1.997 -6.602
36300	0.3486 1.364 0.1925 1.869	-1.06 0.3925 4.054 -2.451	1.975 -1.975 0.3497 2.27	0.05147 0.06462 1.866 -6.521
36400	0.364 1.35 0.1846 1.9	-1.11 0.3662 4.107 -2.416	1.987 -1.952 0.3078 2.29	0.08242 0.03883 1.899 -6.467
36500	0.364 1.35 0.1846 1.9	-1.11 0.3662 4.107 -2.416	1.987 -1.952 0.3078 2.29	0.08242 0.03883 1.899 -6.467
36600	0.3647 1.338 0.1878 1.899	-1.082 0.3425 4.112 -2.357	1.985 -1.958 0.2786 2.265	0.04875 0.04672 1.854 -6.422
36700	0.3378 1.337 0.1533 1.903	-1.067 0.3005 4.11 -2.37	1.996 -1.983 0.2926 2.264	0.04978 0.06331 1.83 -6.373
36800	0.346 1.277 0.1585 1.94	-1.058 0.292 4.119 -2.361	1.968 -1.955 0.3131 2.304	0.04976 0.0604 1.828 -6.372
36900	0.3592 1.219 0.09167 2.152	-0.834 0.3113 4.142 -2.193	1.915 -1.94 0.3236 2.355	-0.01176 -0.05592 1.506 -6.336
37000	0.2353 1.156 0.187 2.365	-0.7324 0.2287 3.887 -2.099	1.809 -1.942 0.3096 2.217	-0.1886 0.02592 1.477 -6.298
37100	0.2016 1.324 0.1792 2.462	-0.7207 0.2434 3.846 -2.038	1.859 -1.968 0.2686 2.172	-0.2985 0.02694 1.566 -6.367
37200	0.3279 1.271 0.009115 2.465	-0.7551 0.1852 4.035 -2.047	1.952 -2.09 0.2029 2.404	-0.0599 0.07937 1.65 -6.592
37300	0.4073 1.209 0.04105 2.37	-0.818 0.2675 4.086 -1.871	2.042 -2.192 0.306 2.447	-0.09725 -0.08264 1.749 -6.644
37400	0.3802 1.261 -0.03549 2.249	-0.8329 0.3246 4.311 -1.808	2.037 -2.198 0.3334 2.518	-0.1832 -0.07121 1.871 -6.827
37500	0.336 1.259 0.02312 2.338	-0.7981 0.3719 4.358 -1.706	2.044 -2.207 0.3298 2.627	-0.05717 -0.04745 1.914 -6.824
37600	0.291 1.264 -0.01225 2.406	-0.9357 0.2869 4.215 -1.672	2.039 -2.056 0.3236 2.735	-0.1532 -0.08375 1.756 -6.964
37700	0.2886 1.296 -0.04072 2.363	-0.9781 0.2886 4.233 -1.73	2.08 -2.108 0.3761 2.781	-0.149 -0.04511 1.818 -7.03
37800	0.349 1.37 -0.009543 2.412	-0.9367 0.3668 4.157 -1.767	2.037 -2.104 0.4251 2.822	-0.1031 -0.0488 1.698 -7.137
37900	0.3145 1.386 0.06587 2.444	-1.027 0.3525 4.052 -1.849	1.969 -2.061 0.4496 2.816	0.01702 -0.04892 1.716 -7.062
38000	0.3736 1.256 0.0712 2.247	-0.978 0.2997 4.121 -1.91	1.905 -1.896 0.3721 2.75	0.01504 -0.1986 1.653 -7.164
38100	0.4222 1.337 0.07468 2.346	-0.9965 0.4656 4.276 -1.814	1.842 -1.819 0.3578 2.522	-0.007631 -0.2643 1.638 -7.276
38200	0.422 1.289 0.121 2.411	-0.9532 0.4054 4.215 -1.669	1.925 -1.86 0.3966 2.441	0.001732 -0.3033 1.527 -7.253
38300	0.422 1.289 0.121 2.411	-0.9532 0.4054 4.215 -1.669	1.925 -1.86 0.3966 2.441	0.001732 -0.3033 1.527 -7.253
38400	0.422 1.289 0.121 2.411	-0.9532 0.4054 4.215 -1.669	1.925 -1.86 0.3966 2.441	0.001732 -0.3033 1.527 -7.253
38500	0.422 1.289 0.121 2.411	-0.9532 0.4054 4.215 -1.669	1.925 -1.86 0.3966 2.441	0.001732 -0.3033 1.527 -7.253
38600	0.422 1.289 0.121 2.411	-0.9532 0.4054 4.215 -1.669	1.925 -1.86 0.3966 2.441	0.001732 -0.3033 1.527 -7.253
38700	0.422 1.289 0.121 2.411	-0.9532 0.4054 4.215 -1.669	1.925 -1.86 0.3966 2.441	0.001732 -0.3033 1.527 -7.253
38800	0.422 1.289 0.121 2.411	-0.9532 0.4054 4.215 -1.669	1.925 -1.86 0.3966 2.441	0.001732 -0.3033 1.527 -7.253
38900	0.422 1.289 0.121 2.411	-0.9532 0.4054 4.215 -1.669	1.925 -1.86 0.3966 2.441	0.001732 -0.3033 1.527 -7.253
39000	0.422 1.289 0.121 2.411	-0.9532 0.4054 4.215 -1.669	1.925 -1.86 0.3966 2.441	0.001732 -0.3033 1.527 -7.253
39100	0.422 1.289 0.121 2.411	-0.9532 0.4054 4.215 -1.669	1.925 -1.86 0.3966 2.441	0.001732 -0.3033 1.527 -7.253
39200	0.3883 1.271 0.3836 2.306	-1.124 0.3728 4.323 -1.671	1.942 -1.831 0.3463 2.41	-0.0804 -0.1974 1.568 -7.413
39300	0.3608 1.21 0.2913 2.356	-0.9922 0.3123 4.383 -1.719	2.003 -1.867 0.3989 2.522	0.01554 -0.0861 1.575 -7.435
39400	0.3608 1.21 0.2913 2.356	-0.9922 0.3123 4.383 -1.719	2.003 -1.867 0.3989 2.522	0.01554 -0.0861 1.575 -7.435
39500	0.3831 1.219 0.2674 2.334	-1.01 0.2843 4.37 -1.747	2.008 -1.885 0.3746 2.459	-0.02708 -0.06374 1.61 -7.442
39600	0.3831 1.219 0.2674 2.334	-1.01 0.2843 4.37 -1.747	2.008 -1.885 0.3746 2.459	-0.02708 -0.06374 1.61 -7.442
39700	0.3831 1.219 0.2674 2.334	-1.01 0.2843 4.37 -1.747	2.008 -1.885 0.3746 2.459	-0.02708 -0.06374 1.61 -7.442
39800	0.3831 1.219 0.2674 2.334	-1.01 0.2843 4.37 -1.747	2.008 -1.885 0.3746 2.459	-0.02708 -0.06374 1.61 -7.442
39900	0.3685 1.204 0.2776 2.298	-1.017 0.2874 4.373 -1.763	1.989 -1.879 0.3738 2.449	-0.03143 -0.04236 1.63 -7.435
40000	0.3193 1.095 0.3412 2.359	-1.186 0.3603 4.353 -1.759	2.047 -1.812 0.2355 2.419	0.01586 0.002103 1.636 -7.399
40100	0.3988 1.031 0.3509 2.31	-1.205 0.34 4.214 -1.809	2.059 -1.729 0.1405 2.443	-0.05787 0.05864 1.7 -7.363
40200	0.367 0.9561 0.5072 2.151	-1.131 0.2422 4.133 -1.866	2.136 -1.648 0.1688 2.602	-0.06675 0.04983 1.763 -7.185
40300	0.2629 1.094 0.4859 1.991	-1.33 0.272 3.91 -2.198	2.297 -1.588 0.141 2.434	0.04166 -0.08518 1.729 -7.131
40400	0.2319 0.9654 0.4388 1.932	-1.323 0.2504 3.994 -2.308	2.312 -1.61 0.1862 2.331	0.01062 0.006902 1.79 -7.159
40500	0.2765 0.9924 0.3609 1.912	-1.341 0.2181 4.08 -2.229	2.33 -1.577 0.1632 2.341	0.08334 -0.1042 1.768 -7.265
40600	0.2495 1.027 0.2775 1.948	-1.358 0.168 4.092 -2.227	2.371 -1.627 0.1599 2.335	0.05964 -0.08173 1.826 -7.238
40700	0.2482 0.9875 0.2192 1.978	-1.325 0.186 4.074 -2.304	2.432 -1.577 0.224 2.317	0.14 -0.09785 1.816 -7.329
40800	0.3624 0.8251 0.07289 1.979	-1.237 0.3722 4.234 -2.441	2.398 -1.673 0.2941 2.258	0.2358 0.0008134 1.719 -7.293
40900	0.4008 0.9149 0.02533 1.959	-1.421 0.4472 4.294 -2.35	2.334 -1.74 0.4028 2.216	0.3184 0.02269 1.73 -7.339
41000	0.4298 0.9636 0.1079 1.891	-1.467 0.4799 4.325 -2.327	2.315 -1.748 0.4555 2.211	0.3311 0.004575 1.682 -7.436
41100	0.3946 0.9499 0.09419 1.911	-1.496 0.5209 4.344 -2.296	2.37 -1.795 0.3875 2.219	0.3279 -0.007971 1.687 -7.448
41200	0.3946 0.9499 0.09419 1.911	-1.496 0.5209 4.344 -2.296	2.37 -1.795 0.3875 2.219	0.3279 -0.007971 1.687 -7.448
41300	0.3903 1.005 0.02451 1.965	-1.36 0.4853 4.276 -2.383	2.319 -1.782 0.4317 2.284	0.4238 -0.04275 1.595 -7.534
41400	0.3572 0.9495 -0.01356 2.027	-1.408 0.4478 4.192 -2.351	2.35 -1.728 0.2799 2.314	0.3987 -0.04291 1.57 -7.536
41500	0.2703 0.9056 0.1141 2.13	-1.377 0.3052 4.154 -2.271	2.358 -1.735 0.3012 2.354	0.3624 0.03642 1.523 -7.455
41600	0.2703 0.9056 0.1141 2.13	-1.377 0.3052 4.154 -2.271	2.358 -1.735 0.3012 2.354	0.3624 0.03642 1.523 -7.455
41700	0.2703 0.9056 0.1141 2.13	-1.377 0.3052 4.154 -2.271	2.358 -1.735 0.3012 2.354	0.3624 0.03642 1.523 -7.455
41800	0.2369 0.8605 0.0909 2.164	-1.385 0.2494 4.191 -2.235	2.43 -1.706 0.2864 2.371	0.3435 0.1143 1.514 -7.443
41900	0.2369 0.8605 0.0909 2.164	-1.385 0.2494 4.191 -2.235	2.43 -1.706 0.2864 2.371	0.3435 0.1143 1.514 -7.443
42000	0.2369 0.8605 0.0909 2.164	-1.385 0.2494 4.191 -2.235	2.43 -1.706 0.2864 2.371	0.3435 0.1143 1.514 -7.443
42100	0.3295 0.8779 0.01223 2.113	-1.443 0.3206 4.194 -2.186	2.404 -1.727 0.3271 2.352	0.3947 0.2315 1.533 -7.388
42200	0.3753 0.8593 -0.1119 2.161	-1.526 0.2864 4.216 -2.111	2.37 -1.72 0.2767 2.439	0.3921 0.3034 1.535 -7.522
42300	0.4535 0.8433 -0.1631 2.225	-1.613 0.4038 4.324 -2.006	2.227 -1.495 0.3503 2.482	0.3778 0.2883 1.676 -7.502
42400	0.4905 0.8788 -0.1181 2.246	-1.65 0.3514 4.277 -2.045	2.283 -1.458 0.3056 2.571	0.2901 0.3464 1.677 -7.456
42500	0.4905 0.8788 -0.1181 2.246	-1.65 0.3514 4.277 -2.045	2.283 -1.458 0.3056 2.571	0.2901 0.3464 1.677 -7.456
42600	0.3472 0.9452 -0.05205 2.209	-1.623 0.3717 4.251 -2.085	2.396 -1.5 0.2837 2.66	0.3829 0.339 1.664 -7.563
42700	0.3796 0.9394 -0.1648 2.056	-1.652 0.4266 4.342 -2.031	2.292 -1.486 0.2432 2.725	0.2958 0.3446 1.664 -7.572
42800	0.3086 1.194 -0.009238 2.093	-1.619 0.3198 4.319 -1.918	2.474 -1.548 0.3121 2.809	0.2779 0.3403 1.518 -7.544
42900	0.2929 0.9902 0.04625 2.158	-1.628 0.4249 4.532 -1.881	2.482 -1.343 0.2254 3.059	0.1051 0.2548 1.68 -7.591
43000	0.2149 1.095 -0.07852 2.291	-1.452 0.2634 4.559 -1.911	2.436 -1.254 0.2049 2.902	0.1243 0.261 1.715 -7.508
43100	0.2665 1.1 -0.1559 2.253	-1.375 0.3218 4.365 -1.731	2.361 -1.271 0.2407 2.928	0.1113 0.2538 1.734 -7.365
43200	0.3228 1.293 -0.01681 2.357	-1.472 0.333 4.172 -1.835	2.419 -1.301 0.2735 3.104	0.08609 0.1353 1.738 -7.423
43300	0.3644 1.348 -0.01624 2.45	-1.369 0.3094 4.205 -1.871	2.428 -1.318 0.3277 3.088	0.06812 0.1631 1.686 -7.408
43400	0.244 1.234 -0.01249 2.51	-1.263 0.3357 4.229 -1.733	2.346 -1.314 0.2527 3.05	-0.1289 0.2693 1.715 -7.435
43500	0.2858 1.328 -0.06184 2.404	-1.141 0.3328 4.112 -1.507	2.26 -1.177 0.2494 3.063	-0.174 0.4406 1.679 -7.314
43600	0.3035 1.347 -0.08411 2.369	-1.071 0.3169 4.191 -1.498	2.285 -1.233 0.2448 3.023	-0.2497 0.4215 1.627 -7.34
43700	0.3308 1.517 -0.02893 2.463	-0.9394 0.175 4.326 -1.545	2.215 -1.051 0.1148 3.096	-0.3316 0.2864 1.651 -7.397
43800	0.2293 1.622 -0.001899 2.51	-0.9526 0.1801 4.229 -1.613	2.175 -0.9254 0.133 3.174	-0.5137 0.2746 1.55 -7.259
43900	0.2216 1.596 -0.009863 2.676	-1.119 0.2403 4.536 -1.633	2.047 -0.8906 0.1602 3.279	-0.3419 0.208 1.607 -7.215
44000	0.2626 1.584 -0.02346 2.621	-1.149 0.2517 4.621 -1.672	2.038 -0.9585 0.1564 3.15	-0.3377 0.03177 1.465 -7.21
44100	0.2626 1.584 -0.02346 2.621	-1.149 0.2517 4.621 -1.672	2.038 -0.9585 0.1564 3.15	-0.3377 0.03177 1.465 -7.21
44200	0.2432 1.637 -0.112 2.652	-1.177 0.2861 4.657 -1.7	2.004 -1.013 0.1436 3.155	-0.3098 0.06609 1.551 -7.158
44300	0.267 1.684 -0.1343 2.704	-1.288 0.3039 4.837 -1.659	1.97 -0.9512 0.257 2.979	-0.2943 -0.01851 1.644 -7.07
44400	0.2857 1.63 -0.1437 2.729	-1.417 0.3228 4.922 -1.666	1.888 -0.9482 0.2793 2.949	-0.2726 0.05648 1.69 -6.977
44500	0.2857 1.63 -0.1437 2.729	-1.417 0.3228 4.922 -1.666	1.888 -0.9482 0.2793 2.949	-0.2726 0.05648 1.69 -6.977
44600	0.2416 1.544 -0.2397 2.688	-1.456 0.3221 4.96 -1.734	1.796 -1.064 0.2889 2.903	-0.2628 0.04889 1.635 -6.972
44700	0.2811 1.515 -0.2819 2.826	-1.528 0.2311 5.023 -1.639	1.758 -1.08 0.1737 2.815	-0.3453 -0.06534 1.682 -6.835
44800	0.2398 1.461 -0.3429 2.929	-1.661 0.2647 5.048 -1.787	1.688 -1.143 0.1722 2.806	-0.4286 0.00735 1.552 -6.815
44900	0.2472 1.413 -0.2788 2.869	-1.427 0.2539 4.966 -1.832	1.562 -1.193 0.2384 2.904	-0.5078 0.03258 1.636 -6.795
45000	0.2897 1.488 -0.2062 2.86	-1.476 0.2562 4.941 -2.018	1.594 -1.167 0.2219 2.851	-0.4633 0.1106 1.65 -6.58
45100	0.3702 1.486 -0.2326 2.817	-1.544 0.3104 4.904 -1.943	1.539 -1.06 0.2817 2.738	-0.4359 0.1432 1.625 -6.484
45200	0.3702 1.486 -0.2326 2.817	-1.544 0.3104 4.904 -1.943	1.539 -1.06 0.2817 2.738	-0.4359 0.1432 1.625 -6.484
45300	0.3949 1.548 -0.1846 2.97	-1.538 0.3037 5 -1.936	1.483 -1.03 0.301 2.814	-0.3977 0.2054 1.657 -6.605
45400	0.3128 1.512 -0.3025 3.098	-1.448 0.3021 5.022 -1.926	1.6 -1.127 0.2487 2.708	-0.4266 0.2909 1.738 -6.545
45500	0.293 1.648 -0.2706 3.174	-1.473 0.2522 5.032 -1.821	1.603 -1.177 0.2119 2.717	-0.4233 0.2662 1.62 -6.634
45600	0.3374 1.61 -0.2746 3.284	-1.445 0.2728 5.038 -1.823	1.599 -1.178 0.2077 2.77	-0.4327 0.2172 1.534 -6.647
45700	0.3374 1.61 -0.2746 3.284	-1.445 0.2728 5.038 -1.823	1.599 -1.178 0.2077 2.77	-0.4327 0.2172 1.534 -6.647
45800	0.332 1.76 -0.3001 3.366	-1.316 0.2776 5.087 -1.921	1.493 -1.185 0.3084 2.79	-0.3169 0.3241 1.681 -6.596
45900	0.2538 1.738 -0.2606 3.312	-1.287 0.1749 5.165 -1.96	1.454 -1.092 0.3191 2.802	-0.3848 0.3405 1.75 -6.555
46000	0.09244 1.968 -0.5258 3.086	-1.336 0.0977 5.496 -1.959	1.523 -0.7276 0.1985 2.869	-0.499 0.3062 1.846 -6.537
46100	0.2138 1.916 -0.4101 3.119	-1.471 0.1614 5.19 -1.946	1.573 -0.75 0.1751 2.883	-0.4866 0.2986 1.831 -6.331
46200	0.2498 1.937 -0.4311 3.104	-1.458 0.1356 5.161 -1.988	1.532 -0.6899 0.07961 2.84	-0.4326 0.267 1.79 -6.349
46300	0.1988 2.038 -0.425 3.148	-1.607 0.1553 5.165 -1.967	1.511 -0.6043 0.1156 2.872	-0.548 0.2388 1.807 -6.479
46400	0.1702 1.983 -0.4113 3.181	-1.683 0.2247 5.192 -2.025	1.594 -0.63 0.1879 2.834	-0.5131 0.296 1.793 -6.431
46500	0.06281 2.16 -0.448 3.088	-1.611 0.08348 5.362 -2.079	1.62 -0.679 0.07597 2.874	-0.504 0.5599 1.728 -6.384
46600	0.133 2.143 -0.4206 3.048	-1.684 0.07022 5.283 -1.956	1.643 -0.6133 0.0325 2.905	-0.5762 0.6592 1.735 -6.422
46700	0.2019 2.164 -0.3911 3.034	-1.711 0.09108 5.268 -1.928	1.676 -0.6237 0.04499 2.951	-0.6359 0.7028 1.758 -6.417
46800	0.216 2.004 -0.4302 2.941	-1.786 0.1553 5.43 -1.936	1.805 -0.4275 0.2235 2.947	-0.7843 0.6407 1.614 -6.435
46900	0.2906 2.046 -0.4643 2.899	-1.78 0.2849 5.363 -1.802	1.821 -0.3768 0.2447 3.18	-0.8024 0.7953 1.578 -6.363
47000	0.2308 2.183 -0.6397 2.851	-1.72 0.231 5.106 -1.908	1.928 -0.3347 0.176 2.942	-0.8957 0.7713 1.752 -6.245
47100	0.2377 2.165 -0.5957 2.596	-1.809 0.1875 5.093 -1.936	2.024 -0.4518 0.1404 2.862	-0.9854 0.8703 1.728 -6.379
47200	0.2598 2.085 -0.489 2.33	-1.718 0.1901 4.934 -1.821	2.115 -0.435 0.1605 2.711	-1.002 1.084 1.65 -6.361
47300	0.2931 1.956 -0.504 2.475	-1.756 0.3263 4.845 -1.828	2.117 -0.5743 0.1766 2.756	-0.9096 1.096 1.568 -6.206
47400	0.3016 2.093 -0.4137 2.436	-1.809 0.2529 4.916 -1.785	2.103 -0.5096 0.1796 2.732	-0.9711 1.104 1.629 -6.27
47500	0.3016 2.093 -0.4137 2.436	-1.809 0.2529 4.916 -1.785	2.103 -0.5096 0.1796 2.732	-0.9711 1.104 1.629 -6.27
47600	0.3016 2.093 -0.4137 2.436	-1.809 0.2529 4.916 -1.785	2.103 -0.5096 0.1796 2.732	-0.9711 1.104 1.629 -6.27
47700	0.3896 2.016 -0.4213 2.412	-1.731 0.2879 4.91 -1.781	2.075 -0.5103 0.2312 2.745	-0.9983 1.098 1.806 -6.202
47800	0.2768 1.785 -0.3948 2.287	-1.577 0.2893 4.905 -1.656	2.083 -0.7808 0.189 2.686	-1.021 1.091 1.824 -6.253
47900	0.2263 1.738 -0.2729 2.247	-1.43 0.2424 4.907 -1.558	2.134 -0.8092 0.2129 2.701	-1.216 1.207 1.803 -6.179
48000	0.1989 1.77 -0.3208 2.373	-1.384 0.1359 4.891 -1.596	2.115 -0.8905 0.1937 2.684	-1.186 1.261 1.882 -6.128
48100	0.1989 1.77 -0.3208 2.373	-1.384 0.1359 4.891 -1.596	2.115 -0.8905 0.1937 2.684	-1.186 1.261 1.882 -6.128
48200	0.1989 1.77 -0.3208 2.373	-1.384 0.1359 4.891 -1.596	2.115 -0.8905 0.1937 2.684	-1.186 1.261 1.882 -6.128
48300	0.1796 1.828 -0.2788 2.469	-1.512 0.212 4.87 -1.539	2.259 -0.8836 0.1495 2.649	-1.203 1.359 2.036 -6.064
48400	0.1529 1.891 -0.3173 2.597	-1.697 0.1116 4.803 -1.523	2.164 -0.9163 0.09293 2.724	-1.32 1.462 2.144 -5.952
48500	0.08362 1.948 -0.3059 2.585	-1.7 0.1278 4.746 -1.513	2.169 -0.9599 0.08964 2.71	-1.255 1.508 2.118 -5.937
48600	0.05526 1.942 -0.3344 2.555	-1.644 0.1384 4.77 -1.597	2.208 -0.9691 0.02536 2.76	-1.244 1.59 2.092 -5.943
48700	0.06776 1.888 -0.3007 2.68	-1.64 0.1382 4.591 -1.522	2.126 -1.022 -0.01098 2.691	-1.2 1.636 2.031 -5.847
48800	0.08491 1.952 -0.2843 2.61	-1.53 0.09336 4.611 -1.462	2.189 -1.017 0.05593 2.668	-1.189 1.719 1.999 -5.89
48900	0.02866 1.905 -0.1958 2.652	-1.464 0.06116 4.504 -1.532	2.193 -1.021 0.06387 2.655	-1.123 1.814 1.92 -6.062
49000	0.1366 2.275 -0.2558 2.573	-1.421 0.009544 4.488 -1.556	2.305 -0.7688 0.01793 2.858	-1.295 1.709 2.106 -6.006
49100	0.08143 2.141 -0.1227 2.593	-1.197 -0.002973 4.544 -1.62	2.126 -0.694 0.01042 2.755	-1.256 1.814 2.052 -5.998
49200	0.01309 2.102 -0.1487 2.669	-1.247 0.002919 4.501 -1.71	2.102 -0.5974 -0.0203 2.749	-1.16 1.904 2.131 -6.14
49300	0.05212 2.015 -0.1842 2.714	-1.262 -0.007171 4.453 -1.692	2.089 -0.5973 -0.002667 2.761	-1.143 1.86 2.201 -6.181
49400	0.06851 1.964 -0.1277 2.715	-1.304 0.03745 4.425 -1.708	2.028 -0.6641 -0.04667 2.741	-1.279 1.879 2.184 -6.286
49500	0.009608 2.05 -0.1833 2.911	-1.38 0.09345 4.4 -1.45	2.017 -0.6641 0.06873 2.782	-1.271 2.163 2.404 -6.227
49600	0.1127 1.909 -0.172 2.845	-1.433 0.07974 4.407 -1.421	1.996 -0.5763 0.05153 2.609	-1.319 1.927 2.559 -6.294
49700	0.2043 2.071 -0.07693 2.95	-1.41 0.1628 4.505 -1.429	2.05 -0.6483 0.08398 2.453	-1.319 1.979 2.594 -6.391
49800	0.1607 1.957 -0.02074 2.923	-1.338 0.2042 4.601 -1.479	2.083 -0.6047 0.08128 2.516	-1.201 2.059 2.613 -6.448
49900	0.1959 1.956 0.08685 2.782	-1.33 0.2156 4.746 -1.466	1.943 -0.7569 0.2435 2.453	-1.234 2.12 2.789 -6.474
50000	0.222 2.039 0.1358 2.86	-1.335 0.2563 4.736 -1.493	1.902 -0.6621 0.2725 2.35	-1.248 2.073 2.782 -6.558
50100	0.1455 1.943 0.1435 2.733	-1.313 0.1994 4.688 -1.48	1.907 -0.6234 0.1592 2.284	-1.355 2.17 2.871 -6.484
