0	0 0 0 0 0	0 0 0 0 0	0 0 0 0 0	0 0 0 0 0	0 0 0 0 0
100	0.1148 0.3746 0.1142 -0.2564 -0.1136	0.1845 0.06319 0.04946 -0.4003 -0.09334	-0.3018 0.1448 0.1122 0.3261 -0.21	-0.2306 -0.3688 0.206 0.1714 0.0876	0.03807 0.1311 0.0343 0.6315 -0.6425
200	-0.002244 0.7567 -0.2081 -0.409 -0.09296	0.5753 0.04244 -0.3124 -0.3186 -0.2544	-0.6531 0.01191 -0.1086 0.6465 -0.3384	-0.5742 -0.6463 0.2264 0.06699 0.3261	0.3906 0.359 0.6667 0.6295 -1.107
300	0.1228 1.242 -0.4144 -0.9014 0.06607	0.597 -0.07251 -0.6848 -0.4704 -0.2294	-0.8184 -0.1668 -0.02688 0.7996 -0.1981	-0.9163 -0.7254 0.7453 0.1642 0.3766	0.381 0.56 0.8519 0.6858 -1.354
400	0.298 1.265 -0.6894 -0.9545 0.1529	1.046 0.1134 -0.6608 -0.6227 -0.2869	-0.7055 -0.5347 0.1735 1.216 -0.2128	-0.7655 -0.7776 0.7514 0.2558 0.5529	0.5206 0.6343 0.5514 0.8681 -1.456
500	0.2511 1.626 -0.7036 -1.354 0.2056	1.508 0.167 -0.5779 -0.7164 -0.257	-1.028 -1.032 0.3847 1.099 -0.1473	-0.6862 -1.181 0.9548 0.3577 0.7509	0.5473 0.6116 0.8304 0.831 -1.54
600	0.3372 1.805 -0.6234 -1.516 0.3421	1.42 0.2568 -0.663 -0.9399 -0.1333	-1.151 -1.235 0.2919 1.707 -0.09712	-0.849 -1.537 1.163 0.3375 0.973	0.7919 0.8068 1.038 0.9829 -1.847
700	0.3733 2.022 -0.6587 -1.79 0.609	1.586 0.4857 -0.9966 -1.072 -0.332	-1.38 -1.082 0.3447 1.862 0.2776	-1.235 -1.954 1.582 0.4707 0.9101	0.8316 1.09 1.278 1.037 -2.217
800	0.4282 2.254 -0.6428 -1.854 0.9129	1.732 0.4545 -0.991 -1.01 -0.2544	-1.532 -1.17 0.4116 2.432 -0.06137	-1.334 -2.024 1.642 0.4297 1.183	0.8255 1.255 1.336 1.35 -2.442
900	0.4237 2.403 -0.79 -1.781 1.062	1.774 0.3688 -1.254 -1.689 -0.1777	-1.663 -1.245 0.3512 2.46 -0.2829	-1.337 -1.822 1.945 0.4796 1.088	1.252 1.338 1.591 1.445 -2.575
1000	0.3897 2.586 -1.169 -2.02 1.268	1.508 0.4475 -1.43 -1.395 -0.2578	-1.728 -1.036 0.3837 2.685 -0.5203	-1.271 -1.839 2.102 0.4297 0.8024	1.585 1.757 1.696 1.562 -2.675
1100	0.5726 2.711 -1.155 -1.879 1.27	1.554 0.5758 -1.823 -1.209 -0.1439	-2.055 -1.133 0.5711 3.129 -0.5817	-1.475 -1.833 2.167 0.6485 1.044	1.526 1.925 1.537 1.69 -2.565
1200	0.4847 2.664 -1.321 -1.807 1.094	1.668 0.597 -1.739 -1.389 0.2349	-2.159 -1.055 0.4697 3.448 -0.6198	-1.574 -2.037 2.938 0.6522 1.058	2.15 1.96 1.389 1.873 -3.208
1300	0.6136 2.957 -1.336 -1.789 1.435	2.09 0.6232 -1.822 -1.49 0.28	-2.394 -1.192 0.5975 3.343 -0.723	-1.518 -2.052 2.872 0.5969 1.298	2.427 1.938 1.814 1.82 -2.86
1400	0.7978 2.961 -1.568 -1.678 1.696	2.218 0.8364 -2.131 -1.765 0.2052	-2.517 -1.046 0.8296 3.197 -0.9787	-1.499 -2.345 2.877 0.8826 1.269	2.595 2.06 1.791 2.09 -3.041
1500	1.037 3.319 -1.731 -1.765 1.85	2.545 0.9871 -2.203 -2.138 0.1416	-2.357 -0.7332 1.022 3.112 -1.122	-2.04 -2.404 3.226 1.019 1.235	2.642 2.032 1.761 2.287 -3.19
1600	0.8542 3.084 -2.024 -1.488 2.279	2.629 1.089 -1.859 -2.047 0.1522	-2.394 -0.5547 0.9306 3.444 -0.9014	-1.962 -2.132 3.372 0.9015 1.206	2.822 1.957 2.132 2.222 -3.269
1700	1.073 2.736 -2.19 -1.297 2.562	2.413 1.027 -1.761 -2.295 0.0875	-2.303 -0.8295 1.042 3.512 -0.9648	-1.68 -2.126 3.397 0.9762 0.9731	3.025 2.122 2.203 2.328 -3.094
1800	0.9137 2.759 -2.498 -1.89 2.738	2.607 0.8501 -1.663 -2.406 0.06349	-2.371 -1.081 0.8992 3.698 -1.047	-1.94 -2.238 3.585 0.7941 1.144	3.067 1.988 2.229 2.229 -3.176
1900	0.8424 3.24 -2.419 -2.083 2.423	2.61 0.9861 -1.934 -2.551 0.3088	-2.387 -1.316 0.8225 3.881 -1.075	-1.908 -2.58 3.452 0.8366 1.382	3.244 2.339 2.537 2.123 -3.492
2000	0.8748 3.335 -2.492 -2.273 2.641	2.386 0.8829 -2.029 -2.43 0.2616	-2.7 -1.619 0.8732 3.677 -0.9645	-2.381 -2.658 3.466 0.9016 1.016	3.021 2.288 2.785 2.373 -3.678
2100	0.7831 3.058 -2.461 -2.477 2.715	2.968 0.6183 -1.966 -2.934 0.2697	-2.737 -1.767 0.7609 3.579 -1.013	-2.751 -2.626 2.963 0.765 1.123	2.988 2.615 2.971 2.697 -3.803
2200	0.768 3.101 -2.606 -2.448 2.606	2.917 0.7401 -1.809 -3.51 0.2675	-2.499 -1.847 0.639 3.764 -1.088	-2.95 -2.296 2.976 0.7165 0.8833	2.944 2.865 2.872 2.934 -3.731
2300	0.7214 3.249 -2.746 -2.624 2.581	3.052 0.8375 -2.032 -3.782 -0.006002	-2.589 -1.727 0.8297 4.002 -0.9331	-2.847 -2.445 3.155 0.7815 1.015	2.67 2.857 2.577 2.725 -3.764
2400	0.8233 3.248 -2.894 -2.655 2.664	2.893 0.7704 -2.087 -4.019 -0.009116	-2.56 -1.432 0.7955 4.064 -1.155	-2.959 -2.459 3.494 0.8077 1.192	2.678 3.169 2.77 2.568 -4.293
2500	0.7615 2.926 -3.119 -2.579 2.877	2.963 0.7038 -1.987 -3.981 -0.3101	-2.542 -1.496 0.6298 3.809 -0.7575	-3.044 -2.2 3.845 0.6446 1.449	3.039 3.246 3.056 2.269 -4.673
2600	0.674 2.982 -3.431 -2.233 2.772	2.868 0.6758 -1.908 -3.997 -0.3351	-2.903 -1.67 0.7131 3.912 -0.6031	-3.147 -2.329 3.749 0.6923 1.158	2.836 3.339 3.163 1.719 -4.832
2700	0.7637 2.927 -3.689 -2.258 2.876	3.05 0.6011 -2.141 -4.223 -0.2296	-2.876 -2.104 0.6901 4.185 -0.9575	-3.197 -2.348 4.103 0.6372 1.422	2.744 3.43 3.278 1.399 -4.561
2800	0.6546 2.817 -4.057 -2.261 2.817	3.225 0.6686 -2.122 -4.151 -0.3932	-2.521 -1.849 0.6828 4.378 -1.049	-3.795 -2.433 4.114 0.6322 1.777	2.551 3.708 3.178 1.436 -4.679
2900	0.5517 2.839 -3.972 -2.11 3.059	2.946 0.6512 -1.856 -4.365 -0.542	-2.705 -1.762 0.5969 4.402 -1.128	-3.763 -2.643 4.398 0.6209 1.948	2.503 3.608 3.401 1.591 -4.834
3000	0.6946 3.199 -4.299 -1.773 3.041	3.038 0.6173 -2.034 -4.604 -0.3559	-3.404 -2.043 0.7053 4.739 -1.024	-3.847 -2.587 4.482 0.6895 2.12	2.411 3.819 3.319 1.226 -5.284
3100	0.538 2.977 -4.575 -1.737 2.945	3.184 0.4892 -2.462 -4.537 -0.6942	-3.765 -2.059 0.3337 4.952 -0.8777	-3.748 -2.744 4.674 0.4753 2.062	2.609 3.665 3.457 1.676 -5.285
3200	0.4419 3.139 -4.55 -1.863 2.632	3.132 0.5418 -2.197 -4.537 -0.5893	-4.097 -2.038 0.454 4.907 -0.9311	-3.817 -2.903 4.518 0.5472 1.86	2.693 3.465 3.693 1.377 -5.384
3300	0.2719 2.957 -4.546 -1.967 2.736	3.293 0.3375 -2.163 -4.581 -0.1422	-4.289 -1.751 0.3263 5.234 -0.8298	-3.537 -2.6 4.085 0.3245 1.717	2.728 3.479 3.938 1.126 -5.502
3400	0.1553 2.77 -4.596 -1.729 2.874	3.451 0.1754 -2.502 -4.31 -0.281	-4.376 -1.765 0.1308 5.132 -0.7038	-3.489 -2.479 4.271 0.1655 1.73	2.769 3.295 4.253 1.121 -5.623
3500	0.3201 2.953 -4.599 -1.608 3.082	3.836 0.2537 -2.368 -4.289 -0.2818	-4.26 -2.262 0.2631 5.013 -0.6096	-3.206 -2.459 4.104 0.2717 1.821	2.762 3.268 4.279 0.8206 -5.421
3600	0.3178 3.073 -4.77 -1.364 3.106	4.017 0.3993 -2.403 -4.445 -0.4792	-4.494 -2.389 0.3084 5.337 -0.715	-3.024 -2.426 4.288 0.3776 1.727	2.936 2.827 4.499 0.7215 -5.886
3700	0.3871 3.264 -4.957 -1.289 3.04	3.635 0.4048 -2.512 -4.639 -0.1969	-4.737 -2.331 0.3522 5.437 -0.4606	-3.188 -2.549 3.998 0.4412 1.503	3.002 2.788 4.426 0.7976 -6.019
3800	0.4536 3.071 -5.307 -1.073 3.204	4.011 0.3151 -2.473 -4.722 -0.4073	-4.771 -2.136 0.362 5.434 -0.1392	-3.242 -2.696 3.895 0.3878 1.861	3.092 2.923 4.615 0.7064 -5.897
3900	0.3423 3.371 -5.149 -1.06 3.042	4.238 0.4035 -2.539 -4.931 -0.2272	-4.448 -2.253 0.4776 5.352 -0.2381	-3.324 -2.663 3.756 0.3725 1.606	3.168 2.697 4.737 0.4271 -5.93
4000	0.4877 3.586 -5.191 -1.01 3.197	4.272 0.5185 -2.527 -5.031 -0.2945	-4.696 -2.423 0.5123 5.882 -0.4843	-3.431 -2.874 4.054 0.4392 1.412	3.104 2.933 4.741 0.4779 -5.961
4100	0.466 3.244 -5.242 -0.8858 3.207	4.133 0.5528 -2.627 -5.227 -0.2407	-4.728 -2.745 0.4474 5.567 -0.5726	-3.523 -3.416 4.59 0.5724 1.294	3.183 2.831 4.892 0.6277 -5.682
4200	0.4499 3.033 -4.931 -0.7723 2.755	3.991 0.5246 -2.987 -5.145 -0.02544	-4.822 -2.889 0.5938 5.903 -0.3522	-3.56 -3.34 4.382 0.4611 0.9943	3.196 2.856 5.178 0.8903 -5.86
4300	0.5899 3.377 -4.709 -1.018 2.906	4.151 0.6279 -3.31 -5.161 0.2551	-4.831 -2.447 0.6435 5.62 -0.6445	-3.858 -3.314 4.972 0.6006 0.9783	3.165 2.735 5.187 1.274 -6.294
4400	0.4491 3.37 -4.858 -0.8225 3.19	4.047 0.3522 -3.772 -5.381 0.09327	-4.844 -2.296 0.4076 5.845 -1.011	-3.727 -3.467 5.06 0.4332 1.248	2.814 2.818 5.038 1.475 -6.238
4500	0.4031 3.499 -5.076 -1.002 3.103	3.606 0.3585 -4.003 -5.421 -0.585	-4.851 -2.403 0.3899 6.075 -1.124	-3.808 -3.527 5.126 0.4404 1.24	3.002 3.06 4.96 1.365 -6.4
4600	0.4867 3.553 -5.346 -1.006 2.789	2.935 0.464 -4.056 -5.531 -0.5063	-4.949 -2.641 0.4989 5.954 -0.9627	-3.583 -3.408 5.629 0.3798 0.8629	3.119 3.098 4.996 1.271 -6.551
4700	0.5166 3.869 -5.143 -0.9497 2.832	2.707 0.5553 -4.187 -5.47 -0.559	-4.8 -2.748 0.5541 6.238 -1.241	-3.386 -3.408 5.591 0.5724 0.8101	3.317 2.801 5.473 1.558 -6.585
4800	0.489 3.662 -5.037 -0.9403 2.814	2.679 0.534 -3.852 -5.687 -0.6655	-4.596 -2.508 0.4986 6.296 -1.016	-3.228 -3.194 5.354 0.3932 0.9045	3.428 2.431 5.489 1.806 -6.212
4900	0.5093 3.771 -5.183 -0.8078 3.016	2.655 0.3536 -3.76 -5.652 -0.3085	-4.869 -2.206 0.5501 6.033 -0.847	-3.247 -3.173 5.365 0.3917 0.5943	3.2 2.386 5.681 1.952 -6.271
5000	0.2795 4.06 -5.258 -0.7704 2.794	2.674 0.2078 -3.886 -5.628 -0.5192	-5.058 -2.171 0.2664 5.93 -0.4789	-3.092 -3.153 5.435 0.2864 0.3132	3.042 2.496 5.981 1.319 -6.41
5100	0.1949 3.78 -5.221 -0.2737 2.994	2.611 0.2734 -3.894 -5.585 -0.7859	-4.891 -2.001 0.2591 5.741 -0.4602	-3.018 -3.124 5.824 0.2121 1.006	3.059 2.25 6.08 1.592 -6.435
5200	0.1833 3.703 -5.13 -0.3474 2.859	2.39 0.2749 -3.698 -5.381 -0.9038	-4.877 -1.953 0.2383 5.83 -0.5633	-3.165 -3.313 5.539 0.2597 0.9709	3.031 2.26 5.812 1.492 -6.605
5300	0.2252 3.696 -5.134 -0.2632 2.929	2.386 0.2785 -3.514 -5.374 -0.5912	-4.814 -2.131 0.1078 5.81 -0.8638	-3.337 -3.407 5.54 0.2088 1.055	2.93 2.475 5.677 1.622 -6.508
5400	0.1586 3.959 -5.025 -0.3908 3.16	2.347 0.2101 -3.319 -5.328 -0.3909	-4.867 -2.412 0.1062 5.911 -0.7417	-3.431 -3.421 5.591 0.203 0.691	3.003 2.718 5.862 1.748 -6.699
5500	0.1667 3.92 -5.327 0.1927 3.103	2.376 0.1018 -3.276 -5.232 -0.3737	-4.975 -2.469 0.01492 5.892 -0.8899	-3.367 -3.662 5.423 0.1954 0.8931	2.945 2.951 5.785 2.022 -6.411
5600	0.09657 4.287 -5.595 -0.1779 3.444	2.243 0.1381 -3.5 -4.981 -0.467	-5.129 -2.792 -0.02193 5.777 -0.7635	-3.326 -3.784 5.397 0.1132 0.6286	3.054 2.654 5.629 2.166 -6.252
5700	0.0365 4.356 -5.714 -0.44 3.439	2.486 0.1385 -3.438 -4.619 -0.4034	-5.238 -2.9 0.07465 5.745 -0.7558	-3.638 -3.724 5.359 0.06918 0.6486	2.754 2.572 5.404 2.328 -6.243
5800	0.09629 4.424 -5.357 -0.3701 3.515	2.953 0.1121 -3.216 -4.514 -0.1861	-5.377 -2.717 0.1101 5.86 -0.8413	-3.58 -3.618 5.511 0.1168 0.9015	2.635 2.347 5.339 2.549 -5.957
5900	-0.02627 4.327 -5.174 -0.2252 3.494	3.421 0.1549 -3.24 -4.479 -0.2978	-5.308 -2.863 0.08522 6.147 -0.931	-3.625 -3.962 5.63 0.1035 1.099	2.492 2.289 5.533 2.754 -6.126
6000	0.02951 4.406 -5.225 -0.2976 3.393	3.391 0.06337 -3.353 -4.523 -0.4747	-5.687 -2.641 0.02159 6.409 -0.7438	-3.622 -4.034 5.973 0.09299 1.098	2.328 2.227 5.63 3.009 -6.136
6100	0.2618 4.213 -5.21 0.03499 3.915	3.269 0.3375 -3.147 -4.695 -0.09735	-5.691 -2.789 0.296 6.316 -0.6803	-3.527 -4.294 5.964 0.3518 0.9701	2.214 1.65 5.488 2.938 -6.295
6200	0.3326 4.662 -5.389 0.06232 4.032	3.437 0.4624 -3.515 -4.867 -0.3245	-5.654 -2.823 0.4317 6.384 -0.5747	-3.54 -4.387 6.11 0.4166 0.966	2.111 1.905 5.686 3.213 -6.362
6300	0.5333 4.609 -5.441 -0.1298 4.124	3.428 0.4861 -3.356 -4.852 -0.1773	-5.936 -3.097 0.587 6.81 -0.7498	-3.944 -4.635 6.13 0.4793 0.9529	1.948 1.64 5.8 2.984 -6.21
6400	0.6292 4.56 -5.813 -0.02723 3.903	3.395 0.6619 -3.183 -4.792 -0.1023	-6.011 -3.238 0.6302 6.982 -0.4796	-3.766 -4.203 6.156 0.6743 1.248	1.818 1.443 5.388 2.91 -6.599
6500	0.8062 4.144 -5.706 0.1181 3.535	3.472 0.7047 -3.161 -4.632 0.1044	-6.203 -3.131 0.7076 6.95 -0.2851	-3.779 -4.258 6.148 0.7185 1.618	2.166 1.474 5.877 2.944 -6.395
6600	0.6839 4.105 -5.438 0.3496 3.691	3.496 0.672 -2.973 -4.498 0.2411	-6.106 -3.447 0.792 6.979 -0.317	-4.175 -4.639 5.967 0.6498 1.708	2.157 1.537 5.867 3.01 -6.276
6700	0.8106 4.496 -4.979 0.5201 3.935	3.634 0.7529 -2.862 -4.942 0.1264	-6.077 -3.127 0.8113 6.876 0.2927	-4.451 -4.811 6.053 0.7866 1.775	2.048 1.394 5.889 3.07 -6.222
6800	0.8784 4.575 -4.808 0.4499 3.975	3.783 0.8921 -2.858 -5.07 -0.3097	-5.929 -3.248 0.7962 6.841 0.1003	-4.246 -4.906 5.811 0.9359 1.733	2.016 1.68 6.036 3.231 -6.135
6900	0.7548 4.785 -4.892 0.5664 4.1	3.937 0.8312 -2.532 -5.02 -0.3812	-5.779 -3.403 0.9056 6.358 0.2607	-4.518 -4.627 6.152 0.8376 1.452	2.082 1.841 5.823 3.534 -6.236
7000	0.8076 4.708 -5.226 0.92 4.362	4.357 0.8074 -2.662 -4.877 -0.6719	-5.922 -2.96 0.8338 6.298 0.4601	-4.185 -4.583 5.943 0.7016 1.565	2.052 1.961 5.758 3.544 -6.258
7100	0.828 4.373 -5.193 0.9086 4.41	4.054 0.7784 -2.737 -4.803 -1.006	-5.866 -3.149 0.7332 6.551 0.7273	-4.374 -4.486 5.575 0.7986 1.78	2.374 1.759 5.925 3.667 -6.26
7200	0.6725 4.923 -5.231 0.928 4.727	4.409 0.672 -2.543 -4.825 -0.9066	-6.071 -3.223 0.6404 6.214 0.7215	-3.869 -4.505 5.341 0.5853 1.798	2.224 1.81 5.959 3.887 -6.482
7300	0.7508 4.633 -4.904 1.105 4.885	4.859 0.8165 -2.146 -4.867 -1.225	-6.154 -3.579 0.798 6.224 0.5825	-3.799 -4.459 5.576 0.7267 1.444	1.832 1.981 5.872 3.908 -6.38
7400	0.8189 4.38 -5 1.347 4.743	5.091 0.9357 -2.379 -4.613 -1.325	-6.386 -3.21 0.8885 6.213 0.2967	-4.278 -4.57 5.494 0.8555 1.689	1.789 2.218 6.022 3.944 -6.09
7500	0.9645 4.584 -5.162 1.442 4.843	5.064 0.86 -2.559 -4.676 -1.292	-6.554 -3.144 0.9089 6.079 0.5374	-4.107 -4.489 5.41 0.853 1.759	1.579 2.312 6.077 3.88 -5.923
7600	0.8064 4.845 -5.553 1.259 4.741	5.423 0.854 -2.393 -4.578 -1.563	-6.867 -3.161 0.8545 6.436 0.3912	-4.237 -4.798 5.209 0.8426 1.832	1.671 2.169 5.949 3.864 -5.96
7700	0.8053 4.588 -5.795 0.9408 5.015	5.254 0.6761 -2.076 -4.338 -1.517	-7.075 -3.16 0.754 6.205 0.7832	-4.238 -4.66 5.115 0.6349 1.88	1.846 2.35 5.933 3.829 -5.759
7800	0.8137 4.573 -5.633 1.18 4.825	5.544 0.6975 -2.039 -4.812 -1.373	-6.985 -3.504 0.7732 6.393 1.017	-4.356 -4.286 5.28 0.6969 1.988	1.911 2.081 6.058 3.951 -5.822
7900	0.6449 4.702 -5.603 1.461 4.713	5.652 0.5605 -1.378 -5.016 -1.458	-7.199 -3.393 0.6131 6.941 1.105	-4.418 -4.032 5.323 0.5834 2.09	1.933 2.161 6.068 3.887 -5.838
8000	0.4984 4.688 -5.686 1.44 4.607	5.728 0.4577 -1.293 -4.991 -1.34	-7.085 -3.454 0.4717 6.792 1.228	-3.948 -3.908 5.306 0.5526 2.144	2.181 2.123 5.751 4.064 -5.802
8100	0.5354 4.672 -5.61 1.245 4.668	5.322 0.476 -1.699 -4.793 -1.325	-7.022 -3.557 0.4899 6.929 1.271	-3.768 -4.185 5.502 0.4982 1.738	1.879 2.365 5.821 4.188 -5.92
8200	0.5306 4.806 -5.89 1.265 4.367	5.209 0.6024 -1.358 -4.777 -1.366	-7.181 -3.328 0.5594 6.997 1.571	-3.944 -4.209 5.517 0.4416 1.691	1.671 2.356 6.036 4.577 -5.851
8300	0.6407 4.762 -5.967 1.331 4.407	5.371 0.5684 -1.478 -5.157 -1.75	-7.202 -3.187 0.6067 6.76 1.784	-4.02 -4.2 5.655 0.5864 1.487	1.97 2.333 6.157 4.461 -5.87
8400	0.4753 4.523 -6.108 1.372 4.153	5.566 0.4903 -1.549 -4.955 -1.575	-7.063 -3.076 0.4982 6.885 1.646	-3.948 -4.064 5.867 0.5025 1.262	1.974 2.906 6.16 4.498 -5.916
8500	0.3726 4.248 -6.252 1.627 4.07	5.581 0.2831 -1.624 -5.213 -1.396	-7.117 -3.113 0.4467 6.789 1.614	-4.131 -3.757 6.066 0.348 1.02	2.266 2.704 6.256 4.284 -6.176
8600	0.2809 4.39 -6.643 1.817 3.619	5.254 0.1775 -1.685 -5.066 -1.47	-7.406 -2.924 0.2548 6.714 1.571	-4.207 -3.543 6.151 0.2326 1.475	2.546 2.492 6.491 3.858 -6.078
8700	0.3295 4.539 -6.721 1.783 3.756	5.339 0.2182 -1.415 -5.046 -1.682	-7.612 -2.959 0.2449 6.808 1.239	-4.671 -3.621 6.359 0.2694 1.666	2.319 2.243 6.192 3.683 -6.037
8800	0.4713 4.292 -6.515 1.994 3.525	4.925 0.3358 -1.364 -5.137 -1.975	-7.749 -3.158 0.4607 6.853 1.172	-4.989 -3.373 6.356 0.3494 1.325	2.64 2.427 5.661 3.835 -6.071
8900	0.5017 4.278 -6.828 2.083 3.471	4.788 0.457 -1.731 -4.959 -1.982	-7.753 -3.161 0.4535 6.764 0.9338	-5.051 -3.309 6.29 0.4424 1.631	2.694 2.111 5.625 3.658 -6.178
9000	0.5933 4.457 -6.892 2.391 3.65	4.926 0.6393 -1.638 -4.876 -2.147	-7.782 -3.013 0.6236 6.934 0.6315	-5.298 -3.186 6.131 0.4977 1.454	2.562 1.965 5.855 3.741 -6.228
9100	0.481 4.248 -7.061 2.273 3.727	5.102 0.5585 -1.732 -4.901 -2.299	-8.034 -2.899 0.4894 6.944 1.051	-5.523 -3.155 6.335 0.3857 1.457	2.4 2.136 6.206 3.574 -6.322
9200	0.6359 4.188 -6.557 2.534 3.722	5.228 0.5701 -1.849 -4.848 -2.202	-7.584 -2.583 0.687 6.855 0.8728	-5.67 -3.159 6.353 0.5328 1.572	2.361 2.494 6.092 3.286 -6.187
9300	0.5302 3.915 -6.748 2.648 3.483	5.147 0.5101 -1.916 -4.832 -2.716	-7.499 -2.615 0.6374 6.792 0.7727	-5.608 -3.549 6.187 0.5739 1.411	2.406 2.546 6.324 3.321 -6.466
9400	0.753 3.7 -6.921 2.448 2.959	4.992 0.6735 -2.363 -5.087 -2.668	-7.418 -2.538 0.7208 6.423 1.081	-5.418 -3.644 6.171 0.6494 1.378	2.428 2.289 6.738 2.967 -6.614
9500	0.6826 3.288 -7.091 2.487 3.18	4.861 0.8076 -2.265 -5.031 -2.618	-7.815 -2.49 0.8911 6.535 0.6903	-5.499 -3.888 6.052 0.7439 1.356	2.846 2.386 6.666 2.838 -6.753
9600	0.6034 3.43 -7.071 2.528 3.532	4.842 0.4589 -2.372 -4.986 -2.588	-8.002 -2.802 0.5572 6.805 0.398	-5.512 -3.803 5.925 0.5882 1.105	2.911 2.243 6.926 2.907 -6.821
9700	0.433 3.561 -7.288 2.586 3.905	5.139 0.4741 -2.573 -4.786 -2.479	-8.32 -2.877 0.4061 6.835 0.6304	-5.607 -3.837 5.849 0.3698 0.9175	2.969 2.659 7.263 2.571 -6.859
9800	0.4307 3.554 -7.143 2.249 4.124	5.104 0.4397 -2.858 -4.794 -2.386	-8.403 -2.91 0.3466 6.71 0.5342	-5.97 -3.819 5.911 0.4216 0.9254	2.739 2.756 7.016 2.719 -6.691
9900	0.6088 4.101 -7.101 2.147 4.249	5.312 0.4861 -2.701 -5.019 -2.545	-8.611 -2.444 0.4765 6.555 0.2617	-6.168 -3.914 6.067 0.5154 0.7512	2.901 2.883 7.012 3.049 -6.789
10000	0.8031 4.023 -7.486 1.93 4.231	5.462 0.7705 -2.978 -4.911 -2.464	-8.633 -2.596 0.8296 6.721 0.2718	-6.307 -3.895 5.752 0.7663 0.854	2.761 2.696 7.087 2.976 -6.945
10100	0.8287 4.044 -7.422 2.099 4.593	5.39 0.7193 -2.651 -4.685 -2.357	-8.62 -2.8 0.8339 6.787 0.5534	-6.026 -3.47 5.737 0.9025 0.807	2.946 2.591 7.154 2.852 -7.156
10200	0.9327 3.779 -7.431 1.946 4.936	5.635 0.9833 -2.24 -5.025 -2.725	-8.963 -2.887 0.9852 6.96 0.2094	-5.788 -3.59 5.738 0.8346 0.571	2.974 2.499 7.016 2.623 -6.924
10300	0.9191 3.924 -7.985 1.984 4.801	5.606 0.9854 -2.347 -5.03 -2.428	-9.104 -2.668 1.016 6.966 0.3157	-6.026 -3.749 5.794 0.9812 0.3177	2.799 2.749 6.931 2.473 -7.356
10400	1.078 3.709 -7.972 1.678 4.983	5.83 1.111 -2.273 -5.225 -2.419	-9.328 -2.643 0.9704 6.833 0.6934	-5.836 -3.621 5.327 1.06 0.005397	2.938 2.749 6.806 2.507 -7.297
10500	0.8978 3.686 -8.33 1.844 4.88	5.881 0.891 -2.154 -5.07 -2.542	-8.807 -2.644 1.005 6.605 0.7762	-5.832 -3.666 5.548 0.9931 -0.09391	2.706 2.326 6.557 2.27 -7.274
10600	1.158 3.918 -8.469 2.044 5.195	6.235 1.061 -1.799 -5.106 -2.867	-8.555 -2.542 1.027 6.631 0.87	-5.761 -3.766 5.573 1.154 0.1507	2.736 2.55 6.771 2.433 -7.584
10700	1.14 4.105 -8.49 1.787 5.025	6.424 1.17 -1.634 -4.896 -2.689	-8.468 -2.469 1.17 6.726 0.6724	-5.782 -3.899 5.534 1.179 0.3642	3.049 2.844 7.127 2.646 -7.943
10800	1.13 3.787 -8.638 1.704 5.126	6.428 1.026 -1.431 -4.982 -2.578	-8.215 -2.653 1.045 6.573 0.6435	-6.001 -3.917 5.728 1.084 0.1137	3.282 3.119 7.289 2.851 -7.756
10900	1.199 3.773 -8.88 2.017 5.075	6.294 1.135 -1.211 -4.671 -2.5	-8.183 -2.446 1.093 6.689 0.3951	-5.867 -4.111 6.003 1.111 0.04242	3.164 3.114 7.505 2.809 -8.236
11000	0.7355 3.961 -8.51 1.765 4.929	5.524 0.771 -1.294 -4.647 -2.288	-8.392 -2.618 0.7239 6.814 0.3164	-5.733 -4.382 5.752 0.8433 -0.07454	3.032 2.632 7.381 2.945 -8.489
11100	0.6919 3.793 -8.416 1.632 5.002	5.743 0.738 -1.289 -4.666 -2.285	-8.31 -3.003 0.6672 6.771 0.517	-6.123 -4.139 5.835 0.7667 0.2285	2.977 2.455 7.338 3.054 -8.786
11200	0.6807 3.856 -8.408 1.929 5.187	5.778 0.7515 -1.553 -4.609 -2.151	-8.54 -3.055 0.7517 6.746 0.5526	-6.08 -3.714 6.324 0.6833 0.4659	2.543 2.398 7.277 2.876 -8.564
11300	0.782 3.874 -8.582 1.773 5.242	5.75 0.6857 -1.627 -4.75 -2.539	-8.583 -3.316 0.6811 6.404 0.5445	-6.094 -3.551 6.184 0.5235 0.1187	2.414 2.335 7.027 3.118 -8.675
11400	0.79 3.799 -8.659 1.791 5.121	5.893 0.8563 -1.211 -4.793 -2.575	-8.593 -3.492 0.7243 6.23 0.3179	-6.106 -4.083 6.251 0.6702 -0.02993	2.401 2.188 6.916 3.368 -8.918
11500	0.836 3.803 -8.81 1.94 5.022	5.839 0.9798 -1.438 -4.813 -2.43	-8.558 -3.849 0.8985 6.607 0.347	-6.348 -4.088 6.428 0.9608 -0.3253	2.318 2.366 7.114 3.281 -8.833
11600	0.8059 3.657 -8.836 1.915 4.613	5.803 0.7612 -1.285 -4.92 -2.254	-8.385 -3.934 0.7557 6.457 0.147	-6.346 -3.977 6.591 0.7232 -0.611	2.409 2.242 6.963 3.707 -8.846
11700	0.855 3.278 -8.743 1.7 4.449	6.102 0.8557 -1.379 -4.884 -2.319	-8.531 -3.87 0.8438 6.52 0.1445	-6.415 -3.818 6.637 0.7221 -0.9093	2.942 1.954 6.817 3.476 -9.029
11800	0.8472 3.23 -8.621 1.885 4.697	6.491 0.896 -1.225 -5.234 -2.355	-8.56 -4.003 0.938 6.561 0.1675	-6.326 -4.219 6.417 0.9426 -0.89	2.902 1.99 6.787 3.459 -8.93
11900	0.9986 2.942 -8.857 2.255 4.88	6.125 0.9724 -1.248 -5.276 -2.182	-8.736 -4.211 1.027 6.518 -0.1062	-6.083 -4.363 6.404 0.8585 -0.8385	2.663 1.966 6.889 3.21 -8.947
12000	0.8347 2.895 -8.775 2.313 4.964	6.269 0.9215 -1.239 -5.198 -2.073	-8.458 -4.233 0.8615 6.608 -0.1537	-6.057 -4.619 6.603 0.9084 -0.8936	2.675 1.718 6.879 3.26 -8.785
12100	0.9461 2.757 -9.147 2.378 5.217	6.341 0.7895 -1.465 -4.893 -2.081	-8.729 -4.308 0.9192 6.982 0.1723	-6.518 -4.476 6.558 0.86 -1.323	2.835 1.859 6.809 3.597 -8.878
12200	0.9425 2.611 -9.087 2.167 5.482	6.663 0.9154 -1.417 -4.687 -1.805	-9.102 -4.251 0.9333 6.975 0.1764	-6.584 -4.628 6.387 0.9786 -1.199	2.688 2.368 7.112 3.564 -8.661
12300	0.8342 2.846 -9.131 2.095 5.137	6.756 0.8718 -1.267 -4.772 -1.225	-8.924 -4.057 0.891 7.105 0.205	-6.412 -4.767 6.887 0.8825 -0.918	2.342 2.305 7.068 3.712 -8.647
12400	0.655 2.993 -9.205 2.375 5.32	6.802 0.6654 -1.006 -4.967 -1.035	-9.387 -4.532 0.7537 7.085 0.137	-6.481 -4.645 7.134 0.6347 -1.074	2.687 2.254 6.924 4.094 -8.928
12500	0.7161 2.778 -9.698 2.502 5.311	6.501 0.6013 -1.094 -5.356 -1.305	-9.272 -4.582 0.7217 7.054 0.5328	-6.421 -4.52 7.031 0.6992 -1.097	2.805 1.939 7.025 4.116 -8.844
12600	0.7828 2.689 -9.865 2.609 5.088	6.204 0.763 -1.244 -5.482 -1.268	-9.447 -4.497 0.7249 7.185 0.6512	-6.6 -4.396 7.07 0.7816 -1.116	2.966 1.78 7.087 4.139 -8.932
12700	0.6188 2.796 -9.954 2.432 5.179	6.164 0.7226 -1.239 -5.356 -1.215	-9.674 -4.493 0.6431 7.187 0.4949	-6.358 -4.286 7.321 0.6869 -1.366	3.178 1.456 7.046 4.19 -9.03
12800	0.597 2.742 -9.895 2.575 4.934	6.088 0.6034 -0.919 -5.187 -1.212	-10.08 -4.366 0.5972 7.53 0.5186	-6.238 -4.153 7.637 0.6475 -0.8448	3.325 1.638 6.934 4.641 -9.183
12900	0.7322 2.573 -9.764 2.504 4.912	5.976 0.6521 -0.8744 -5.421 -1.248	-10.14 -3.898 0.6473 7.978 0.4608	-6.606 -4.171 7.942 0.7002 -0.9485	3.791 1.739 6.971 4.581 -9.226
13000	0.8454 2.51 -9.902 2.207 5.175	6.468 0.8581 -0.8258 -5.032 -1.339	-9.713 -3.788 0.8853 7.78 0.1312	-6.586 -4.427 7.916 0.7926 -0.9626	3.41 1.767 7.09 4.336 -9.126
13100	0.9327 2.394 -9.604 2.15 5.199	6.475 0.9448 -0.7544 -4.756 -1.16	-9.718 -4.062 0.9632 7.891 -0.1661	-6.415 -4.323 8.069 0.9177 -1.171	3.131 1.572 7.664 4.211 -9.272
13200	1.071 2.666 -9.901 2.22 5.1	6.789 1.124 -0.8773 -4.379 -1.061	-9.929 -4.319 0.9634 8.101 -0.3805	-6.411 -4.583 8.319 1.099 -1.364	2.986 1.367 7.358 4.581 -8.854
13300	0.9918 2.549 -9.675 2.734 5.006	6.93 1.143 -0.863 -4.312 -1.104	-10.48 -4.381 1.054 8.131 -0.1754	-6.321 -4.025 8.262 1.048 -1.39	2.82 1.194 6.747 4.743 -9.106
13400	0.9323 2.622 -9.719 2.551 4.795	6.998 0.8479 -0.4036 -4.506 -1.276	-10.42 -4.655 0.9295 8.39 0.1955	-6.075 -3.702 8.705 0.8761 -1.246	3.016 1.315 6.619 4.602 -8.637
13500	1.1 2.693 -9.344 2.819 4.501	7.108 1.061 -0.6663 -4.35 -1.118	-10.73 -4.34 1.045 8.382 0.3589	-6.057 -3.636 8.546 1.131 -1.462	2.856 1.242 6.714 4.629 -8.418
13600	1.055 2.507 -9.537 2.864 4.67	6.991 1.155 -0.6321 -4.266 -1.13	-10.55 -4.393 1.148 8.711 -0.03339	-5.988 -3.875 8.815 1.126 -1.404	2.636 1.254 6.724 4.334 -8.136
13700	1.085 2.244 -9.367 2.331 4.671	6.96 1.142 -0.4003 -4.319 -0.9447	-10.55 -4.055 1.133 8.862 -0.006367	-6.12 -3.755 8.976 1.178 -1.371	2.325 1.049 6.624 4.082 -8.374
13800	0.9013 2.208 -9.126 2.433 4.594	7.259 0.9711 -0.3024 -4.11 -0.8439	-10.47 -3.826 0.9597 9.097 -0.07347	-6.063 -3.849 8.846 0.8561 -1.555	2.422 0.7852 6.233 4.327 -8.185
13900	1.009 2.082 -9.188 2.228 4.795	7.295 1.144 -0.2414 -4.01 -1.009	-10.32 -3.873 1.016 9.072 -0.131	-6.018 -3.516 8.777 1.044 -1.312	2.692 0.9053 6.335 4.507 -8.247
14000	1.092 2.107 -9.014 2.329 4.507	7.485 0.9935 0.02409 -4.129 -1.243	-10.35 -4.107 1.021 9.049 -0.2566	-6.355 -3.502 8.618 1.001 -1.337	2.738 0.5897 6.442 4.823 -8.079
14100	0.933 2.072 -9.028 2.582 4.421	7.38 0.9733 -0.2137 -4.285 -0.9875	-10.41 -4.049 1.022 9.336 -0.0239	-6.911 -3.734 8.625 0.9416 -1.461	2.538 0.2666 6.756 4.569 -8.27
14200	1.038 1.923 -8.92 2.571 4.137	7.707 0.9524 -0.31 -4.334 -1.141	-10.34 -3.8 0.9499 9.505 -0.5065	-6.705 -4.031 8.665 1.061 -1.323	2.389 0.4382 6.598 4.303 -7.899
14300	0.897 2.183 -8.938 2.472 4.061	7.154 1.033 -0.1734 -3.898 -0.9801	-10.54 -3.995 1.038 9.333 -0.5688	-6.512 -4.325 8.885 1.062 -1.501	2.392 0.302 6.71 4.289 -7.763
14400	0.844 2.445 -8.698 2.417 3.578	6.977 0.7772 -0.279 -3.74 -0.8319	-10.48 -3.921 0.8927 9.375 -0.4691	-6.736 -4.228 8.958 0.7678 -1.5	2.303 0.6077 6.326 4.161 -7.511
14500	0.6482 2.565 -8.479 2.444 3.635	7.163 0.7132 -0.5348 -4.133 -0.7306	-10.61 -3.803 0.7887 9.316 -0.4148	-6.915 -4.172 8.775 0.7866 -1.103	2.25 0.5539 5.905 3.834 -7.352
14600	0.8672 2.352 -8.548 2.548 3.633	7.534 0.7765 -0.7032 -4.234 -0.841	-10.55 -3.851 0.7994 9.27 -0.6665	-7.026 -4.091 8.559 0.8436 -1.07	2.362 0.1277 6.045 3.814 -7.434
14700	0.9741 2.529 -8.542 2.461 3.347	7.799 1.095 -0.3541 -4.264 -0.3494	-10.41 -3.742 1.091 9.599 -1.161	-6.764 -4.003 8.443 1.093 -0.9038	2.178 0.09557 5.898 3.909 -7.395
14800	1.027 2.36 -8.753 2.432 3.635	7.905 1.013 -0.009896 -4.692 -0.6985	-10.39 -3.883 0.9549 9.612 -1.322	-6.692 -4.233 8.488 1.003 -1.125	2.111 0.01075 5.961 3.727 -7.572
14900	0.8141 2.711 -8.509 2.461 3.427	7.577 0.6827 -0.1113 -4.833 -0.761	-10.23 -4.25 0.7803 9.838 -1.224	-6.745 -4.394 8.428 0.7947 -1.202	2.172 -0.2461 6.181 3.657 -7.933
15000	0.7767 2.628 -8.204 2.344 3.23	7.594 0.8712 -0.3744 -4.911 -0.4503	-10.44 -4.141 0.8579 9.779 -1.254	-6.635 -4.886 8.363 0.8674 -1.456	2.041 -0.107 5.984 3.57 -7.814
15100	0.9081 2.758 -8.272 2.274 3.426	7.969 0.8399 -0.3023 -5.152 -0.5197	-10.21 -4.354 0.8461 9.955 -1.071	-6.663 -5.094 8.28 0.8399 -1.736	2.332 0.0954 6.099 4.008 -7.596
15200	0.702 2.651 -8.136 2.598 3.281	7.994 0.6527 -0.04048 -5.01 -0.255	-10.04 -4.42 0.695 10.42 -0.7901	-6.641 -5.22 8.502 0.7794 -1.94	2.116 0.2166 5.932 3.772 -7.589
15300	0.7072 2.62 -8.19 2.57 3.555	7.939 0.6685 0.09321 -4.836 -0.6926	-10.26 -4.237 0.6886 10.68 -0.5782	-6.522 -5.107 8.493 0.5684 -1.846	1.871 0.4832 6.134 3.387 -7.624
15400	0.714 2.835 -8.087 2.279 3.519	8.178 0.8212 -0.1308 -4.893 -0.9751	-10.21 -4.69 0.6454 11.04 -0.5946	-6.481 -4.945 8.563 0.7553 -2.121	1.731 0.5148 6.105 3.485 -7.918
15500	0.7047 3.17 -8.226 2.632 3.492	8.442 0.6877 -0.2302 -4.752 -0.65	-10.28 -4.852 0.7252 11.03 -0.5184	-6.362 -5.131 8.541 0.5262 -1.701	1.809 0.5721 6.076 3.369 -7.981
15600	0.5334 2.999 -8.265 2.713 3.696	8.364 0.5664 -0.281 -4.579 -1.163	-9.937 -5.055 0.5618 11.04 -0.6453	-6.569 -5.021 8.83 0.4611 -1.786	1.886 0.7064 6.11 3.496 -8.11
15700	0.5798 2.882 -7.859 2.564 3.607	8.403 0.4041 0.07442 -4.227 -1.291	-9.714 -4.984 0.4632 10.85 -0.583	-6.595 -5.404 8.748 0.5438 -1.956	2.053 1.03 6.448 3.583 -7.905
15800	0.6787 2.85 -7.569 2.615 4.108	8.135 0.5835 0.1385 -4.314 -1.397	-9.886 -5.258 0.6138 11.12 -0.06944	-6.294 -5.265 8.534 0.6122 -1.999	2.009 1.24 6.189 3.823 -7.851
15900	0.683 2.517 -7.416 2.215 4.272	7.894 0.7205 -0.05496 -4.433 -1.507	-10.08 -5.268 0.695 11.09 0.274	-6.389 -5.342 8.681 0.8012 -2.257	2.149 0.9166 6.409 3.737 -7.92
16000	0.7233 2.307 -7.319 1.736 3.615	7.726 0.6299 0.2533 -4.562 -1.411	-10.15 -5.427 0.5312 11.17 0.3351	-6.489 -5.586 8.649 0.6622 -2.401	1.998 0.8817 6.562 3.973 -8.127
16100	0.6755 2.516 -7.496 1.656 3.727	7.37 0.5495 0.283 -4.092 -1.251	-10.3 -5.344 0.577 11.25 0.597	-6.477 -5.328 8.738 0.5949 -1.994	2.157 0.7215 6.582 4.217 -8.603
16200	0.3578 2.527 -7.443 1.113 3.475	7.634 0.3746 0.1787 -4.064 -0.7874	-10.12 -5.045 0.3717 10.9 0.5669	-6.343 -5.34 8.846 0.3556 -2.283	2.207 1.035 6.583 4.127 -8.715
16300	0.16 2.933 -7.436 1.638 3.067	7.392 0.2165 0.1326 -4.308 -0.7913	-10.21 -4.802 0.1831 11.03 0.7601	-6.098 -4.893 8.753 0.1228 -2.175	2.192 0.931 6.539 4.141 -8.643
16400	0.1263 2.738 -7.611 1.529 2.839	7.501 -0.05752 0.3167 -4.036 -0.6226	-10.19 -4.57 0.008091 11.14 0.8381	-6.097 -4.655 8.462 0.1069 -2.343	2.434 0.995 6.225 3.723 -8.774
16500	-0.02919 2.919 -7.619 1.581 2.83	7.373 0.1302 0.3569 -3.934 -0.6235	-9.997 -4.981 0.0816 11.32 0.9703	-5.95 -4.736 8.463 0.09819 -2.353	2.367 0.9769 6.112 3.879 -8.61
16600	0.01951 2.974 -7.369 1.589 2.688	7.298 0.004804 0.3397 -3.972 -0.5779	-9.921 -4.889 -0.009615 11.18 1.222	-5.798 -4.49 8.28 0.09389 -2.217	2.385 1.343 5.88 3.586 -8.445
16700	-0.03641 2.758 -7.58 1.312 2.441	7.369 -0.005783 0.2296 -4.065 -0.7171	-10.02 -5.03 -0.004078 11.19 1.473	-5.795 -4.786 8.138 -0.08521 -2.386	2.796 1.168 5.963 3.729 -8.534
16800	0.01283 2.543 -7.498 1.079 2.731	7.17 0.01656 0.3847 -3.799 -0.5125	-10.01 -5.04 -0.03495 10.9 1.738	-5.944 -4.51 8.287 -0.01237 -2.376	2.823 1.286 5.816 3.191 -8.204
16900	0.2251 2.266 -7.797 1.397 3.072	7.266 0.235 0.1235 -3.975 -0.4141	-9.699 -5.212 0.1712 10.93 1.698	-5.825 -4.498 8.274 0.1349 -2.43	2.921 1.402 5.958 3.255 -8.253
17000	0.2823 2.03 -7.719 1.355 3.187	7.464 0.2285 0.02878 -4.187 -0.1614	-9.567 -5.387 0.2889 11.01 1.518	-5.912 -4.424 8.659 0.2487 -2.812	2.836 1.097 6.088 3.254 -8.111
17100	0.2062 1.99 -7.881 1.108 3.202	7.385 0.2282 0.1712 -4.377 0.1838	-9.281 -5.654 0.2952 11.26 1.433	-5.978 -4.409 8.802 0.3127 -3.205	2.492 1.027 6.256 2.977 -8.056
17200	0.2935 1.912 -7.615 1.133 3.02	7.284 0.2585 0.1558 -4.482 0.1092	-9.333 -6.092 0.2037 11.01 1.619	-6.423 -4.132 8.864 0.1921 -3.297	2.75 1.004 6.08 3.219 -7.947
17300	0.3499 1.644 -7.39 1.057 2.972	7.438 0.3354 0.1696 -4.662 0.1479	-9.128 -6.423 0.3002 11.11 1.297	-6.614 -4.561 9.177 0.346 -3.068	2.66 1.046 6.159 2.904 -7.791
17400	0.2535 1.779 -7.682 1.034 2.854	7.604 0.182 0.3707 -5.118 -0.01172	-9.214 -6.358 0.2784 11.1 1.068	-6.868 -4.844 8.963 0.1125 -2.944	2.604 1.191 6.193 3.197 -7.563
17500	0.04367 1.971 -8.127 1.067 2.837	7.631 0.05449 0.6742 -5.503 0.2756	-9.103 -6.431 0.0696 11.18 0.8837	-6.659 -4.789 9.066 0.0836 -2.603	2.371 1.055 6.275 2.799 -7.51
17600	0.01597 2.035 -8.378 1.144 2.931	7.619 -0.08952 0.6833 -5.389 0.4775	-8.876 -6.447 0.005436 11.47 1.033	-6.461 -4.987 8.814 0.01758 -2.864	2.573 0.8945 6.295 2.885 -7.429
17700	-0.009946 1.968 -8.158 1.308 2.896	7.61 0.02347 0.9707 -5.405 0.3955	-9.016 -6.342 0.01494 11.62 1.089	-6.664 -4.871 8.354 0.01326 -2.455	2.687 0.6136 6.036 2.7 -7.313
17800	0.04194 1.677 -8.1 1.161 3.348	7.358 -0.04881 1.533 -5.729 0.09826	-8.91 -6.22 -0.04814 11.32 1.254	-6.449 -4.774 8.432 -0.1534 -2.348	2.719 0.4631 6.218 2.642 -7.293
17900	0.01914 1.53 -7.852 1.302 2.948	7.707 0.07731 1.935 -5.656 0.2151	-8.64 -6.13 0.03269 11.33 1.472	-6.674 -4.376 8.31 0.06786 -2.025	2.999 0.5768 5.861 2.49 -6.879
18000	0.1435 1.413 -7.949 1.331 2.566	7.847 0.01982 2.415 -5.957 -0.07417	-8.615 -6.042 0.1242 11.54 1.35	-6.623 -4.721 8.471 0.04908 -2.229	3.19 0.6331 6.07 2.584 -6.673
18100	0.05866 1.726 -7.927 1.217 2.719	7.764 0.202 2.558 -5.777 -0.06141	-8.713 -5.735 0.2319 11.53 1.369	-6.446 -4.974 8.434 0.06258 -2.389	2.918 0.4546 6.463 2.607 -7.012
18200	0.1404 1.475 -7.677 1.336 2.517	7.788 0.09413 2.263 -5.864 0.06787	-8.513 -5.731 0.2262 11.79 1.315	-6.358 -4.893 8.412 0.0679 -2.401	2.979 0.4448 6.684 2.573 -6.894
18300	-0.02996 1.401 -7.45 1.497 2.461	7.734 0.1865 2.586 -5.513 0.09955	-8.687 -5.669 0.1162 11.65 1.437	-6.22 -4.97 8.231 0.06398 -2.448	3.223 0.6113 6.435 2.826 -6.768
18400	0.2713 1.383 -7.875 1.756 2.232	7.479 0.1811 2.704 -5.61 0.07269	-8.655 -5.992 0.3304 11.97 1.383	-6.269 -4.834 8.3 0.1357 -2.465	3.341 0.4796 6.455 3.026 -6.951
18500	0.3791 1.147 -7.806 1.815 2.386	7.148 0.3261 2.633 -5.673 0.2639	-8.422 -5.616 0.3494 12.04 1.32	-5.958 -5.062 8.301 0.3661 -2.325	3.292 0.6409 6.3 2.816 -6.575
18600	0.51 1.278 -7.615 2.07 2.362	7.337 0.4473 2.61 -5.723 0.415	-8.404 -5.699 0.3671 12.22 1.378	-5.797 -5.007 8.204 0.5114 -2.257	3.048 0.6021 5.924 2.689 -6.274
18700	0.6129 1.431 -7.457 2.114 2.015	7.368 0.617 2.415 -5.633 0.5548	-8.501 -5.322 0.5202 12.48 1.29	-5.416 -4.984 8.331 0.6313 -2.281	3.178 0.8209 5.858 2.82 -6.394
18800	0.6497 1.586 -7.412 2.235 2.19	7.865 0.6672 2.495 -5.82 0.6085	-8.12 -5.487 0.7111 12.42 1.397	-5.226 -5.148 8.444 0.6006 -2.263	3.035 0.5646 6.107 2.911 -6.371
18900	0.8097 1.835 -7.581 2.001 2.277	8.067 0.6726 2.743 -5.539 0.3102	-8.189 -5.738 0.7143 12.41 1.339	-5.121 -5.122 8.441 0.7627 -2.174	3.395 0.2208 6.193 2.888 -6.309
19000	0.8051 1.855 -7.383 2.275 2.583	7.987 0.7553 2.693 -5.362 0.3905	-8.149 -5.904 0.8343 12.25 1.345	-5.15 -4.968 8.226 0.8269 -2.492	3.243 0.5773 5.991 2.79 -6.076
19100	0.8549 2.391 -7.305 1.856 2.113	8.121 0.7754 2.542 -4.913 0.2703	-7.938 -5.75 0.8637 12.5 1.574	-4.96 -4.752 8.271 0.9074 -2.573	3.227 0.3921 5.981 3.307 -5.882
19200	0.7959 2.119 -7.356 1.768 2.148	8.344 0.8467 2.712 -4.729 0.4341	-7.669 -5.629 0.8799 12.55 1.518	-4.623 -4.903 8.784 0.8056 -2.661	3.256 0.4026 5.846 3.363 -5.734
19300	0.7415 2.329 -7.121 1.722 2.258	8.401 0.7777 2.492 -4.232 0.3798	-8.136 -6.253 0.7048 12.47 1.536	-4.535 -4.824 8.472 0.7779 -2.904	3.345 0.3962 5.979 3.25 -5.878
19400	0.9241 2.751 -6.873 1.84 2.187	8.007 0.988 2.214 -4.52 0.4004	-8.12 -6.076 0.9265 12.39 1.573	-4.512 -4.863 8.562 0.8847 -2.768	3.268 0.5282 5.945 3.315 -6.007
19500	1.021 2.204 -6.75 1.715 1.948	7.858 0.9919 2.127 -4.219 0.5498	-8.032 -6.188 1.019 12.5 1.281	-4.562 -5.158 8.551 0.9631 -2.534	3.155 0.4474 5.459 3.738 -5.985
19600	1.044 2.64 -6.822 1.942 1.912	7.864 1.043 2.324 -4.397 0.3647	-8.077 -5.951 0.977 12.2 1.284	-4.206 -5.182 8.218 1.124 -2.716	3.015 0.6596 5.577 3.742 -6.196
19700	1.09 2.916 -6.761 2.289 1.853	7.954 1.064 1.965 -4.43 0.453	-7.922 -5.783 1.048 12.24 1.075	-4.494 -5.209 8.328 0.9899 -2.689	3.449 0.8539 5.561 3.514 -6.393
19800	1.1 3.34 -6.732 2.632 2.138	8.522 1.043 2.043 -4.203 0.4348	-8.099 -5.476 1.076 12.32 1.05	-4.764 -5.204 8.409 1.11 -2.743	3.18 0.8781 5.817 3.4 -6.329
19900	1.009 3.053 -6.707 2.903 2.385	8.459 0.9809 2.271 -4.119 0.002484	-8.241 -5.699 1.034 12.3 1.106	-4.394 -5.035 8.173 0.9042 -2.952	3.164 0.7174 6.013 3.721 -6.577
20000	1.063 3.178 -6.748 2.664 2.41	7.851 1.031 1.725 -4.24 0.001493	-8.566 -5.519 1.176 12.01 1.404	-4.17 -5.042 8.029 1.148 -3.281	3.202 0.4276 5.943 3.622 -6.344
20100	1.01 3.6 -6.973 2.55 2.464	7.894 0.9512 1.656 -3.989 -0.1155	-8.223 -5.656 1.001 11.94 1.191	-4.196 -4.759 7.54 1.041 -2.724	3.016 0.4555 6.122 3.449 -6.542
20200	0.9702 3.68 -6.857 2.413 2.553	7.761 0.9292 1.716 -3.995 -0.001035	-8.471 -5.506 1.058 12.22 1.234	-3.722 -4.73 7.459 0.9356 -2.56	3.25 -0.08113 5.505 3.32 -6.348
20300	1.024 3.5 -6.96 2.31 2.704	8.104 1.043 1.378 -3.921 -0.4257	-8.579 -5.638 1.081 12.3 1.12	-3.618 -4.681 7.584 1.059 -2.685	3.209 -0.2625 5.779 3.175 -6.486
20400	1.068 3.304 -7.028 2.254 2.635	8.002 0.9509 1.148 -3.967 -0.6006	-8.354 -5.363 1.072 12.26 1.18	-3.885 -4.643 7.709 1.151 -2.887	2.99 -0.1137 5.745 2.961 -6.45
20500	0.9116 3.269 -6.799 1.963 2.954	8.109 0.9097 1.323 -3.818 -0.7396	-8.313 -5.59 0.9626 12.36 1.384	-3.708 -4.794 8.049 0.9194 -2.495	2.954 0.01764 5.767 2.839 -6.39
20600	1.109 3.195 -7.03 1.935 2.774	8.096 1.025 1.489 -3.639 -0.8393	-8.484 -5.445 0.9981 12.36 1.099	-3.675 -4.648 8.066 1.077 -2.41	3.07 -0.04743 5.658 3.012 -6.188
20700	1.199 3.537 -7.301 1.851 2.423	7.935 1.059 1.622 -3.697 -1.251	-8.214 -5.714 1.11 12.21 1.321	-3.526 -4.809 7.955 1.072 -2.324	2.642 0.2505 5.162 3.035 -5.84
20800	1.125 3.657 -7.383 1.823 2.319	7.945 1.134 1.772 -4.068 -1.162	-8.26 -5.618 1.036 11.93 1.001	-3.493 -4.707 7.772 1.084 -2.097	2.245 0.2504 4.908 3.219 -5.553
20900	1.257 3.427 -7.644 1.579 2.367	8.45 1.183 1.805 -4.269 -0.9575	-8.25 -5.707 1.178 11.83 1.207	-3.753 -4.733 7.808 1.099 -2.032	2.15 0.019 5.294 3.619 -5.622
21000	1.32 3.135 -7.694 1.396 2.472	8.474 1.327 1.619 -4.275 -0.8094	-8.418 -5.67 1.263 11.6 1.143	-3.745 -4.75 7.576 1.225 -2.075	2.206 -0.1607 5.315 3.538 -5.723
21100	1.264 2.818 -7.554 1.301 2.49	8.629 1.267 1.442 -4.176 -0.6364	-8.428 -5.721 1.304 11.75 1.179	-4.102 -5.07 7.546 1.284 -1.991	2.529 0.04776 5.439 3.568 -5.732
21200	1.329 3.135 -7.67 1.317 2.679	8.175 1.402 1.455 -4.376 -0.6866	-8.389 -5.797 1.333 11.96 1.327	-4.595 -4.938 7.373 1.392 -2.311	2.446 0.321 5.115 3.562 -5.845
21300	1.248 3.15 -8.059 1.443 2.621	8.155 1.246 1.45 -4.4 -0.7032	-8.263 -5.55 1.326 11.95 1.404	-4.519 -5.104 7.402 1.372 -2.205	2.405 0.3456 5.512 3.227 -5.767
21400	1.129 2.896 -8.051 1.189 2.325	8.376 1.122 1.194 -4.145 -0.6837	-8.36 -5.611 1.108 12.19 1.457	-4.351 -5.128 7.413 1.018 -1.907	2.424 0.8384 5.402 3.291 -5.938
21500	1.154 2.682 -7.813 1.363 2.172	8.662 1.059 1.761 -4.241 -0.6504	-8.176 -5.588 1.061 12.46 1.788	-4.454 -5.353 7.429 1.085 -2.026	2.327 0.58 5.118 3.268 -5.726
21600	1.101 2.56 -8.142 1.566 2.258	8.42 1.194 1.806 -4.263 -0.7213	-8.098 -5.45 1.127 12.71 1.841	-4.557 -5.049 7.275 1.268 -2.217	2.325 0.8349 5.089 3.235 -6.181
21700	1.239 2.291 -7.673 1.736 2.203	8.711 1.275 1.56 -4.346 -0.8927	-8.237 -5.399 1.148 12.79 1.744	-4.688 -5.194 7.422 1.277 -2.014	2.664 0.9193 5.38 3.019 -5.922
21800	1.182 2.512 -7.338 1.773 2.374	8.795 1.284 1.427 -4.022 -1.169	-8.155 -4.96 1.263 12.89 1.612	-5.173 -5.236 7.434 1.299 -1.972	2.783 1.034 5.531 3.086 -5.876
21900	1.292 2.305 -6.66 1.538 2.073	9.066 1.361 1.33 -3.759 -1.154	-8.113 -4.956 1.335 13.17 1.725	-5.209 -4.958 7.215 1.391 -2.146	2.992 1.226 5.838 3.163 -5.855
22000	1.238 1.873 -6.911 1.506 1.536	9.288 1.325 0.9432 -3.905 -1.088	-8.307 -4.814 1.306 13.08 1.426	-4.668 -5.215 7.596 1.395 -2.188	2.607 1.66 5.602 3.406 -5.925
22100	1.344 2.225 -6.743 1.872 1.922	9.553 1.275 0.6108 -4.007 -0.9268	-8.255 -4.635 1.299 12.96 1.605	-4.729 -5.36 7.347 1.27 -2.393	2.566 1.685 5.737 3.55 -5.866
22200	1.296 2.037 -6.639 1.967 1.961	9.819 1.224 0.5354 -4.398 -1.002	-8.356 -4.411 1.292 12.96 1.611	-4.965 -5.252 7.103 1.277 -2.467	2.785 1.459 5.848 3.516 -5.788
22300	1.238 2.242 -6.851 2.075 2.01	9.735 1.265 0.3009 -4.247 -0.7786	-8.712 -4.627 1.3 13.04 1.582	-5.129 -5.017 7.083 1.244 -2.015	2.958 1.273 5.908 3.163 -5.842
22400	1.44 1.995 -6.946 2.029 1.989	9.558 1.314 0.4875 -4.415 -0.8292	-8.63 -4.37 1.318 13.16 1.653	-4.976 -4.827 7.165 1.365 -2.03	3.108 1.173 5.8 3.011 -5.846
22500	1.475 2.116 -6.61 2.125 2.025	9.413 1.474 0.7545 -4.426 -0.9336	-8.305 -4.275 1.423 12.96 1.759	-4.895 -4.543 7.003 1.582 -2.385	2.979 1.145 5.247 3.133 -5.929
22600	1.335 2.07 -6.406 2.307 2.048	9.306 1.421 0.512 -4.277 -0.8394	-8.264 -4.182 1.41 12.83 1.637	-4.588 -4.732 7.04 1.445 -2.389	3.095 1.009 5.604 3.229 -5.819
22700	1.484 2.193 -6.098 2.315 2.177	9.578 1.378 0.4646 -4.261 -0.3006	-8.5 -4.227 1.46 13.2 1.46	-4.447 -4.134 6.981 1.447 -1.967	2.918 1.045 5.632 3.198 -5.774
22800	1.352 2.312 -6.105 2.048 2.38	9.865 1.396 0.6275 -4.453 -0.09984	-8.809 -4.011 1.3 13.32 1.361	-4.609 -3.81 6.903 1.3 -1.923	2.749 1.289 5.444 3.281 -5.746
22900	1.446 2.165 -5.67 2.427 2.721	9.533 1.398 0.7457 -4.505 -0.297	-8.542 -4.081 1.323 13.44 1.406	-4.632 -3.783 6.901 1.398 -1.909	2.565 1.159 5.376 3.313 -5.317
23000	1.421 1.879 -5.435 2.514 2.656	9.526 1.328 1.054 -4.453 0.03119	-8.609 -4.294 1.426 13.35 1.41	-4.555 -3.624 6.645 1.37 -2.259	2.653 1.176 5.657 3.886 -5.087
23100	1.412 2.162 -5.747 2.316 2.628	9.645 1.382 1.242 -4 0.08566	-8.214 -4.311 1.542 13.68 1.783	-4.583 -3.87 6.89 1.358 -2.33	2.766 0.9684 5.841 4.247 -4.727
23200	1.327 2.175 -5.814 2.367 2.514	9.771 1.522 1.306 -4.085 -0.06614	-8.47 -4.168 1.369 13.5 1.631	-4.541 -3.746 7.07 1.507 -2.113	2.872 0.8195 6.001 4.387 -4.745
23300	1.358 2.433 -5.885 2.6 2.579	9.571 1.408 1.089 -3.863 0.02557	-8.742 -3.938 1.481 13.48 1.667	-4.351 -3.888 6.915 1.371 -2.08	2.965 0.7129 6.143 4.323 -4.866
23400	1.367 2.426 -5.709 2.794 2.039	10 1.336 0.9671 -3.541 -0.04251	-9.024 -3.871 1.329 13.56 1.504	-4.274 -4.073 6.871 1.326 -2.191	3.116 0.4933 5.852 4.546 -4.6
23500	1.301 2.249 -5.901 2.646 1.968	9.855 1.206 0.8569 -3.496 -0.07192	-9.278 -3.751 1.307 13.56 1.371	-4.298 -3.593 6.528 1.365 -2.198	2.976 0.3035 5.636 4.775 -4.47
23600	1.407 1.956 -5.747 2.691 2.198	9.771 1.392 0.8448 -3.206 0.01668	-9.305 -3.663 1.298 13.18 1.473	-4.063 -3.995 6.389 1.271 -2.485	3.337 0.3319 5.933 4.842 -4.464
23700	1.355 1.565 -5.624 2.843 2.091	9.649 1.244 0.6955 -3.375 -0.1375	-9.183 -3.663 1.304 13.27 1.266	-4.247 -3.802 6.355 1.264 -2.718	3.175 0.1709 6.197 4.617 -4.688
23800	1.131 1.718 -5.524 2.959 1.964	9.731 1.28 0.8403 -3.908 -0.19	-9.479 -3.688 1.13 13.39 1.123	-4.646 -4.127 6.258 1.164 -2.904	2.912 0.3323 6.137 4.955 -4.457
23900	1.195 1.93 -5.72 2.666 2.341	9.702 1.152 0.8639 -3.87 -0.2064	-9.364 -3.515 1.21 13.48 1.247	-5.028 -3.997 5.993 1.242 -2.853	2.742 0.4631 6.147 4.511 -4.398
24000	1.275 2.048 -5.508 3.008 1.956	9.56 1.272 0.844 -3.925 -0.467	-9.334 -3.448 1.333 13.41 1.329	-5.03 -3.603 6.334 1.334 -2.908	2.754 0.1586 5.818 4.125 -3.929
24100	1.299 2.058 -5.789 2.793 2.098	10.02 1.188 0.8299 -4.009 -0.476	-9.276 -3.649 1.268 13.4 1.128	-5.195 -3.585 6.207 1.224 -2.932	2.816 0.2295 5.553 4.217 -3.715
24200	1.366 2.53 -5.821 2.793 2.201	10.01 1.357 1.217 -4.05 -0.6997	-9.216 -3.657 1.382 13.52 1.446	-5.336 -3.667 6.329 1.43 -2.696	2.891 0.58 5.501 3.997 -3.757
24300	1.467 2.753 -5.716 2.85 2.097	9.698 1.452 1.049 -4.319 -0.7133	-9.453 -3.41 1.41 13.74 1.464	-5.382 -3.572 6.369 1.401 -2.639	2.799 0.6113 5.296 3.741 -3.926
24400	1.47 2.571 -5.743 3.163 2.175	9.672 1.439 1.146 -4.278 -0.7542	-9.824 -3.35 1.463 13.78 1.786	-5.336 -3.586 6.592 1.381 -2.67	2.697 0.5618 5.818 3.775 -3.996
24500	1.481 2.671 -5.956 3.317 2.415	9.813 1.539 0.9416 -4.184 -0.9662	-9.616 -3.296 1.62 13.81 1.571	-5.217 -3.616 6.951 1.496 -2.852	2.58 0.7564 5.469 3.609 -4.124
24600	1.529 3.103 -5.742 3.339 2.229	9.531 1.559 1.211 -4.215 -1.175	-9.325 -3.408 1.484 13.68 1.681	-5.163 -3.377 6.731 1.558 -2.489	2.699 1.008 5.776 3.688 -3.831
24700	1.412 3.031 -5.605 3.694 2.186	9.642 1.318 1.349 -4.392 -1.435	-9.078 -2.978 1.341 13.67 1.45	-5.412 -3.41 6.965 1.335 -2.389	2.806 0.9612 5.715 3.31 -4.079
24800	1.526 3.124 -5.782 4.481 2.045	9.647 1.517 1.821 -4.371 -1.618	-8.782 -2.675 1.54 13.71 1.372	-5.101 -3.505 6.702 1.507 -2.517	2.858 0.948 5.767 3.197 -3.86
24900	1.357 2.896 -5.196 4.41 1.928	9.353 1.372 1.806 -4.821 -1.795	-8.759 -2.648 1.372 13.91 1.21	-5.138 -3.486 6.824 1.278 -2.811	2.919 0.5295 5.664 3.475 -3.979
25000	1.172 3.022 -5.016 4.258 1.738	9.415 1.082 1.85 -4.759 -1.816	-8.574 -2.464 1.181 13.29 1.288	-5.258 -3.288 6.994 1.093 -2.677	2.931 0.2851 5.829 3.279 -3.904
25100	1.295 2.995 -5.212 4.301 2.03	9.642 1.284 1.686 -4.69 -2.021	-8.676 -2.46 1.247 13.07 1.338	-5.316 -2.808 6.58 1.217 -2.363	2.926 0.4356 5.567 3.355 -4.082
25200	1.333 3.14 -5.324 4.194 2.335	9.462 1.303 1.459 -4.799 -1.7	-8.575 -2.401 1.269 12.9 1.58	-5.535 -2.704 6.718 1.239 -2.475	3.016 0.2939 5.695 3.4 -3.755
25300	1.762 3.111 -5.425 4.333 2.08	9.678 1.627 1.724 -4.772 -1.722	-8.398 -2.748 1.658 12.54 1.727	-5.704 -3.212 6.743 1.646 -1.964	2.98 -0.03112 5.52 3.35 -4.109
25400	1.724 2.799 -5.182 4.264 2.272	9.601 1.672 1.608 -4.842 -1.818	-8.082 -2.835 1.681 12.71 1.72	-5.856 -3.684 6.842 1.731 -1.852	3.304 -0.1566 5.489 3.629 -4.146
25500	1.901 3.237 -5.178 4.094 2.905	9.831 1.827 1.502 -4.506 -1.387	-7.707 -2.625 1.808 12.68 1.435	-5.538 -3.601 6.767 1.851 -2.474	3.189 0.05295 5.674 3.838 -4.207
25600	1.857 3.472 -5.254 4.181 2.886	9.763 1.866 1.173 -4.794 -1.314	-7.877 -2.147 1.846 12.67 1.418	-5.323 -4.181 6.553 1.851 -2.298	3.13 0.02998 5.718 4.024 -4.124
25700	1.635 3.708 -5.308 4.424 2.933	10.06 1.628 1.587 -4.668 -1.77	-7.915 -1.976 1.594 12.58 1.292	-5.447 -4.366 6.806 1.624 -2.178	2.875 -0.06477 5.751 3.84 -4.137
25800	1.517 3.567 -5.414 4.723 2.973	10.33 1.55 1.393 -4.767 -1.666	-7.547 -1.682 1.602 12.72 0.9069	-5.409 -4.367 6.638 1.558 -2.031	2.748 0.01065 5.798 3.874 -4.019
25900	1.437 3.287 -5.295 4.548 3.086	10.31 1.496 1.49 -4.617 -1.685	-7.361 -1.485 1.507 12.93 0.9869	-5.246 -4.342 6.713 1.481 -1.98	2.913 -0.07062 5.662 3.771 -3.989
26000	1.602 3.077 -5.09 4.526 2.776	10.54 1.465 1.524 -4.586 -1.438	-7.571 -1.303 1.617 12.78 0.9231	-5.295 -4.328 6.619 1.52 -2.192	2.911 -0.1076 5.893 4.096 -3.928
26100	1.638 2.976 -5.287 4.784 2.38	10.67 1.707 1.83 -4.793 -1.695	-7.654 -1.333 1.657 12.71 1.04	-5.049 -4.287 6.477 1.663 -1.944	2.842 -0.02848 5.924 4.171 -3.63
26200	1.605 3.155 -5.415 4.922 2.743	10.64 1.65 1.418 -4.804 -1.823	-7.796 -1.269 1.733 12.7 1.12	-4.895 -4.15 6.333 1.716 -2.039	3.019 -0.04229 5.915 4.384 -3.923
26300	1.594 3.107 -5.197 4.741 3.087	10.34 1.657 1.493 -4.875 -1.395	-7.933 -1.239 1.606 12.42 1.015	-4.936 -4.597 6.549 1.714 -1.861	3.339 -0.2526 6.377 4.254 -4.112
26400	1.594 2.917 -5.408 4.748 3.003	10.63 1.665 1.84 -4.85 -1.462	-8.179 -1.538 1.618 12.59 0.9558	-5.033 -4.449 6.821 1.701 -1.878	3.643 -0.2162 6.356 4.094 -4.031
26500	1.68 2.911 -5.368 4.729 2.792	10.61 1.54 2.014 -4.9 -1.326	-8.219 -1.557 1.585 12.45 0.4972	-4.98 -4.617 7.388 1.624 -1.717	3.649 -0.3862 6.475 4.286 -4.356
26600	1.729 2.841 -5.224 5.486 2.859	10.71 1.669 1.784 -4.859 -1.282	-8.345 -1.741 1.721 12.42 0.8266	-4.749 -4.668 6.849 1.668 -1.679	3.626 -0.3797 6.455 4.1 -4.454
26700	1.663 2.959 -5.145 5.466 2.938	10.9 1.657 1.852 -4.779 -1.378	-8.133 -1.729 1.717 12.48 0.5917	-5.09 -4.767 6.948 1.676 -1.727	3.879 -0.4152 6.706 4.485 -4.479
26800	1.475 2.786 -5.078 5.672 3.206	11.14 1.419 1.609 -4.518 -1.467	-8.167 -1.728 1.531 12.46 0.2858	-5.169 -4.84 7.411 1.525 -2.303	4.02 -0.5772 6.797 4.452 -4.646
26900	1.383 2.723 -5.166 5.722 3.316	11.12 1.497 1.635 -4.493 -1.067	-7.751 -1.672 1.496 12.73 0.1849	-5.062 -4.584 7.387 1.463 -2.047	3.92 -0.5354 6.959 4.326 -4.792
27000	1.529 2.977 -5.139 5.801 3.491	11.31 1.607 1.833 -4.32 -1.145	-7.764 -1.625 1.466 12.95 0.1328	-4.895 -4.855 7.512 1.514 -2.107	3.993 -0.266 7.227 4.002 -4.889
27100	1.609 2.689 -4.862 6.056 3.586	11.44 1.529 1.928 -4.169 -0.9947	-7.297 -1.842 1.512 13.13 -0.02337	-4.994 -4.987 7.534 1.542 -2.475	4.298 -0.5124 7.228 3.996 -4.598
27200	1.66 2.894 -4.794 6.161 3.768	11.57 1.619 1.848 -4.454 -0.6719	-7.223 -1.571 1.685 12.96 0.133	-5.047 -5.104 7.577 1.66 -2.444	4.064 -0.662 7.404 4.171 -4.537
27300	1.675 2.773 -4.501 6.318 3.843	11.82 1.618 1.731 -4.505 -0.6838	-7.253 -1.486 1.624 12.87 0.164	-4.953 -4.968 7.49 1.614 -2.201	4.479 -0.7103 7.561 4.378 -4.405
27400	1.7 2.769 -4.731 6.255 3.583	11.49 1.681 1.522 -5.026 -0.6602	-6.919 -1.736 1.562 12.94 -0.02254	-4.942 -5.258 7.446 1.638 -2.08	4.179 -0.4551 7.563 4.091 -4.817
27500	1.65 2.469 -4.913 6.233 3.246	11.39 1.688 1.187 -4.877 -0.3945	-7.07 -2.243 1.627 13.03 -0.2271	-5.132 -5.241 7.68 1.619 -2.309	4.467 -0.4175 7.863 3.673 -4.887
27600	1.609 2.371 -4.728 6.129 3.238	11.49 1.604 0.6996 -4.792 0.007284	-7.189 -2.29 1.626 12.94 -0.2744	-5.041 -5.38 7.748 1.675 -2.597	4.482 -0.2869 8.005 3.972 -4.689
27700	1.744 2.84 -4.71 6.366 3.19	11.65 1.929 0.8534 -4.945 0.3344	-6.936 -2.195 1.809 13 -0.4434	-5.225 -5.226 7.583 1.897 -2.541	4.475 -0.3682 7.634 4.076 -4.846
27800	1.892 2.713 -5.05 6.073 2.991	11.83 1.857 0.9665 -5.147 -0.07015	-7.199 -2.407 1.815 13.07 -0.5428	-5.287 -5.023 7.567 1.741 -2.852	4.644 -0.5205 7.859 4.361 -4.755
27900	1.799 2.879 -5.31 5.931 2.727	11.79 1.802 0.7577 -4.814 0.06148	-7.042 -2.522 1.847 13.04 -0.6144	-5.648 -4.572 7.632 1.846 -3.13	4.886 -0.3546 8.006 3.815 -4.634
28000	1.638 2.688 -5.034 6.125 2.605	11.59 1.654 0.5425 -5.048 -0.1452	-7.038 -2.329 1.612 12.93 -0.4648	-5.621 -4.576 7.543 1.603 -3.044	4.691 -0.5119 8.04 3.998 -4.889
28100	1.647 2.67 -4.938 5.934 2.462	11.58 1.817 0.672 -4.88 -0.2945	-7.005 -2.191 1.73 12.91 -0.4744	-5.432 -4.711 7.419 1.668 -2.513	4.995 -0.3257 7.972 4.24 -5.018
28200	1.766 2.428 -5.138 5.498 2.559	11.53 1.809 1.023 -4.935 -0.2007	-6.584 -1.845 1.951 12.91 -0.2054	-5.479 -4.736 7.519 1.692 -2.861	5.21 -0.4846 8.194 4.076 -5.463
28300	1.873 2.301 -5.285 5.528 2.518	11.48 1.785 0.7524 -5.211 -0.2397	-6.705 -1.884 1.88 12.92 -0.7345	-5.587 -4.862 7.468 1.822 -2.721	5.5 -0.8139 8.579 4.296 -5.483
28400	1.798 2.591 -5.065 5.581 2.377	11.46 1.81 0.6386 -4.975 -0.1977	-6.333 -1.846 1.797 12.94 -0.879	-5.333 -5.065 7.645 1.749 -2.803	5.708 -0.8984 8.463 4.359 -5.534
28500	1.647 2.724 -4.694 5.578 2.494	11.54 1.759 0.9773 -5.03 -0.231	-6.609 -1.686 1.712 13.41 -0.905	-5.418 -4.5 7.198 1.73 -2.858	6.029 -1.007 8.289 4.3 -5.506
28600	1.726 2.701 -4.617 5.967 2.566	11.69 1.726 1.225 -5.392 -0.239	-6.279 -1.468 1.684 14.13 -1.154	-5.266 -4.8 7.513 1.591 -2.49	5.89 -1.157 8.448 4.209 -5.391
28700	1.547 2.601 -4.64 6.413 2.69	11.52 1.548 1.389 -5.159 -0.3266	-6.321 -1.482 1.677 14.19 -1.261	-5.377 -4.411 7.35 1.6 -2.597	5.783 -1.088 8.453 4.668 -5.488
28800	1.476 2.754 -4.938 6.424 2.822	11.69 1.604 1.788 -5.312 -0.6649	-6.311 -1.443 1.63 13.99 -1.395	-5.453 -4.339 7.483 1.568 -2.301	5.966 -1.153 8.762 4.326 -5.547
28900	1.495 3.172 -4.668 6.75 3.355	11.6 1.54 2.201 -5.617 -0.5205	-6.242 -1.405 1.499 13.85 -1.797	-5.783 -4.193 7.717 1.417 -2.181	6.083 -1.335 8.911 4.23 -5.781
29000	1.5 3.268 -4.653 6.429 3.048	11.75 1.518 2.279 -5.785 -0.2252	-5.933 -1.272 1.526 13.82 -1.743	-5.689 -3.976 7.823 1.537 -2.149	5.965 -1.165 9.006 4.352 -6.024
29100	1.709 3.652 -4.497 6.438 2.967	11.44 1.723 2.276 -5.729 -0.6304	-5.606 -1.57 1.698 14.01 -1.495	-5.356 -4.062 8.094 1.732 -2.789	5.782 -1.306 9.136 4.378 -6.011
29200	1.623 3.951 -4.403 6.689 3.092	11.27 1.605 2.07 -5.937 -0.259	-5.35 -1.691 1.696 14.16 -1.387	-5.529 -3.949 8.109 1.605 -2.932	6.086 -1.242 9.422 4.492 -5.992
29300	1.722 4.11 -4.81 6.418 2.697	11.1 1.555 2.249 -6.154 -0.3519	-5.24 -1.869 1.543 14.31 -1.215	-5.628 -3.848 8.17 1.661 -2.779	6.179 -1.095 9.23 4.351 -5.94
29400	1.665 4.198 -4.819 6.474 2.952	11.16 1.574 2.195 -6.131 -0.5151	-5.375 -2.081 1.52 14.11 -1.34	-5.39 -3.463 8.396 1.607 -2.923	6.401 -1.168 9.162 4.632 -6.035
29500	1.627 3.673 -4.725 6.657 2.981	11.19 1.587 2.44 -6.35 -0.1087	-5.534 -2.007 1.5 14 -1.524	-5.247 -3.293 8.228 1.624 -2.754	6.419 -1.216 9.464 4.367 -6.475
29600	1.495 3.913 -4.703 6.565 3.084	11.26 1.478 2.158 -5.978 0.06163	-5.771 -2.026 1.523 13.81 -1.758	-4.962 -3.371 8.077 1.521 -2.924	6.838 -1.212 9.028 4.403 -6.198
29700	1.567 3.79 -4.579 6.467 2.723	11.04 1.526 2.452 -5.504 0.1606	-5.621 -1.893 1.454 14.09 -1.827	-4.916 -3.183 7.597 1.543 -2.588	7.132 -1.346 9.177 4.445 -6.314
29800	1.498 3.581 -4.674 6.246 2.519	11.3 1.381 2.593 -5.518 -0.04158	-5.67 -1.79 1.367 14.24 -1.818	-4.85 -3.201 7.796 1.423 -2.477	7.135 -1.315 9.18 4.51 -6.379
29900	1.214 3.947 -4.656 6.249 2.497	11.51 1.263 2.799 -5.592 -0.1628	-5.559 -1.779 1.282 14.56 -2.286	-4.877 -2.681 7.619 1.315 -2.569	7.019 -1.258 9.187 4.511 -6.359
30000	1.309 3.922 -5.161 6.739 2.557	11.38 1.136 2.374 -5.155 0.36	-5.418 -1.734 1.267 14.44 -2	-4.781 -2.938 7.851 1.273 -2.708	7.307 -0.8147 9.411 4.528 -6.696
30100	1.303 4.293 -5.1 6.607 2.63	11.34 1.359 2.46 -4.941 0.4104	-5.223 -2.233 1.285 14.44 -1.861	-4.949 -2.676 8.014 1.271 -2.474	7.239 -0.6494 9.673 4.663 -6.819
30200	1.341 3.857 -5.357 7.131 2.615	11.49 1.266 2.734 -4.942 0.3313	-5.531 -2.029 1.185 14.32 -2.009	-4.947 -2.724 7.596 1.305 -2.711	7.349 -0.9099 9.689 4.76 -6.618
30300	1.421 4.135 -5.795 7.072 2.471	11.49 1.347 3.09 -4.674 0.3088	-5.214 -1.703 1.244 14.33 -1.644	-4.386 -2.863 7.527 1.47 -2.468	7.291 -0.8343 9.717 4.667 -6.761
30400	1.212 4.207 -5.88 7.312 2.566	11.7 1.233 3.026 -4.889 -0.4453	-5.159 -1.905 1.182 14.29 -1.622	-4.485 -3.15 7.571 1.205 -2.361	7.471 -0.7069 9.56 4.48 -6.778
30500	1.135 4.244 -5.842 7.348 2.414	11.39 1.208 2.957 -5.112 -0.3084	-5.057 -1.673 1.171 14.03 -1.626	-4.305 -3.186 7.317 1.152 -2.071	7.542 -0.8269 9.993 4.326 -6.832
30600	1.15 4.223 -5.883 7.578 2.723	11.39 1.224 3.106 -4.786 -0.4814	-5.143 -1.565 1.067 14.17 -1.33	-3.739 -3.663 7.242 1.254 -2.034	7.892 -0.3796 9.88 4.36 -6.648
30700	1.271 3.927 -6.037 7.538 2.827	11.65 1.25 3.18 -4.922 -0.5391	-4.93 -2.087 1.236 14.13 -1.239	-4.054 -3.864 7.569 1.133 -2.117	7.614 -0.1904 9.811 4.702 -6.873
30800	1.265 4.115 -5.948 7.237 2.941	11.66 1.204 3.349 -4.545 -0.2699	-5.242 -1.931 1.284 14.12 -1.285	-4.143 -3.81 8.313 1.294 -1.992	7.625 -0.03806 9.938 4.914 -7.01
30900	1.263 4.125 -6.317 7.1 3.12	11.48 1.294 3.294 -4.62 -0.295	-5.516 -1.686 1.279 14.3 -1.043	-3.7 -3.928 8.335 1.241 -1.835	7.891 -0.3028 10.12 5.008 -6.877
31000	1.231 4.15 -6.616 7.089 3.321	11.35 1.118 3.15 -4.448 -0.2457	-5.369 -1.549 1.163 14.18 -1.419	-4.001 -3.753 7.855 1.185 -1.612	7.59 -0.4739 10.21 4.863 -6.499
31100	1.105 4.166 -6.572 7.101 3.048	11.25 1.219 3.286 -4.002 -0.04721	-5.194 -1.491 1.241 14.34 -1.484	-4.399 -3.895 8.221 1.143 -1.435	7.672 -0.5787 10.16 4.725 -6.564
31200	1.057 4.011 -6.708 6.564 3.02	11.21 1.08 2.949 -4.029 -0.0799	-5.256 -1.925 1.029 14.57 -1.235	-4.4 -3.734 8.221 1.148 -1.24	7.688 -0.1879 10.14 4.778 -6.358
31300	1.287 4.093 -6.835 6.181 3.2	11.3 1.244 2.953 -4.412 -0.2088	-5.085 -1.688 1.219 14.3 -1.063	-4.97 -3.508 8.093 1.226 -1.113	7.561 -0.7486 10.38 4.83 -6.646
31400	1.13 4.088 -7.123 6.195 3.05	11.23 1.086 2.923 -4.306 -0.3757	-5.249 -1.87 1.012 14.29 -1.106	-4.77 -3.538 8.117 1.052 -0.8125	7.818 -0.9412 10.13 4.615 -6.49
31500	0.9848 4.262 -7.286 6.439 2.989	11.42 0.9107 3.201 -4.008 -0.1902	-4.976 -1.761 0.9438 14.04 -0.8756	-4.903 -3.571 8.148 0.8924 -0.7479	7.622 -0.9252 10.39 4.483 -6.39
31600	0.8439 4.247 -7.257 6.404 2.681	11.25 0.8766 3.601 -3.815 -0.3368	-5.098 -1.671 0.8779 14.42 -0.8844	-4.686 -3.545 7.928 0.8603 -0.3683	7.197 -1.038 10.66 4.491 -6.223
31700	0.9496 4.075 -7.045 6.386 2.516	10.91 0.867 3.167 -3.902 -0.6447	-5.181 -1.653 0.7847 14.79 -0.719	-4.789 -3.506 8.233 0.9521 0.09122	7.194 -1.352 11 4.165 -6.041
31800	1.005 3.945 -6.939 6.084 2.25	11.08 1.028 2.871 -4.148 -0.6972	-5.058 -1.27 0.9764 14.84 -0.776	-4.558 -3.212 8.509 0.998 -0.1484	7.175 -1.413 11.18 3.991 -6.129
31900	0.9055 3.624 -6.726 6.377 2.326	11.2 1.024 2.395 -4.199 -0.9897	-4.709 -1.475 0.9943 15.01 -0.9204	-4.565 -3.263 8.558 0.9724 0.05782	7.382 -1.721 11.16 4.233 -6.027
32000	1.027 3.534 -6.699 6.345 1.877	10.94 1.041 2.558 -4.258 -0.8807	-4.747 -1.774 1.04 15.13 -1.257	-4.851 -2.931 8.397 1.147 0.1597	7.267 -1.706 11.23 4.541 -5.744
32100	0.8034 3.814 -6.435 6.493 1.828	10.76 0.8446 2.382 -4.322 -1.028	-4.859 -1.967 0.7641 14.98 -1.125	-5.134 -2.963 8.008 0.8342 -0.06769	7.104 -1.734 11.18 4.726 -5.79
32200	0.867 3.721 -6.447 6.406 1.523	10.5 0.724 2.447 -3.986 -1.363	-4.56 -2.2 0.8977 15.07 -0.8757	-5.352 -2.901 7.977 0.7156 -0.2867	7.184 -1.514 11.11 4.785 -5.702
32300	0.8079 3.676 -6.549 6.486 1.556	10.21 0.7604 2.176 -3.914 -1.248	-4.373 -2.062 0.7021 15.36 -1.176	-5.23 -2.795 8.006 0.7948 -0.3394	7.333 -1.634 11.25 4.679 -5.755
32400	0.4033 3.761 -6.282 6.631 1.732	9.74 0.4879 1.839 -3.662 -0.9661	-4.305 -1.739 0.3618 15.85 -1.29	-5.014 -2.925 7.894 0.556 -0.2618	7.488 -1.806 10.92 4.857 -5.789
32500	0.4941 3.807 -6.248 6.7 2.066	9.556 0.5275 1.666 -3.734 -0.7704	-4.547 -2.149 0.5481 15.97 -1.192	-4.959 -2.97 8.102 0.5979 -0.04498	7.678 -1.596 11.04 5.25 -6.213
32600	0.6883 4.166 -6.105 6.819 1.767	9.564 0.5873 1.764 -3.37 -0.6905	-4.195 -1.919 0.6021 16.08 -0.8391	-5.045 -2.7 8.377 0.6104 0.2903	7.72 -1.561 11.39 5.146 -6.454
32700	0.7305 4.351 -5.741 6.798 1.628	9.595 0.6277 1.951 -3.066 -0.6174	-4.305 -1.841 0.7042 15.97 -0.9564	-5.374 -2.092 8.301 0.6559 0.4677	7.737 -0.8379 11.19 5.202 -6.239
32800	0.7473 4.556 -5.687 6.702 1.763	9.622 0.7177 2.082 -2.937 -0.3124	-4.568 -1.534 0.6062 16.28 -0.875	-5.478 -2.255 8.742 0.7378 0.5894	7.685 -0.9985 11.4 5.301 -6.23
32900	0.8581 4.379 -5.883 7 1.913	9.724 0.9185 2.088 -3.189 -0.1533	-4.464 -1.384 0.9143 16.44 -0.9515	-5.428 -2.032 8.763 0.9537 0.2455	7.748 -1.257 11.1 5.287 -6.25
33000	0.8189 4.333 -6.073 6.855 2.125	9.783 0.815 2.035 -3.231 -0.1117	-4.589 -1.326 0.7996 16.97 -1.203	-5.82 -2.005 9.107 0.7879 0.2017	7.81 -1.118 11.25 5.294 -6.522
33100	1.161 4.243 -5.837 6.741 2.03	9.919 1.179 1.88 -3.299 -0.1054	-4.745 -1.338 1.081 16.84 -1.165	-5.792 -2.183 9.233 1.129 -0.04807	7.622 -1.392 11.13 5.511 -6.423
33200	1.075 4.29 -5.91 6.987 1.777	10.1 1.024 2.316 -3.077 -0.2237	-5.114 -1.333 1.057 16.5 -1.262	-5.836 -2.078 9.287 0.983 -0.04193	7.61 -1.301 11.06 5.635 -6.873
33300	1.061 4.235 -6.046 7.086 1.975	9.68 1.013 2.424 -3.29 0.0182	-5.067 -1.274 1.041 16.6 -1.495	-5.774 -1.738 9.35 0.9465 0.1239	7.528 -1.285 11.05 6.038 -6.329
33400	1.04 4.169 -6.051 7.013 1.872	10.28 1.054 2.541 -2.966 -0.08089	-5.111 -1.933 1.043 16.37 -1.57	-6.077 -1.963 9.548 1.085 -0.06414	7.817 -1.013 11.45 6.153 -6.339
33500	1.176 4.119 -6.092 6.991 2.157	10.13 1.163 2.522 -2.837 0.1741	-5.504 -1.603 1.209 16 -1.663	-5.855 -2.158 9.434 1.171 -0.09578	8.151 -1.416 11.61 6.187 -6.355
33600	1.149 4.303 -6.472 7.113 2.244	10.35 1.037 2.744 -3.149 -0.2226	-5.423 -1.807 1.168 16.08 -1.639	-5.843 -2.329 9.336 1.018 -0.03226	8.149 -1.331 11.54 6.456 -6.22
33700	1.237 4.146 -6.326 7.433 2.69	10.46 1.211 2.977 -3.222 0.08044	-5.35 -1.957 1.129 16.37 -1.677	-5.479 -2.106 9.099 1.177 0.1068	8.223 -1.153 11.74 6.361 -6.117
33800	1.269 4.008 -6.244 7.087 2.373	10.84 1.236 2.76 -3.586 0.09326	-5.415 -1.776 1.26 16.36 -1.849	-5.316 -1.991 9.001 1.191 0.4214	8.373 -1.05 11.49 6.252 -6.007
33900	1.354 3.918 -6.491 7.274 2.459	10.69 1.41 2.878 -3.654 0.08803	-5.52 -1.929 1.256 16.15 -2.029	-5.566 -2.115 9.125 1.412 0.2927	8.57 -1.096 11.44 6.496 -6.141
34000	1.323 3.86 -6.618 7.335 2.263	10.8 1.409 2.822 -3.525 0.3246	-5.527 -1.648 1.543 16.41 -1.904	-5.358 -2.22 8.739 1.48 0.5151	8.827 -0.9298 11.53 6.09 -6.573
34100	1.453 4.43 -6.608 7.555 2.46	10.69 1.39 2.784 -3.608 0.3606	-6.021 -1.089 1.549 16.07 -1.952	-5.311 -2.229 8.817 1.389 0.3329	8.292 -1.278 11.64 6.176 -6.401
34200	1.405 4.343 -6.675 7.447 1.955	10.96 1.315 2.578 -3.768 0.2995	-6.219 -0.974 1.37 15.79 -2.156	-5.631 -1.894 8.766 1.309 0.5279	8.197 -1.158 11.77 6.195 -5.838
34300	1.153 4.292 -6.536 7.459 2.179	10.97 1.308 2.538 -3.717 0.02305	-6.256 -1.112 1.191 15.58 -2.378	-5.554 -1.829 8.605 1.314 0.645	8.168 -0.9259 12.04 5.957 -5.738
34400	1.175 4.106 -6.272 7.2 2.31	11.09 0.907 2.605 -3.466 -0.09383	-6.238 -1.256 1.079 15.56 -2.117	-5.604 -2.047 8.898 1.038 0.4998	8.074 -1.131 11.91 6.075 -6.009
34500	1.047 4.165 -6.373 6.888 2.441	10.79 1.145 2.674 -3.879 -0.1066	-6.346 -1.178 0.9978 15.66 -2.371	-5.525 -2.227 9.03 1.058 0.6166	8.076 -1.102 11.73 5.917 -5.609
34600	1.203 3.96 -6.44 6.719 2.468	10.77 1.226 2.53 -3.766 -0.1479	-6.208 -1.13 1.165 15.42 -2.344	-5.649 -1.949 9.203 1.172 0.7495	8.289 -0.8586 11.36 5.972 -5.634
34700	1.2 3.915 -6.829 6.559 2.22	10.78 1.125 2.365 -4.281 0.3754	-6.221 -1.256 1.213 15.26 -2.455	-5.764 -1.9 9.692 1.114 0.7736	8.703 -0.6528 11.63 5.945 -5.795
34800	1.089 4.141 -6.987 6.603 2.177	11 1.167 2.273 -4.159 0.5409	-6.557 -1.498 1.122 14.86 -2.629	-5.904 -1.804 10.03 1.04 0.8752	8.379 -0.6285 11.31 5.919 -5.919
34900	1.011 4.033 -7.04 6.564 2.041	10.89 0.9769 2.331 -4.231 0.8284	-6.643 -1.56 0.9167 14.73 -2.493	-6.071 -1.707 10.29 1.007 0.6464	7.953 -0.5548 11.37 6.118 -6.021
35000	0.9507 4.155 -6.693 6.865 2.172	10.99 1.043 2.471 -4.551 0.8398	-6.829 -1.801 1.047 14.4 -2.667	-5.558 -1.478 9.932 0.9373 0.9019	7.937 -0.3741 11.27 5.965 -6.3
35100	1.057 4.462 -6.81 6.839 2.316	10.83 1.054 2.762 -4.354 0.8811	-6.776 -1.162 1.025 13.81 -2.443	-5.495 -1.028 10.06 1.05 1.089	7.74 0.01184 11.22 5.639 -5.838
35200	1.034 4.706 -6.622 6.834 2.475	11.21 0.861 2.876 -4.236 0.7637	-7.106 -0.7968 1.037 13.74 -1.99	-5.206 -0.994 10.31 0.9944 1.307	7.89 0.1576 10.93 5.502 -5.881
35300	0.7693 4.899 -6.645 6.798 2.488	11.26 0.9664 3.154 -4.013 0.929	-7.354 -0.6316 0.8974 13.43 -1.962	-5.282 -0.8189 10.49 0.9033 1.35	8.164 -0.02818 11.14 5.496 -5.865
35400	0.8042 5.186 -6.307 6.939 2.477	11.72 0.9344 3.149 -3.929 0.7556	-7.413 -0.898 0.9698 13.28 -1.931	-5.265 -0.6155 10.5 0.9075 1.377	8.028 -0.15 11.08 5.754 -5.919
35500	0.9987 5.56 -6.008 6.983 2.83	11.89 0.9778 2.945 -4.1 0.8552	-7.182 -0.7186 0.944 13.26 -1.724	-5.386 -1.012 10.64 0.8575 1.514	8.302 -0.2762 11.1 5.596 -5.842
35600	1.02 5.827 -5.892 7.045 2.964	12.18 0.9332 2.977 -4.196 0.5374	-7.303 -0.4888 0.9559 12.87 -1.737	-5.516 -0.4745 10.82 0.9238 1.599	8.392 -0.2787 11.24 5.727 -5.706
35700	0.9426 5.766 -5.851 6.925 3.077	11.83 0.9064 2.929 -3.916 0.5679	-7.634 -0.6724 0.8931 12.92 -1.602	-5.535 -0.3982 10.93 0.9843 1.297	8.084 0.2679 10.72 5.587 -5.695
35800	0.9489 6.141 -5.778 6.806 2.61	11.66 0.8433 3.368 -3.872 1.062	-7.724 -0.9794 0.8024 12.64 -1.992	-5.301 -0.1904 10.98 0.9403 1.241	7.865 0.3026 10.78 5.685 -5.765
35900	0.8116 5.986 -5.852 7.339 2.364	11.17 0.8125 3.435 -3.717 0.8755	-7.851 -0.9284 0.6873 12.57 -1.951	-5.269 0.08762 10.94 0.7927 1.423	8.247 0.8335 10.88 5.434 -5.522
36000	0.6759 5.901 -5.677 7.192 2.6	11.1 0.7677 3.049 -3.505 0.9512	-7.878 -0.849 0.7513 12.21 -1.731	-5.202 -0.1067 11.16 0.6862 1.587	8.095 0.793 11.05 5.46 -5.869
36100	0.6899 5.836 -5.637 7.25 2.511	10.96 0.6699 3.013 -3.536 1.139	-7.97 -0.6318 0.7251 12.32 -1.664	-5.262 -0.4508 11.32 0.7534 1.47	7.736 0.668 11.18 5.181 -6.251
36200	0.764 6.372 -5.504 7.094 2.4	11.18 0.7525 2.976 -3.113 1.571	-8.077 -0.8385 0.7671 12.38 -1.805	-5.176 -0.01148 11.24 0.7006 1.178	7.763 0.6922 11.14 5.361 -5.979
36300	0.6518 6.414 -5.47 7.183 2.78	11.19 0.7896 2.606 -3.144 1.496	-8.21 -0.5596 0.7941 12.49 -1.902	-5.263 -0.123 10.83 0.6629 1.323	7.689 0.6189 11.18 5.372 -5.904
36400	0.6403 6.354 -5.476 7.507 3.194	11.17 0.5593 2.853 -3.066 1.754	-7.903 -0.5716 0.6567 12.08 -2.019	-5.127 0.09608 11.18 0.5009 1.522	7.443 0.5539 11.16 5.122 -5.728
36500	0.6324 6.205 -5.673 7.634 3.053	11.16 0.593 2.528 -3.213 1.807	-7.839 -0.4978 0.6717 11.72 -1.725	-5.183 0.2015 11.45 0.6406 1.542	7.556 0.2194 10.93 5.134 -5.572
36600	0.4916 5.944 -5.939 7.512 2.936	11.11 0.5167 2.458 -3.258 1.789	-7.838 -0.1451 0.4852 11.93 -1.475	-5.033 0.0746 11.5 0.402 1.687	7.634 0.4775 10.71 4.889 -5.5
36700	0.5128 5.733 -5.936 7.764 2.757	11.11 0.5289 2.463 -3.283 1.959	-7.89 0.01063 0.4486 12.26 -1.531	-5.12 0.06739 11.67 0.4338 1.287	7.903 0.4699 10.61 4.883 -5.133
36800	0.4405 5.724 -5.966 7.812 3.012	11.12 0.4583 2.55 -3.17 1.94	-7.638 0.3777 0.4744 12.74 -1.525	-5.095 0.3069 11.53 0.3739 1.462	7.654 0.6511 10.59 5.045 -5.275
36900	0.5786 5.887 -6.108 7.817 3.041	11.45 0.4464 2.49 -3.087 1.794	-7.528 0.6254 0.4462 12.34 -1.41	-5.199 0.2993 11.05 0.5247 1.37	7.614 0.5049 10.57 5.003 -5.705
37000	0.3887 5.863 -6.187 7.942 3.114	11.26 0.4146 2.705 -3.195 1.594	-7.856 0.549 0.4933 12.25 -1.228	-5.149 0.4504 11.06 0.3681 1.387	7.968 0.686 10.58 5.113 -5.629
37100	0.3599 5.949 -6.35 7.649 2.963	11.14 0.4577 2.737 -3.201 1.457	-8.056 0.2875 0.3582 11.95 -0.9555	-5.229 0.4007 10.94 0.3794 1.729	7.905 0.8714 10.42 4.799 -5.866
37200	0.4963 6.214 -6.617 7.598 2.783	11 0.5118 2.769 -3.312 1.366	-8.241 -0.04445 0.3962 11.91 -0.9133	-5.18 -0.02945 11.34 0.5476 1.88	7.663 0.7945 10.17 5.048 -5.781
37300	0.4322 6.482 -6.531 7.71 2.658	10.91 0.4066 2.905 -3.85 1.168	-8.053 -0.03077 0.3723 11.84 -1.07	-5.145 0.2235 11.36 0.4497 1.639	7.591 0.8377 10.13 4.797 -5.855
37400	0.4679 6.4 -6.47 7.304 2.669	11.03 0.544 2.969 -3.8 1.401	-8.267 0.1407 0.4864 11.63 -1.09	-4.99 0.3033 11.26 0.4423 1.794	7.809 0.8099 10.04 5.143 -5.589
37500	0.5767 6.447 -6.294 7.114 2.537	11.01 0.5107 3.332 -4.159 1.485	-8.391 0.3008 0.3937 11.4 -1.405	-4.845 0.586 11.13 0.5323 1.829	7.349 0.6291 9.917 5.251 -5.964
37600	0.457 6.607 -6.185 7.155 2.467	11.3 0.5664 3.101 -3.977 1.736	-8.162 0.1609 0.3969 11.68 -1.498	-4.979 0.3672 11.18 0.5006 1.853	7.639 0.8254 9.877 4.938 -6.045
37700	0.3961 6.625 -5.878 7.229 2.308	11.13 0.4638 3.322 -3.714 1.888	-8.381 0.1502 0.4649 11.82 -1.598	-5.186 0.4129 11.16 0.4146 1.78	7.649 0.8407 9.786 5.032 -5.955
37800	0.3817 6.779 -6.046 7.363 2.35	10.93 0.3394 3.323 -3.569 1.686	-8.34 0.1989 0.3697 12.17 -1.43	-4.955 0.49 11.02 0.3505 1.812	7.529 1.231 9.924 4.994 -6.177
37900	0.518 6.519 -6.003 7.137 2.25	11.3 0.3821 3.127 -3.785 1.633	-8.27 0.1424 0.4115 12.3 -1.198	-4.991 0.5641 10.92 0.4688 1.922	7.639 0.8867 9.854 4.974 -6.129
38000	0.5972 6.501 -6.095 7.07 1.923	11.08 0.5067 2.967 -3.767 1.415	-8.508 0.04853 0.6755 12.2 -1.062	-5.462 0.1191 11.08 0.5502 1.675	7.502 0.8544 9.837 4.674 -6.249
38100	0.5497 6.423 -6.412 7.459 2.121	10.98 0.513 3.011 -3.823 1.491	-8.118 0.08893 0.4854 12.29 -1.131	-5.355 0.09832 10.87 0.5475 1.483	7.533 0.756 9.723 4.739 -6.074
38200	0.4664 6.578 -6.245 7.424 1.918	11.03 0.5721 3.167 -3.73 1.724	-8.29 0.257 0.5265 12.67 -0.5882	-5.699 0.2932 10.34 0.5385 1.764	7.116 1.171 9.563 4.663 -5.734
38300	0.6596 6.555 -6.141 7.74 1.883	10.57 0.6453 3.183 -3.427 1.66	-8.423 -0.02792 0.6653 12.52 -0.4158	-5.723 0.3958 10.3 0.6892 2.085	7.231 0.9782 9.548 5.075 -5.64
38400	0.5452 6.697 -5.994 7.931 2.121	10.56 0.5165 3.081 -3.565 1.682	-8.54 0.2769 0.4157 12.48 -0.6114	-5.589 -0.02057 10.54 0.6347 2.15	7.223 1.05 9.601 5.369 -5.438
38500	0.6317 7.046 -5.709 7.731 2.557	10.86 0.6512 3.116 -3.775 1.804	-8.245 -0.08406 0.5988 12.14 -1.065	-5.619 -0.01313 10.82 0.5827 2.284	7.451 0.9507 9.761 5.364 -5.223
38600	0.5873 6.758 -5.74 7.439 2.246	10.95 0.6432 3.273 -3.804 1.683	-8.188 0.1406 0.6917 12.32 -1.222	-5.713 0.0915 10.9 0.5913 2.119	7.593 1.175 9.436 5.213 -5.138
38700	0.6091 6.742 -5.489 7.775 2.04	11.15 0.5577 3.394 -3.595 1.487	-8.357 0.3954 0.6172 12.52 -0.9167	-5.742 0.2847 10.53 0.5068 1.985	7.262 1.705 9.612 4.91 -4.715
38800	0.4026 6.795 -5.331 7.859 1.837	11.23 0.4155 3.548 -3.414 1.369	-8.375 0.4591 0.4502 12.7 -0.4786	-5.564 0.247 10.51 0.4117 2.615	7.419 1.717 9.664 5.23 -4.543
38900	0.439 6.773 -5.394 7.749 1.928	11.52 0.3847 3.641 -3.407 1.56	-8.425 0.3352 0.3913 12.64 -0.5966	-5.551 0.3013 10.34 0.3618 2.852	7.536 1.628 9.582 5.062 -4.86
39000	0.4649 7.085 -5.487 7.93 2.156	11.71 0.3998 3.454 -3.133 1.652	-8.199 0.7783 0.473 12.78 -0.9429	-5.565 0.3343 10.78 0.4417 2.71	7.629 1.719 9.335 5.238 -4.614
39100	0.5613 6.96 -5.751 8.227 2.223	11.55 0.5542 3.698 -3.18 1.918	-8.276 1.371 0.5559 13 -1.015	-5.503 0.2459 10.74 0.6277 3.054	7.511 1.873 9.379 5.268 -4.481
39200	0.4548 7.126 -6.024 8.197 2.341	11.93 0.4981 3.956 -3.41 1.545	-8.224 1.558 0.4594 13.13 -0.8997	-5.445 0.3191 10.68 0.4095 2.972	7.871 1.65 9.291 5.461 -4.615
39300	0.4054 7.214 -6.048 8.253 2.354	12.01 0.427 4.137 -2.809 1.436	-8.572 1.592 0.4226 13.43 -0.8975	-5.559 0.001586 10.39 0.4649 3.067	7.586 1.608 9.452 5.262 -4.73
39400	0.3553 6.829 -5.397 8.295 2.25	12.3 0.3638 4.363 -2.762 1.685	-8.433 1.423 0.4561 13.23 -0.8466	-5.722 -0.1121 10.32 0.3201 3.23	7.525 1.645 9.45 5.286 -4.771
39500	0.2114 6.514 -5.409 7.993 2.11	12.33 0.2677 3.902 -2.789 1.52	-8.657 1.478 0.3153 13.35 -0.8577	-5.558 0.2637 10.39 0.1576 3.926	7.985 1.939 9.248 5.125 -4.467
39600	0.2531 6.316 -5.584 8.395 1.99	12.1 0.1351 3.769 -2.74 1.346	-8.613 1.332 0.2633 13.43 -0.4441	-5.739 0.4217 10.66 0.3061 4.128	7.908 2.33 9.356 5.472 -4.355
39700	0.2506 6.655 -5.47 8.768 1.615	12.21 0.3182 3.879 -2.714 1.541	-8.375 1.105 0.3049 13.24 -0.2005	-5.416 0.6688 10.67 0.356 4.246	7.673 2.767 9.575 5.062 -4.71
39800	0.4261 6.615 -5.396 8.858 2.115	12.14 0.3605 3.815 -2.545 1.56	-8.319 0.6653 0.4437 13.2 -0.4708	-5.948 0.3217 10.71 0.393 4.408	6.972 2.72 9.828 4.92 -4.83
39900	0.2136 6.659 -5.659 9.173 2.082	12.02 0.1151 3.676 -2.667 1.346	-8.487 0.5654 0.2588 13.27 -0.2355	-5.962 0.393 11.03 0.133 4.524	6.815 2.599 9.973 4.88 -5.151
40000	0.2135 6.473 -5.975 9.289 2.062	12.29 0.2178 3.904 -2.715 1.098	-8.483 0.4973 0.1973 13.54 -0.2188	-5.648 0.263 10.76 0.254 4.705	7.215 2.814 9.804 4.862 -5.379
40100	0.131 6.626 -5.921 9.299 1.857	12.17 0.02222 4.155 -2.622 1.328	-8.55 0.6386 0.2239 13.38 -0.2138	-5.791 -0.3318 10.84 0.123 4.681	7.262 3.051 9.859 4.669 -5.37
40200	0.1022 6.468 -5.931 8.989 1.861	12.11 0.1743 4.508 -2.745 1.726	-8.682 0.5043 0.1257 13.5 -0.09313	-5.601 -0.4007 10.74 0.0959 4.65	7.025 2.916 9.951 4.953 -6.001
40300	0.1818 6.912 -6.163 9.208 1.914	12.33 0.2138 4.535 -3.131 1.504	-9.03 0.9044 0.1221 13.75 -0.3135	-5.789 -0.3792 10.79 0.05003 4.823	6.981 2.52 10.16 4.809 -5.869
40400	0.1502 7.062 -6.322 8.263 2.118	12.22 0.2005 4.579 -3.038 1.518	-9.065 1.051 0.2547 13.69 -0.1252	-5.706 0.1427 10.51 0.1193 4.915	7.24 2.648 10.14 4.842 -5.67
40500	0.06861 7.059 -6.572 7.981 2.25	12.33 0.2167 4.628 -3.212 1.634	-9.424 0.9754 0.05444 13.56 0.2136	-5.671 0.1352 10.4 0.1885 5.06	7.58 2.622 10.15 4.965 -5.507
40600	0.2764 7.219 -6.689 7.897 2.329	12.22 0.3249 4.619 -3.411 1.624	-9.818 0.8349 0.293 13.99 0.2107	-5.634 0.2789 10.22 0.3355 4.905	7.973 3.017 10 4.609 -5.51
40700	0.3758 7.46 -6.697 8.12 2.503	12.06 0.4824 4.51 -3.657 1.452	-10.3 0.7714 0.3621 13.79 0.4553	-5.512 0.3409 10.2 0.5401 5.039	7.906 2.802 9.779 4.945 -5.386
40800	0.3084 7.323 -6.6 8.333 2.885	11.77 0.4451 4.539 -3.703 1.312	-10.19 0.8305 0.3317 13.69 0.8669	-5.442 0.1564 10.16 0.4699 4.941	7.925 2.764 9.581 4.924 -5.191
40900	0.3359 7.236 -6.954 8.629 3.246	12.11 0.4656 4.58 -3.652 1.538	-9.875 0.6171 0.3411 13.62 0.934	-5.035 0.006262 10.45 0.3434 4.949	7.77 2.769 9.587 4.856 -5.128
41000	0.3619 7.04 -7.09 8.517 3.147	11.86 0.2418 4.227 -3.888 1.913	-9.841 0.8246 0.3794 13.69 0.8635	-4.624 0.1505 10.24 0.319 5.047	7.674 2.882 9.678 4.643 -4.734
41100	0.2752 6.849 -6.948 8.427 2.966	11.73 0.3475 4.766 -3.964 1.9	-9.644 0.4662 0.3355 13.74 0.5297	-4.649 0.08552 10.59 0.3058 4.696	7.447 2.877 9.199 4.903 -4.919
41200	0.2633 6.652 -6.809 8.076 3.056	11.9 0.2041 4.86 -4.197 1.97	-9.774 0.02008 0.3078 13.74 0.4637	-4.542 0.07005 10.99 0.2882 4.958	7.583 2.819 9.401 4.671 -5.125
41300	0.5916 6.624 -6.469 8.073 2.832	12.01 0.4582 4.807 -4.176 2.231	-9.718 0.07202 0.5331 14.06 0.3493	-4.662 -0.1665 11.06 0.5318 5.176	7.52 2.764 9.183 4.59 -5.301
41400	0.5771 6.732 -6.58 8.236 2.649	12.24 0.6359 4.748 -4.292 2.425	-9.473 -0.06132 0.6557 14.02 0.3155	-4.391 -0.1178 10.98 0.6617 5.158	7.782 2.755 9.136 4.885 -5.418
41500	0.6217 6.667 -6.464 7.978 2.396	11.99 0.7949 4.873 -4.274 2.487	-9.352 -0.3776 0.6849 14 0.6925	-4.267 -0.01641 10.9 0.6791 4.755	7.99 2.86 9.205 5.037 -5.352
41600	0.684 6.792 -6.548 8.159 2.297	12 0.5806 4.926 -4.301 2.656	-9.375 -0.4223 0.6478 13.82 0.9918	-4.084 0.08251 10.61 0.6657 4.678	8.235 3.148 9.423 4.986 -5.332
41700	0.8278 6.606 -6.565 8.076 2.074	11.74 0.8298 5.073 -4.046 2.597	-9.569 -0.5967 0.7972 13.82 0.7137	-3.998 0.1689 10.7 0.7777 4.93	8.507 2.912 9.367 5.064 -5.245
41800	0.7485 6.627 -6.456 8.151 2.408	11.75 0.7183 5.138 -3.891 2.851	-9.588 -0.4279 0.7046 13.83 0.9263	-4.566 -0.3199 10.82 0.6103 4.922	8.301 2.691 9.02 4.902 -5.067
41900	0.6412 6.556 -6.509 8.156 2.482	11.91 0.7017 5.018 -3.822 2.343	-9.489 -0.4411 0.6004 13.94 1.147	-4.271 -0.1024 11.22 0.6846 4.899	7.844 3.095 9.023 5.021 -5.258
42000	0.7401 6.47 -6.555 8.281 2.752	11.99 0.596 5.158 -3.803 2.213	-9.382 -0.4129 0.6928 14.05 0.9255	-4.25 -0.06378 11.37 0.6663 4.755	7.756 3.051 9.143 4.996 -5.369
42100	0.7935 6.694 -6.6 8.541 2.701	11.7 0.7882 5.07 -3.85 2.212	-9.247 -0.2852 0.7903 14.09 0.6385	-4.379 0.02317 10.94 0.7383 4.612	7.467 2.893 9.261 4.743 -5.606
42200	0.7418 6.755 -6.905 8.478 2.899	11.61 0.7049 5.386 -4.273 1.979	-9.171 -0.3184 0.7071 13.95 0.5724	-4.081 0.05313 10.73 0.7493 4.968	7.496 3.077 8.895 4.707 -5.523
42300	0.9642 6.9 -7.168 8.323 2.844	11.62 0.7208 5.412 -4.174 1.926	-8.789 -0.2491 0.9512 14.01 0.8223	-4.206 0.002822 11.24 0.8626 4.916	7.44 2.851 8.723 4.886 -5.155
42400	0.7857 6.906 -7.15 8.188 2.667	11.55 0.9368 5.187 -3.794 1.97	-8.531 0.01126 0.8777 13.91 0.8193	-4.514 0.09499 11.37 0.8986 4.766	7.445 2.606 8.741 5.199 -5.339
42500	0.9799 6.679 -7.258 8.257 2.602	11.4 1.04 5.075 -3.594 2.056	-9.06 -0.01345 1.015 13.82 0.7117	-4.379 0.2377 11.49 1.089 4.373	7.288 2.444 8.786 5.143 -5.195
42600	1.135 6.647 -6.731 8.239 2.844	11.84 1.13 5.084 -3.474 1.775	-8.944 -0.4624 1.16 14.18 0.6559	-4.496 -0.2737 11.44 1.148 4.28	7.174 2.805 9.218 5.229 -5.228
42700	1.064 6.509 -6.469 8.252 2.88	11.76 1.016 5.048 -3.867 1.55	-9.108 -0.4326 1.084 14.45 0.6772	-4.772 -0.3117 11.48 1.098 4.497	7.061 2.81 9.208 5.285 -5.463
42800	0.994 6.448 -6.609 8.117 2.696	11.74 0.8892 5.208 -3.753 1.706	-8.769 -0.1218 0.9146 14.16 0.7826	-4.393 -0.5751 11.54 1.032 4.878	7.187 2.761 9.271 4.844 -5.454
42900	1.009 6.331 -6.641 7.97 2.569	11.91 1.072 5.404 -4.018 1.958	-8.832 -0.1866 1.139 14.04 1.294	-4.532 -0.7569 11.5 1.096 5.05	7.005 3.088 9.539 4.88 -5.211
43000	1.022 6.353 -6.572 7.887 2.64	11.95 1.126 5.206 -3.631 1.898	-8.877 0.3221 1.063 13.76 1.084	-4.484 -0.6963 10.96 1.078 4.618	6.917 2.862 9.413 4.863 -5.061
43100	1.247 6.176 -6.664 7.893 2.633	11.89 1.151 5.004 -3.697 2.16	-8.759 0.4253 1.104 13.74 1.103	-4.718 -0.841 11.04 1.15 4.763	7.224 3.094 9.346 4.99 -5.213
43200	1.229 6.386 -6.772 8.159 2.599	11.78 1.155 4.426 -3.701 2.39	-8.891 0.3277 1.217 14.02 1.31	-4.685 -0.6902 10.87 1.326 4.538	7.65 3.021 9.511 4.545 -4.822
43300	1.391 6.536 -6.649 8.603 2.585	11.63 1.28 4.681 -3.645 2.104	-8.771 0.7819 1.37 14.31 1.004	-4.51 -0.4835 11.22 1.348 4.473	7.836 3.267 9.584 4.739 -4.873
43400	1.403 6.887 -6.737 8.574 2.683	11.68 1.545 4.973 -3.411 2.02	-8.629 0.9901 1.422 14.57 0.9482	-4.375 -0.8115 11.38 1.432 4.396	7.658 3.613 9.33 4.548 -5.048
43500	1.3 7.16 -6.483 8.415 2.659	12 1.301 5.335 -3.348 1.911	-8.416 0.8093 1.295 14.68 0.9243	-4.341 -0.8617 11.45 1.351 4.529	7.362 3.26 9.181 4.696 -4.921
43600	1.343 7.077 -6.43 8.243 2.549	12.04 1.273 5.803 -3.397 1.935	-8.498 0.6998 1.393 14.83 0.6796	-4.108 -0.6807 11.47 1.371 4.713	7.37 3.451 9.114 4.746 -4.728
43700	1.613 6.812 -6.163 8.298 2.601	11.5 1.473 5.962 -3.393 2.209	-8.544 0.2535 1.581 14.55 0.827	-3.897 -0.7703 11.54 1.592 4.724	7.509 3.135 9.063 5.051 -5.212
43800	1.517 6.889 -6.287 8.169 2.498	10.97 1.521 5.524 -3.288 2.383	-8.373 -0.09094 1.463 14.74 0.999	-3.673 -0.7676 11.36 1.512 4.752	7.87 3.115 9.251 5.321 -5.391
43900	1.449 6.641 -6.373 7.836 2.462	10.88 1.611 5.456 -3.341 2.687	-8.233 -0.1074 1.548 14.9 0.9306	-2.918 -0.5382 11.62 1.537 4.681	7.535 3.128 8.867 5.259 -5.514
44000	1.48 6.393 -6.418 7.973 2.322	10.78 1.508 5.634 -3.34 2.494	-8.098 -0.1346 1.444 14.99 0.7628	-3.08 -0.4625 11.52 1.553 4.858	7.745 3.21 8.939 5.608 -6.05
44100	1.559 6.384 -5.937 7.701 2.227	10.75 1.403 5.742 -3.419 2.229	-8.209 0.2027 1.423 15.31 0.8125	-3.08 -0.5275 11.67 1.391 4.813	7.815 3.672 9.136 5.761 -6.13
44200	1.332 6.357 -6.151 7.939 2.297	10.51 1.382 5.837 -3.566 2.16	-8.409 -0.06581 1.405 15.46 0.5535	-3.226 -0.1667 11.65 1.389 4.923	7.882 3.726 9.211 5.889 -6.106
44300	1.298 6.338 -6.173 7.789 2.088	10.59 1.407 5.967 -3.705 2.031	-8.514 -0.1159 1.437 15.16 0.4669	-3.181 -0.07704 11.94 1.478 4.996	7.717 3.971 9.429 5.419 -5.964
44400	1.218 6.161 -6.047 7.853 1.84	10.6 1.147 6.301 -3.521 2.073	-8.393 -0.3217 1.16 15.05 1.041	-3.099 -0.1464 12.04 1.205 5.196	7.957 3.863 9.369 5.46 -5.856
44500	1.132 6.035 -5.921 7.274 2.081	10.2 1.082 6.304 -3.815 2.09	-8.17 -0.3418 1.072 15.08 1.299	-2.676 -0.3233 12.08 1.108 4.716	8.022 3.933 8.944 5.595 -5.608
44600	1.204 6.256 -6.373 7.462 2.256	10.05 1.273 6.541 -3.961 2.488	-8.302 -0.4729 1.174 14.88 1.54	-2.071 0.09532 12.08 1.316 4.321	7.533 4.143 8.785 5.527 -5.678
44700	1.128 6.364 -6.448 7.641 2.396	9.844 1.141 6.614 -3.791 2.7	-7.902 -0.3203 1.08 14.86 1.632	-1.938 0.344 11.95 1.155 4.302	7.651 4.251 8.873 5.412 -5.646
44800	1.128 6.507 -6.195 8.004 2.422	9.699 1.169 6.65 -3.951 2.808	-7.76 -0.3815 1.142 15.06 1.191	-1.516 -0.09038 12.37 1.065 4.283	7.473 4.523 9.078 5.178 -5.806
44900	0.9077 6.57 -6.379 7.756 2.762	9.636 1.093 6.952 -4.088 3.168	-7.545 -0.3213 0.9788 14.91 1.173	-1.372 -0.005752 12.35 1.046 4.04	7.703 4.148 9.455 5.436 -5.652
45000	0.8965 6.525 -6.374 7.638 2.49	10.26 0.875 6.82 -4.117 2.948	-7.52 -0.5367 0.9105 14.94 1.072	-1.357 -0.1773 12.17 0.8877 4.04	7.908 4.475 9.705 5.485 -5.785
45100	0.7827 6.378 -6.447 7.259 2.654	10.59 0.8833 6.848 -4.262 3.215	-7.519 -0.08667 0.8671 15.19 1.023	-1.144 -0.09236 12.13 0.8204 3.961	8.119 4.46 9.893 5.293 -6.064
45200	0.6806 6.254 -6.72 7.332 2.709	10.82 0.6127 7.151 -4.124 3.214	-7.76 -0.05531 0.728 15.2 1.169	-1.402 -0.2672 12.2 0.6774 3.645	7.886 4.515 9.874 5.258 -6.18
45300	0.7314 6.155 -6.636 6.952 2.805	10.83 0.6147 7.056 -4.304 3.18	-7.98 -0.2325 0.6294 15.1 1.168	-1.479 0.01791 12.27 0.5982 3.499	7.906 4.832 10.07 5.021 -6.214
45400	0.6074 6.022 -6.769 7.033 2.533	10.82 0.5431 7.2 -4.415 3.119	-7.77 -0.2941 0.5864 14.81 1.165	-1.42 0.1571 12.7 0.5823 3.503	7.782 4.411 10.11 5.082 -5.911
45500	0.3875 5.898 -6.859 7.073 2.842	11.16 0.4578 7.002 -4.231 3.499	-7.969 -0.414 0.3749 14.73 0.8571	-1.393 0.5941 12.94 0.3719 3.395	7.953 4.236 10.21 5.095 -5.935
45600	0.3728 6.195 -7.132 6.796 2.841	11.49 0.3302 6.868 -4.258 3.612	-7.662 -0.1122 0.4054 14.78 1.054	-1.223 0.6225 13.28 0.3166 3.417	8.148 4.475 10.13 4.942 -5.78
45700	0.261 6.048 -7.287 6.619 2.457	11.64 0.3476 6.506 -4.146 3.73	-7.636 -0.2431 0.08184 15.11 0.7845	-1.657 0.4641 12.75 0.3638 3.244	8.376 4.761 9.964 4.959 -5.712
45800	0.1151 5.969 -7.3 6.707 2.304	11.49 0.2395 6.387 -4.284 4.117	-8.014 -0.4403 0.1319 15.28 0.7775	-1.236 0.5624 12.82 0.2567 3.486	8.269 4.674 9.953 4.878 -5.802
45900	0.2477 6.427 -7.014 7.04 2.621	11.31 0.1633 6.536 -4.221 4.11	-7.904 -0.06708 0.0685 15.22 0.5847	-0.9519 0.1945 12.81 0.2044 3.511	8.208 4.834 10.13 4.828 -5.794
46000	0.3332 6.503 -6.879 7.351 2.392	11.25 0.1976 6.465 -4.301 4.049	-7.508 0.00748 0.2766 15.22 0.5469	-1.178 0.08191 13.35 0.2584 3.47	7.822 5.213 10.15 4.785 -5.885
46100	0.4702 6.347 -6.945 7.487 2.41	10.92 0.5809 6.332 -4.464 4.122	-7.701 0.1087 0.4849 14.78 0.7947	-1.253 0.3455 13.9 0.4385 3.462	8.1 5.156 9.886 4.556 -5.803
46200	0.4091 6.459 -6.878 7.576 2.393	11.03 0.4391 6.309 -4.298 4.359	-7.632 -0.01327 0.5296 14.75 0.9153	-1.268 0.1382 14 0.504 3.509	8.178 5.312 9.837 4.343 -6.025
46300	0.3516 6.496 -6.912 7.851 2.225	11.1 0.5177 6.5 -4.574 4.399	-7.741 -0.22 0.5347 14.51 0.916	-1.263 0.06385 13.9 0.5236 3.576	8.352 5.078 10.07 4.561 -5.755
46400	0.4777 6.541 -6.579 7.969 2.027	11.31 0.5757 6.724 -4.69 4.521	-7.371 -0.259 0.5283 14.83 1.27	-0.9911 -0.004497 14.05 0.4007 3.613	8.029 4.79 9.934 4.275 -5.547
46500	0.4207 6.6 -6.638 7.945 1.773	11.23 0.4831 6.535 -4.5 4.476	-7.285 -0.3046 0.519 15.09 1.319	-1.086 0.03445 14.08 0.471 3.316	8.175 4.459 10.09 4.187 -5.345
46600	0.6079 6.494 -6.452 7.993 1.674	11.44 0.5473 6.287 -4.609 4.407	-6.91 -0.4846 0.5796 14.58 1.201	-1.086 -0.2321 14.01 0.5293 3.272	8.214 4.658 10.05 4.039 -5.503
46700	0.645 6.634 -6.466 7.903 2.107	11.88 0.7185 6.017 -4.617 4.133	-6.89 -0.1463 0.6091 14.72 1.406	-0.9463 -0.1124 14.08 0.6799 3.159	8.263 4.402 10.22 4.052 -5.591
46800	0.5168 6.687 -6.589 7.617 2.054	11.96 0.5307 5.963 -4.858 4.371	-6.41 -0.4325 0.476 14.75 1.466	-0.9466 0.01165 13.78 0.3955 3.196	8.175 4.149 10.63 3.894 -5.352
46900	0.663 6.716 -6.453 7.439 2.001	11.8 0.5216 5.806 -4.896 4.421	-6.516 -0.08067 0.5939 14.63 1.402	-1.086 -0.3903 13.83 0.5593 3.019	7.92 4.248 10.73 3.87 -5.168
47000	0.6528 7.153 -6.262 7.688 2.213	11.84 0.815 5.966 -4.725 4.433	-6.472 0.03687 0.6962 15.1 1.438	-1.112 5.584e-05 13.86 0.7114 3.314	7.933 4.414 10.91 4.151 -5.035
47100	0.6931 6.991 -6.321 7.774 2.331	12.08 0.6027 6.209 -4.208 4.432	-6.602 -0.3097 0.7316 15.17 1.108	-1.062 0.1952 13.85 0.7135 3.525	7.874 4.655 10.89 4.103 -4.906
47200	0.7493 7.015 -6.675 7.473 2.117	11.55 0.7246 5.951 -4.488 4.453	-7.021 -0.3504 0.9025 15.14 1.217	-1.116 0.1244 13.83 0.6247 3.459	8.024 4.873 10.89 3.946 -4.921
47300	0.7379 7.219 -6.556 7.417 1.811	11.8 0.7015 5.724 -4.263 4.822	-7.256 -0.1162 0.6864 15.09 1.271	-0.8952 0.101 13.84 0.5961 3.452	8.027 4.766 10.69 3.795 -4.833
47400	0.7709 7.394 -6.464 7.312 1.692	11.68 0.8074 5.343 -4.902 4.922	-7.506 -0.545 0.7952 15.41 1.191	-0.6333 0.08643 13.94 0.7261 3.344	7.982 4.924 10.76 3.696 -4.921
47500	0.8558 7.575 -6.495 7.322 1.824	11.4 0.7972 4.93 -5 4.625	-7.662 -0.6425 0.9099 15.46 1.452	-0.8214 0.2251 14.06 0.8028 3.5	7.6 5.094 10.83 3.517 -5.077
47600	0.7769 7.907 -6.693 7.539 1.923	11.37 0.8589 5.303 -5.002 4.731	-7.766 -0.7601 0.8714 15.81 1.564	-1.174 0.3781 13.69 0.8824 3.663	7.587 4.996 10.49 3.482 -5.035
47700	0.7634 7.821 -6.489 7.773 1.521	11.37 0.7376 5.202 -5.292 4.207	-8.024 -0.7094 0.8446 15.87 1.129	-1.279 0.2737 13.87 0.627 3.625	7.832 4.911 10.73 3.224 -5.238
47800	0.7209 7.826 -6.564 7.764 1.794	11.59 0.7452 5.224 -5.518 4.276	-8.312 -0.8305 0.8266 15.96 0.8878	-0.8791 -0.2557 13.79 0.7064 3.603	8.107 5.103 10.83 2.808 -4.897
47900	0.62 7.669 -6.734 8.013 1.853	11.65 0.6271 5.677 -5.113 4.534	-8.076 -0.6031 0.6751 15.58 1.352	-0.405 -0.3097 13.56 0.6196 3.703	8.067 5.307 10.7 2.705 -4.93
48000	0.5006 7.481 -6.663 7.985 1.611	11.37 0.4521 5.553 -5.258 5.137	-7.772 -0.7234 0.4803 15.56 1.639	-0.5759 -0.07565 13.79 0.5041 4.311	7.987 5.249 10.47 2.776 -5.001
48100	0.3603 6.974 -6.609 7.994 1.62	11.28 0.4245 5.473 -5.065 5.177	-7.641 -0.8388 0.3333 15.29 1.538	-0.6202 -0.3146 13.57 0.3643 4.091	7.943 4.879 10.36 2.821 -5.002
48200	0.4022 7.475 -6.592 7.764 1.67	10.93 0.2761 5.696 -4.942 5.125	-7.495 -1.109 0.4749 15.36 1.675	-0.7387 -0.2161 13.65 0.4265 3.815	8.137 5.152 10.72 2.873 -4.926
48300	0.4014 7.311 -6.745 7.897 1.644	11.13 0.3779 5.373 -5.022 5.069	-7.281 -1.111 0.3346 15.16 1.751	-0.7533 -0.4668 13.56 0.334 3.694	8.135 5.127 10.68 3.115 -4.787
48400	0.2232 7.378 -6.535 7.815 1.598	11.26 0.1966 5.773 -4.621 4.679	-7.298 -1.461 0.3149 15.37 1.589	-0.8416 -0.2722 13.49 0.3135 3.572	7.853 4.86 10.56 3.24 -4.885
48500	0.2897 7.457 -6.579 7.688 1.478	10.93 0.3177 5.538 -4.559 4.769	-7.058 -1.684 0.3167 15.25 1.429	-0.9626 -0.4471 13.53 0.357 3.46	7.836 4.68 10.72 3.085 -4.764
48600	0.1413 7.587 -6.618 7.625 1.463	11.18 0.1673 6.119 -4.952 5.088	-6.931 -1.631 0.1442 15.19 1.272	-0.73 -0.5669 13.25 0.2318 3.34	7.669 4.511 10.79 3.304 -5.127
48700	-0.01956 7.247 -6.402 7.603 1.462	11.39 0.02438 6.143 -4.552 4.821	-6.973 -1.827 0.03464 15.13 1.561	-0.2763 -0.7857 13.46 0.02519 2.994	7.684 4.705 10.66 3.634 -5.029
48800	-0.1009 7.112 -6.211 7.551 1.12	11.41 -0.003499 6.171 -4.692 4.859	-6.965 -1.895 -0.02813 15.3 1.346	-0.4419 -0.9206 13.55 -0.08107 3.176	7.476 4.611 10.7 3.774 -5.38
48900	-0.1407 7.507 -6.36 7.331 1.253	11.51 -0.1458 6.321 -4.697 4.778	-6.895 -1.884 -0.1258 14.85 1.07	-0.2559 -0.6945 13.4 -0.2013 2.936	8.056 4.736 10.78 3.838 -5.604
49000	0.02545 7.448 -6.279 7.446 1.358	11.42 -0.1156 6.26 -4.84 4.592	-6.901 -1.901 -0.05649 14.71 1.011	0.05581 -0.3543 13.6 -0.009816 2.897	8.146 4.493 10.25 3.464 -5.802
49100	-0.04046 7.712 -6.459 7.238 1.542	11.37 -0.04683 6.416 -4.901 4.794	-7.193 -1.827 0.0549 14.68 0.9118	-0.1664 -0.2332 13.42 -0.0439 2.97	8.43 4.588 10.57 3.39 -5.793
49200	-0.1418 7.661 -6.107 6.66 1.09	11.27 -0.1273 6.401 -4.898 5.073	-7.708 -1.397 -0.1137 15.05 0.9269	-0.5742 -0.6934 13.37 -0.202 3.023	8.509 4.57 10.78 3.53 -5.899
49300	-0.02654 7.586 -5.713 6.777 0.6231	11.53 -0.04587 6.331 -4.807 5.15	-7.754 -1.225 -0.1025 15.26 1.137	-0.5384 -0.7904 13.53 0.03065 2.984	8.593 4.699 10.83 3.467 -6.103
49400	-0.06729 7.709 -5.68 6.773 0.4733	11.87 -0.0194 5.971 -4.525 5.129	-7.62 -1.182 -0.01711 15.52 1.128	-0.3462 -0.9241 13.47 -0.06854 3.243	8.342 5.012 10.78 3.319 -6.096
49500	-0.0003992 8.115 -5.95 6.869 0.5412	11.52 0.03482 5.959 -4.271 4.77	-7.73 -1.225 0.009342 15.01 1.021	-0.9167 -0.4929 13.35 -0.001626 3.179	8.332 5.334 10.71 3.385 -6.223
49600	-0.0245 7.678 -5.854 6.875 0.5348	11.69 -0.0896 6.206 -4.167 5.183	-7.791 -1.736 -0.04602 15.05 1.166	-0.7474 -0.5171 13.44 -0.2216 3.242	8.415 4.996 10.9 3.347 -6.196
49700	-0.04402 7.448 -5.738 6.954 0.5643	11.59 -0.1282 6.382 -4.287 4.899	-7.632 -1.466 -0.1538 15.06 1.044	-1.3 -0.5753 13.54 -0.1386 3.393	8.69 5.187 10.89 3.109 -6.066
49800	-0.09297 7.166 -5.613 7.104 0.4242	11.68 -0.09361 6.57 -3.983 5.025	-7.93 -1.225 -0.05493 15.3 1.073	-1.414 -0.3416 13.33 -0.1174 3.408	8.571 5.161 10.48 3.202 -6.088
49900	0.09949 7.357 -5.574 7.2 0.5125	11.65 0.09121 6.098 -3.839 4.925	-7.891 -1.597 0.0478 15.27 1.162	-1.261 -0.4198 12.7 0.07795 3.418	8.604 5.362 10.43 3.306 -6.188
50000	0.03534 7.049 -5.873 7.26 0.3922	11.77 0.09769 5.766 -4.072 4.826	-8.309 -1.345 -0.01548 14.99 1.215	-1.174 -0.5143 12.92 0.009029 3.223	9.073 5.087 10.37 3.363 -6.206
50100	-0.04089 7.47 -5.884 7.021 0.8757	11.67 -0.0396 5.85 -3.931 4.761	-8.463 -0.9695 0.002254 14.83 1.673	-0.6942 -0.9984 12.84 -0.03923 3.667	8.958 4.83 10.45 3.25 -6.239
