0	0 0 0	0 0 0	0 0 0
100	0.8082 0.3093 0.1382	0.001557 -0.2681 0.02355	-0.02828 0.003836 -0.456
200	1.355 0.6085 0.2282	0.01945 -0.3236 0.04096	-0.0904 0.1244 -0.7296
300	2.193 0.5616 0.02475	-0.08907 -0.2345 0.1259	-0.08994 0.08284 -0.9569
400	2.571 0.2385 0.255	-0.0749 -0.2139 0.1811	-0.3437 0.1437 -1.033
500	2.944 0.03571 0.4933	-0.01217 -0.1367 -0.3145	-0.1927 0.4529 -1.421
600	3.169 0.3183 0.4017	-0.1212 -0.1642 -0.2461	-0.3758 0.6358 -1.674
700	3.181 -0.02733 0.1113	-0.2656 -0.5354 -0.3534	-1.009 0.5514 -2.297
800	3.502 -0.2001 -0.1914	-0.0919 -0.2079 -0.4384	-0.6842 0.5821 -2.394
900	3.863 -0.04887 -0.6416	0.4811 -0.3587 -0.5775	-0.6409 0.5573 -2.343
1000	4.412 -0.1392 -0.4169	0.5503 -0.0335 -0.2191	-0.3942 0.9316 -2.316
1100	4.655 -0.06985 -0.3137	0.6115 0.281 -0.2852	-0.5593 1.055 -2.325
1200	5.246 -0.1759 -0.1004	0.5062 0.4807 -0.09109	-0.4742 0.4235 -2.413
1300	5.121 -0.4971 -0.2794	0.3238 0.259 0.04213	-0.9279 0.4339 -2.49
1400	5.134 -1.027 -0.5808	0.1883 0.1855 -0.2593	-1.142 0.1182 -2.31
1500	5.007 -0.8658 -0.7722	0.06912 0.2177 -0.1109	-1.768 -0.07387 -2.251
1600	4.964 -0.2513 -0.9215	-0.001889 -0.1618 -0.5802	-1.521 -0.4488 -2.329
1700	4.918 -0.246 -0.9339	-0.2012 -0.4446 -0.543	-1.611 -0.2797 -2.059
1800	5.34 -0.162 -0.9445	0.6422 -0.4636 -0.5569	-1.726 -0.2894 -2.443
1900	5.488 -0.1197 -1.044	0.4389 -0.5957 -0.5605	-1.625 -0.01257 -2.599
2000	5.793 -0.2253 -0.834	0.8073 -1.124 -0.3833	-1.604 -0.2331 -2.569
2100	6.177 -0.1049 -0.9017	0.78 -1.593 -0.3177	-1.948 -0.5368 -2.379
2200	6.163 -0.1961 -0.9617	0.8055 -1.815 -0.3692	-2.059 -0.2402 -2.383
2300	5.881 -0.5336 -0.8408	0.694 -2.223 -0.1436	-2.037 -0.4193 -1.991
2400	5.874 -0.1881 -0.7322	0.5657 -2.294 -0.2263	-1.87 -0.2905 -2.416
2500	5.751 -0.2275 -0.663	0.1714 -2.109 -0.5479	-1.856 -0.1885 -2.213
2600	5.995 -0.7244 -0.5221	-0.07464 -2.152 -0.5016	-2.247 -0.1867 -2.136
2700	5.859 -0.9533 -0.3796	0.03185 -1.947 -0.749	-2.295 -0.1596 -2.04
2800	5.736 -1.001 -0.04059	0.06138 -2.014 -0.4767	-2.364 0.2953 -2.383
2900	5.301 -0.4768 0.3821	0.3799 -2.148 -0.2027	-2.4 0.05705 -2.52
3000	5.544 -0.2614 0.3754	0.1525 -2.265 -0.03296	-2.547 0.02934 -2.626
3100	5.178 -0.1147 0.8206	0.3078 -2.091 -0.3037	-2.563 0.07924 -2.489
3200	5.273 -0.5486 0.8824	0.3305 -2.396 0.05299	-2.767 0.221 -2.834
3300	5.428 -0.2187 1.208	0.2868 -2.926 0.2462	-2.9 -0.1807 -2.993
3400	5.457 -0.4 0.8666	0.4961 -3.031 0.5016	-3.217 -0.4921 -3.102
3500	6.106 -0.5442 1.233	0.7455 -2.731 0.6384	-3.054 -0.6272 -2.777
3600	6.035 -0.7736 1.243	0.8436 -2.944 0.8211	-3.153 -0.1673 -2.587
3700	6.158 -0.7198 0.9422	0.6228 -3.334 0.6009	-3.178 -0.3205 -2.766
3800	6.284 -0.4284 0.9881	0.8429 -3.245 0.3436	-3.46 -0.2071 -3.028
3900	6.524 -0.3144 0.6591	0.4496 -2.934 -0.03367	-3.218 0.009319 -3.297
4000	6.149 -0.5554 0.6711	0.502 -3.066 0.02494	-3.194 -0.08288 -3.376
4100	6.232 0.1111 0.3035	0.6638 -3.166 0.2934	-3.128 0.2102 -3.54
4200	6.704 -0.004992 0.2727	0.7391 -3.461 0.4629	-2.75 -0.069 -3.421
4300	6.631 0.08145 0.4067	0.6597 -3.479 0.2443	-2.607 0.04156 -3.25
4400	6.629 0.3481 0.5291	0.7656 -3.761 0.5056	-2.636 -0.1967 -3.222
4500	6.631 0.2204 0.5934	0.6927 -3.561 0.7923	-2.656 0.03725 -3.787
4600	6.881 0.2201 0.2912	0.6409 -3.78 0.112	-2.795 -0.03792 -3.652
4700	7.192 0.1353 0.3865	1.174 -4.05 0.07404	-2.858 -0.1078 -3.432
4800	7.09 0.184 0.6392	1.566 -4.107 0.2435	-3.207 -0.2557 -3.7
4900	6.888 0.1302 0.4753	1.062 -4.363 0.2036	-3.172 -0.861 -3.755
5000	6.551 0.3083 0.2417	1.185 -4.485 -0.132	-3.203 -0.7317 -4.051
5100	6.218 0.474 0.08457	1.042 -4.18 -0.1997	-2.963 -0.5615 -4.499
5200	5.777 0.05291 -0.003382	0.998 -4.076 -0.527	-2.61 -0.5953 -4.744
5300	6.223 -0.02142 -0.5019	0.8882 -4.478 -0.4595	-2.512 -0.7702 -4.926
5400	6.191 -0.07805 -0.742	0.9534 -4.503 -0.3435	-2.364 -1.123 -4.809
5500	6.342 -0.3143 -0.8729	1.333 -4.176 -0.3288	-2.825 -1.126 -4.875
5600	6.418 -0.01612 -0.2874	1.442 -4.382 -0.8037	-2.62 -0.8715 -5.231
5700	6.123 0.209 0.02773	1.278 -4.543 -1.213	-2.237 -0.7364 -5.299
5800	5.765 -0.1678 0.02705	1.228 -4.675 -1.08	-2.138 -0.5671 -4.94
5900	5.929 -0.2197 0.08366	1.329 -4.681 -1.125	-2.291 -0.5062 -4.822
6000	5.583 -0.3642 -0.1062	1.349 -4.41 -1.377	-1.939 -0.2236 -4.644
6100	5.315 -0.08471 -0.3019	1.3 -4.318 -1.256	-1.753 -0.06428 -4.74
6200	5.546 -0.4318 -0.04013	1.442 -4.56 -1.445	-1.525 -0.3974 -4.716
6300	5.59 -0.7163 -0.4881	1.636 -4.594 -1.743	-1.777 -0.4998 -5.07
6400	5.457 -0.4326 -0.7004	1.639 -4.511 -1.477	-2.027 -0.2391 -5.349
6500	5.626 -0.6488 -0.2002	1.329 -4.306 -1.392	-1.821 -0.2707 -5.706
6600	6.046 -0.9204 -0.4666	1.676 -4.241 -1.12	-1.379 -0.2148 -5.255
6700	6.237 -1.049 -0.6208	1.766 -3.946 -1.176	-1.579 0.03827 -5.632
6800	6.014 -1.267 -0.8242	1.836 -3.777 -1.18	-1.827 0.1663 -5.82
6900	6.007 -1.085 -0.6522	1.614 -4.325 -1.234	-1.714 0.2334 -5.716
7000	5.829 -0.8908 -0.4659	1.975 -4.162 -1.373	-1.518 0.01004 -6.15
7100	5.137 -0.5847 -0.8826	1.807 -4.224 -1.328	-1.258 -0.2183 -6.228
7200	4.83 -0.7081 -0.9372	1.425 -4.519 -1.555	-1.408 -0.4759 -6.138
7300	4.438 -0.6549 -1.002	1.452 -4.48 -1.811	-1.231 -0.412 -6.012
7400	4.592 -0.562 -1.017	1.966 -4.203 -1.518	-1.644 -0.6821 -5.699
7500	4.275 -0.6311 -1.241	2.067 -3.955 -1.433	-2.165 -0.8711 -6.188
7600	4.12 -0.8062 -1.255	2.143 -3.67 -1.673	-2.108 -0.2941 -6.536
7700	4.514 -0.7576 -1.783	2.043 -3.39 -1.465	-2.406 -0.5389 -6.578
7800	4.991 -0.8636 -1.764	1.919 -3.468 -1.812	-2.427 -0.6503 -6.695
7900	5.563 -0.9392 -2.106	2.171 -3.91 -1.827	-2.501 -0.4198 -7.084
8000	5.556 -1.266 -2.571	2.371 -3.759 -1.524	-2.304 -0.594 -7.075
8100	5.667 -1.516 -2.591	2.289 -3.466 -1.309	-2.704 -0.592 -7.132
8200	5.391 -1.137 -2.862	2.266 -3.71 -1.11	-2.665 -0.5752 -7.173
8300	5.203 -1.194 -2.766	2.458 -3.575 -0.9285	-3.028 -0.8197 -7.584
8400	5.353 -1.071 -2.782	1.925 -3.797 -1.192	-3.158 -0.8919 -7.768
8500	5.356 -1.428 -2.948	2.079 -3.773 -0.8459	-3.092 -0.4059 -7.556
8600	5.102 -1.76 -3.333	1.758 -3.9 -0.6446	-2.77 -0.2077 -7.818
8700	5.107 -1.847 -3.355	2.188 -3.823 -0.6691	-2.933 0.1929 -8.16
8800	5.216 -1.894 -2.956	2.454 -4.103 -0.5844	-2.754 0.2739 -8.137
8900	5.194 -2.184 -2.587	2.489 -4.133 -0.5023	-2.66 0.7038 -8.012
9000	5.005 -2.357 -3.103	2.72 -3.976 -1.005	-3.196 0.6144 -8.284
9100	5.031 -2.363 -2.918	3.218 -4.206 -1.587	-3.159 0.3142 -8.241
9200	4.94 -2.493 -2.447	3.149 -3.739 -1.799	-3.467 0.3516 -8.249
9300	4.68 -2.368 -2.404	3.391 -4.058 -2.096	-3.431 0.4963 -7.805
9400	4.797 -2.35 -2.41	3.489 -4.277 -1.758	-3.831 0.5647 -7.928
9500	4.34 -2.465 -2.248	3.105 -4.501 -1.802	-3.668 0.2474 -8.091
9600	4.464 -2.392 -2.235	2.7 -4.339 -1.629	-3.779 0.5166 -8.464
9700	4.559 -2.814 -2.138	2.313 -3.959 -1.507	-4.284 0.4499 -8.177
9800	4.403 -2.963 -1.96	2.567 -3.999 -1.568	-4.135 0.8415 -8.396
9900	4.125 -2.865 -1.852	2.513 -4.008 -1.856	-4.47 0.5097 -8.443
10000	4.089 -2.881 -1.889	2.621 -3.93 -1.809	-4.426 0.5764 -8.584
10100	4.209 -2.877 -1.785	2.396 -3.964 -1.256	-3.973 0.538 -8.473
10200	3.408 -2.646 -1.897	2.487 -3.878 -0.7594	-3.671 0.7951 -8.483
10300	2.79 -2.772 -1.792	2.951 -4.031 -0.6825	-3.407 0.7943 -8.391
10400	2.77 -2.841 -1.34	2.691 -4.431 -0.878	-3.584 0.8005 -8.186
10500	2.952 -2.405 -1.51	2.898 -4.411 -1.084	-3.446 0.7144 -7.954
10600	3.168 -2.231 -1.116	2.706 -4.405 -1.478	-3.566 0.8418 -8.601
10700	3.112 -2.424 -0.8036	2.566 -4.334 -1.827	-3.501 0.7082 -8.721
10800	3.184 -2.326 -1.15	3.179 -4.705 -1.575	-3.813 1.018 -8.696
10900	3.113 -1.858 -0.9251	3.094 -4.701 -1.394	-4.005 1.154 -9.044
11000	3.001 -2.306 -0.7327	2.79 -4.777 -1.519	-4.043 0.9655 -8.786
11100	2.9 -2.411 -0.5877	3.008 -4.754 -1.646	-3.928 0.9693 -8.366
11200	2.998 -2.036 -0.6382	3.279 -4.577 -1.704	-3.688 0.6733 -8.518
11300	2.724 -2.548 -0.7986	3.306 -4.486 -1.593	-4.089 0.5057 -8.471
11400	2.46 -2.103 -0.8095	3.624 -4.798 -0.7446	-4.144 0.5654 -8.154
11500	2.36 -2.423 -0.9204	3.663 -4.908 -0.9827	-4.237 0.8231 -8.447
11600	2.59 -2.251 -1.319	3.827 -5.013 -0.9782	-3.915 1.153 -8.336
11700	2.45 -2.37 -1.286	3.808 -5.184 -1.266	-3.714 1.104 -8.344
11800	2.729 -2.437 -1.487	3.722 -5.524 -1.418	-3.896 0.8259 -8.838
11900	2.664 -1.909 -1.944	3.442 -5.49 -1.521	-3.829 1.512 -8.487
12000	2.853 -1.854 -2.087	3.344 -5.636 -1.455	-3.886 1.313 -8.368
12100	2.675 -1.798 -2.068	2.774 -5.524 -1.372	-3.82 1.471 -8.78
12200	2.475 -2.113 -2.233	2.927 -5.887 -1.289	-4.103 1.358 -9.013
12300	1.993 -1.851 -1.576	3.16 -5.965 -1.314	-3.919 1.439 -9.205
12400	1.875 -2.215 -1.82	2.887 -5.638 -1.188	-3.875 1.349 -9.185
12500	1.751 -2.088 -1.831	2.848 -5.282 -1.077	-3.771 1.583 -9.495
12600	2.069 -2.312 -2.31	2.549 -5.101 -1.263	-3.538 1.908 -9.608
12700	1.67 -2.408 -2.242	2.746 -4.778 -1.067	-3.367 1.592 -9.23
12800	1.545 -2.469 -2.465	2.382 -4.68 -1.361	-3.248 1.512 -9.184
12900	1.52 -2.35 -2.768	2.486 -4.531 -1.313	-3.124 2.004 -9.295
13000	1.505 -2.364 -2.487	2.772 -4.682 -1.535	-3.132 1.849 -9.214
13100	1.336 -2.491 -2.65	2.996 -4.861 -1.929	-3.275 2.25 -9.62
13200	1.308 -2.485 -2.865	2.555 -5.075 -1.464	-3.205 2.166 -9.436
13300	1.407 -2.439 -3.257	2.99 -5.169 -1.634	-3.36 2.398 -9.4
13400	1.283 -2.403 -3.625	2.716 -5.207 -1.881	-3.306 2.338 -9.716
13500	1.016 -2.667 -3.788	2.396 -5.333 -1.904	-3.254 2.34 -9.645
13600	1.118 -2.361 -3.988	2.643 -4.997 -1.496	-3.249 1.969 -9.561
13700	1.154 -2.718 -3.8	2.765 -5.39 -1.638	-3.32 1.769 -9.396
13800	1.312 -2.76 -3.802	2.677 -5.004 -1.743	-3.345 1.927 -9.149
13900	1.309 -3.056 -3.996	2.671 -5.074 -2.07	-3.858 1.717 -9.647
14000	1.472 -2.87 -3.892	2.965 -5.26 -1.97	-3.547 1.86 -9.499
14100	1.528 -2.755 -4.185	2.74 -5.563 -1.73	-3.695 2.194 -9.659
14200	1.174 -2.308 -3.79	2.594 -5.546 -1.403	-3.734 2.191 -9.586
14300	0.9825 -2.364 -3.847	2.079 -5.697 -1.547	-3.686 2.834 -9.635
14400	0.7414 -2.713 -3.814	2.572 -5.828 -1.78	-4.163 2.85 -9.223
14500	1.21 -2.552 -3.677	2.842 -5.62 -1.761	-4.229 3.151 -9.121
14600	0.8929 -2.774 -3.534	3.145 -5.211 -1.817	-4.098 3.605 -9.416
14700	0.6737 -2.931 -3.922	3.367 -5.227 -1.984	-3.654 3.622 -9.727
14800	0.8165 -3.041 -4.267	3.167 -5.205 -1.782	-3.769 3.699 -9.6
14900	0.796 -2.304 -4.547	3.462 -5.641 -1.503	-3.493 3.762 -9.354
15000	0.7923 -2.32 -4.479	3.485 -5.782 -2.167	-3.126 3.368 -9.417
15100	1.029 -2.31 -4.504	3.466 -5.631 -2.355	-3.382 3.18 -9.733
15200	1.126 -2.138 -4.523	3.391 -5.634 -2.202	-3.645 3.058 -9.757
15300	1.284 -2.029 -4.052	3.559 -5.36 -1.881	-3.792 2.446 -9.756
15400	1.625 -1.852 -4.312	3.916 -5.11 -1.607	-4.102 2.629 -9.701
15500	1.412 -1.878 -4.166	4.221 -4.829 -1.521	-4.421 2.934 -9.495
15600	0.9056 -1.857 -3.861	4.545 -4.692 -1.547	-4.385 2.83 -9.092
15700	0.9616 -1.877 -3.649	4.524 -5.113 -1.642	-4.476 3.314 -9.23
15800	1.031 -2.132 -3.557	4.689 -4.841 -1.583	-4.688 2.913 -9.187
15900	0.6471 -1.816 -3.7	4.919 -4.655 -1.751	-4.542 2.824 -9.542
16000	0.8578 -1.629 -3.826	5.064 -4.654 -1.608	-5 3.504 -9.839
16100	1.303 -1.236 -4.257	5.026 -4.426 -1.591	-5.099 3.201 -9.81
16200	1.3 -1.205 -4.404	5.384 -5.023 -1.429	-4.86 3.146 -10.11
16300	1.666 -1.586 -4.654	5.361 -5.619 -1.747	-4.256 3.05 -10.37
16400	1.417 -1.824 -4.616	5.498 -6.09 -1.153	-4.446 3.002 -10.68
16500	1.597 -1.923 -4.332	5.591 -5.947 -1.097	-4.343 3.287 -10.82
16600	1.884 -1.691 -4.841	5.265 -6.248 -0.9242	-4.369 3.46 -11.09
16700	1.741 -1.942 -4.785	5.082 -5.875 -0.987	-4.798 3.458 -11.08
16800	1.796 -1.873 -5.479	4.774 -6.064 -0.8968	-4.41 3.452 -11.22
16900	1.757 -2.212 -5.382	4.849 -6.246 -0.4437	-4.612 3.346 -11.11
17000	1.706 -1.909 -5.645	4.76 -6.366 -0.2608	-4.858 3.39 -10.97
17100	1.835 -1.725 -5.795	4.581 -6.526 0.0429	-5.392 3.584 -10.77
17200	1.858 -1.621 -5.883	4.506 -6.251 -0.1392	-5.016 3.77 -11.25
17300	1.713 -2.238 -6.139	4.318 -6.03 -0.483	-4.79 3.855 -11.42
17400	1.953 -2.432 -6.19	4.233 -6.014 -1.003	-4.45 3.283 -11.32
17500	2.167 -2.539 -5.752	4.455 -5.445 -1.176	-4.843 3.33 -11.08
17600	2.108 -2.058 -5.665	4.272 -5.355 -1.457	-4.578 3.492 -10.85
17700	2.105 -1.985 -6.35	4.315 -5.298 -1.452	-4.726 4.121 -11.17
17800	2.268 -1.771 -5.946	4.51 -5.551 -1.155	-4.97 4.155 -11.34
17900	2.192 -1.788 -5.8	4.591 -5.214 -1.314	-5.166 4.199 -11.21
18000	2.356 -2.058 -5.356	4.655 -4.766 -0.8252	-4.778 3.916 -10.99
18100	2.203 -1.99 -5.112	4.878 -4.52 -1.093	-4.745 3.839 -10.96
18200	1.775 -1.906 -5.01	4.945 -4.65 -0.8768	-4.489 3.844 -10.77
18300	2.013 -2.277 -5.023	5.004 -4.727 -0.8694	-4.014 3.935 -11.05
18400	1.615 -1.989 -4.94	5.162 -5.171 -1.106	-4.054 4.062 -11.56
18500	2.007 -2.304 -5.132	5.022 -4.909 -1.119	-4.083 3.747 -11.71
18600	1.624 -2.093 -5.272	4.846 -4.954 -1.334	-3.897 3.376 -11.65
18700	1.658 -1.959 -5.35	4.472 -5.191 -1.272	-4.207 3.345 -11.34
18800	1.402 -1.672 -5.181	3.933 -5.16 -1.39	-4.143 3.257 -11.36
18900	1.509 -2.014 -5.019	3.821 -5.007 -1.285	-3.847 3.177 -10.76
19000	1.418 -2.086 -4.943	3.647 -5.16 -1.198	-3.819 3.758 -10.78
19100	1.338 -2.106 -5.173	3.567 -4.933 -0.9293	-3.793 3.621 -10.58
19200	1.795 -2.3 -5.486	4.045 -4.957 -1.272	-3.89 3.455 -10.37
19300	2.163 -1.754 -5.748	3.659 -5.01 -1.506	-4.109 3.262 -10.49
19400	1.851 -1.931 -5.75	3.783 -5.084 -1.194	-4.068 3.626 -10.45
19500	2.129 -1.594 -5.685	3.709 -5.02 -1.435	-3.916 3.69 -10.35
19600	2.345 -1.286 -5.956	3.607 -5.159 -1.52	-3.608 3.55 -9.987
19700	2.022 -0.974 -5.727	3.465 -5.708 -1.365	-3.957 3.447 -9.956
19800	1.921 -1.159 -5.711	3.49 -5.891 -1.434	-3.864 3.105 -9.98
19900	1.951 -0.9567 -5.469	3.586 -5.223 -1.567	-4.075 3.066 -10.08
20000	1.954 -0.9958 -5.53	3.896 -5.4 -1.457	-4.288 3.278 -9.748
20100	1.752 -0.9717 -5.814	3.955 -5.238 -1.54	-4.119 3.381 -9.191
20200	2.014 -0.8544 -5.721	3.822 -5.409 -1.326	-3.738 3.213 -9.409
20300	1.818 -0.9845 -5.669	3.489 -5.937 -1.085	-3.848 3.334 -9.033
20400	2.069 -1.235 -5.794	3.53 -6.019 -1.193	-3.535 3.578 -8.846
20500	1.969 -1.16 -5.855	3.386 -6.105 -0.8475	-3.567 3.851 -8.71
20600	1.817 -1.323 -5.6	3.172 -6.076 -0.8722	-3.795 3.486 -8.44
20700	1.937 -1.548 -5.282	3.276 -5.945 -0.8689	-3.859 3.484 -8.545
20800	2.073 -1.862 -5.42	3.397 -6.018 -0.6217	-3.987 3.385 -7.981
20900	2.186 -2.1 -5.012	3.829 -6.19 -0.9892	-3.736 3.406 -8.731
21000	2.267 -1.864 -5.125	3.754 -5.891 -0.7111	-3.654 3.192 -8.603
21100	2.582 -1.859 -4.785	3.623 -5.964 -0.5857	-3.862 2.987 -8.293
21200	2.841 -1.743 -5.11	3.613 -5.893 -0.195	-3.925 3.158 -8.2
21300	2.985 -1.658 -5.523	3.661 -5.741 0.2053	-4.289 3.654 -8.443
21400	2.754 -1.291 -5.198	3.83 -5.583 0.1145	-4.504 3.957 -8.383
21500	3.056 -1.037 -4.929	3.564 -5.622 0.02942	-4.198 3.904 -8.451
21600	2.719 -0.9657 -4.838	3.752 -5.749 0.2772	-4.076 3.842 -9.057
21700	2.533 -0.8876 -4.774	3.819 -5.903 0.3247	-4.238 3.979 -8.984
21800	2.43 -0.9107 -4.841	3.612 -6.278 0.08867	-4.167 3.899 -8.624
21900	2.581 -0.9251 -4.633	3.375 -6.276 -0.06682	-3.538 3.663 -8.562
22000	2.778 -0.9888 -5.02	3.268 -5.898 0.2186	-3.505 3.733 -8.254
22100	3.424 -1.25 -4.905	3.304 -5.887 0.1666	-3.874 3.719 -8.433
22200	3.922 -1.111 -4.961	3.443 -5.833 0.2818	-4.121 3.927 -8.44
22300	3.678 -1.374 -4.767	3.273 -6.152 -0.2638	-4.015 3.724 -8.847
22400	3.693 -1.145 -4.857	3.364 -5.935 -0.4541	-3.916 3.515 -8.767
22500	3.39 -1.324 -4.529	3.516 -6.163 -0.3018	-3.789 3.741 -8.813
22600	3.391 -1.135 -4.443	3.287 -6.457 -0.4045	-3.266 3.704 -8.776
22700	3.425 -1.105 -4.855	3.507 -6.308 -0.3528	-3.159 3.816 -8.818
22800	3.405 -1.442 -5.137	3.795 -6.044 0.1143	-2.821 3.812 -8.711
22900	3.152 -1.516 -5.4	3.638 -6.157 0.3564	-2.817 3.838 -8.618
23000	2.796 -1.488 -5.348	3.574 -6.406 0.3374	-3.026 3.722 -8.695
23100	2.771 -1.366 -5.448	3.56 -6.784 0.687	-3.086 3.538 -8.857
23200	2.56 -1.325 -5.498	3.931 -6.811 0.5321	-2.775 3.361 -8.782
23300	2.68 -1.261 -5.425	3.798 -6.854 0.1548	-2.818 3.54 -9.281
23400	2.943 -0.9282 -5.319	3.78 -6.735 0.5982	-2.671 3.806 -9.231
23500	2.56 -0.9836 -5.285	3.657 -6.772 0.7525	-2.778 3.883 -9.688
23600	2.474 -1.369 -5.162	3.758 -6.725 0.6206	-3.199 4.074 -9.802
23700	2.847 -1.713 -5.298	3.895 -6.678 0.442	-3.032 4.015 -9.378
23800	2.705 -1.881 -5.09	3.807 -6.74 0.7512	-3.181 4.123 -9.785
23900	2.712 -1.903 -5.356	3.241 -6.905 0.6212	-3.514 4.207 -9.844
24000	2.734 -1.644 -5.955	3.094 -7.061 0.711	-3.771 4.576 -9.949
24100	2.39 -2.037 -5.627	2.72 -7.275 0.8771	-3.91 4.43 -10.04
24200	2.108 -2.135 -5.716	2.723 -7.033 0.9642	-4.174 4.44 -10.12
24300	2.102 -1.719 -6.038	2.681 -6.971 0.7681	-4.091 4.614 -10.14
24400	2.334 -1.525 -6.446	2.661 -6.715 0.985	-3.683 4.908 -10.19
24500	2.371 -1.909 -6.455	2.398 -6.571 1.099	-3.663 4.956 -10.6
24600	2.68 -2.171 -6.03	2.487 -6.656 0.8424	-3.707 5.168 -10.93
24700	2.477 -1.78 -6.165	2.098 -6.64 0.7249	-3.433 5.114 -10.9
24800	2.114 -1.77 -6.202	1.654 -6.894 0.399	-3.317 4.927 -10.57
24900	2.025 -1.393 -6.281	1.389 -6.565 0.67	-3.055 4.633 -10.62
25000	2.009 -1.317 -6.376	1.087 -6.08 0.693	-2.61 4.756 -11.25
25100	1.804 -1.549 -6.282	1.493 -5.986 0.456	-2.208 4.081 -11.34
25200	1.521 -2.126 -6.273	1.428 -5.814 0.3667	-2.518 3.787 -10.93
25300	1.537 -1.827 -6.667	1.192 -5.893 0.5994	-2.505 3.745 -11.3
25400	1.133 -2.165 -6.718	1.31 -5.801 0.8498	-2.124 3.73 -11.52
25500	1.178 -2.455 -6.821	1.028 -6.119 0.6982	-2.153 3.346 -11.51
25600	1.041 -2.286 -6.698	0.8937 -5.875 0.3334	-2.172 3.634 -11.1
25700	1.479 -2.304 -6.928	0.7358 -5.959 0.2517	-2.12 3.228 -11.3
25800	1.529 -1.993 -7.134	0.953 -5.963 0.589	-2.047 3.306 -11.6
25900	2.083 -2.365 -7.206	0.7946 -6.173 0.3749	-2.648 3.134 -11.48
26000	2.697 -2.202 -7.181	0.8849 -6.141 0.3097	-2.332 3.084 -11.44
26100	3.285 -2.448 -7.119	0.8352 -5.955 0.4295	-2.537 3.058 -11.16
26200	3.057 -2.518 -6.88	0.6248 -5.823 0.2288	-2.3 3.121 -11.61
26300	3.334 -2.896 -7.387	0.9242 -5.811 0.2526	-2.717 3.14 -11.65
26400	3.2 -3.098 -7.728	0.6897 -5.939 0.423	-2.823 3.505 -11.45
26500	3.092 -2.809 -7.592	0.4593 -5.733 0.4874	-2.793 3.203 -11.35
26600	3.258 -2.85 -7.249	0.4263 -5.574 0.3083	-2.536 3.703 -11.53
26700	3.342 -2.731 -7.082	-0.01276 -5.491 -0.06261	-2.573 3.869 -11.33
26800	3.392 -2.77 -7.203	0.2489 -5.603 0.0321	-2.514 3.562 -11.2
26900	3.597 -2.808 -7.089	0.5255 -5.949 -0.06917	-2.499 3.363 -11.06
27000	3.573 -2.867 -7.245	0.2888 -5.717 -0.1088	-2.581 3.092 -10.73
27100	3.78 -3.067 -6.903	0.4718 -5.512 0.03235	-2.658 3.195 -10.78
27200	3.637 -3.074 -6.819	0.6887 -5.09 0.2861	-2.035 2.969 -10.7
27300	3.769 -3.43 -6.6	1.125 -4.809 -0.1037	-1.832 2.793 -10.26
27400	3.902 -3.432 -7.203	1.642 -5.034 -0.0828	-1.802 2.883 -10.2
27500	3.395 -3.533 -7.11	1.419 -5.253 0.03061	-1.906 2.986 -9.767
27600	3.242 -3.732 -7.249	1.508 -5.215 0.1507	-2.131 3.037 -9.706
27700	2.967 -3.578 -7.32	1.515 -5.331 0.2547	-2.473 2.988 -9.835
27800	2.911 -3.688 -7.038	2.114 -5.193 0.3128	-2.583 2.911 -9.636
27900	2.906 -3.561 -6.975	2.554 -5.215 0.3196	-2.109 3.079 -9.637
28000	3.219 -3.571 -7.377	2.685 -4.972 0.2072	-1.91 2.773 -9.709
28100	3.073 -3.599 -7.02	2.348 -5.425 0.1675	-2.07 2.743 -9.851
28200	3.002 -3.776 -6.751	2.532 -5.519 0.302	-1.617 3.069 -9.958
28300	3.253 -3.702 -6.796	2.774 -5.25 0.3462	-1.679 3.497 -9.982
28400	3.578 -3.819 -6.759	2.417 -5.294 0.3366	-1.492 3.462 -10.07
28500	4.08 -3.51 -6.946	1.77 -5.408 0.4861	-1.195 3.554 -10.34
28600	3.905 -3.489 -6.719	1.89 -5.293 0.2838	-1.048 3.644 -9.929
28700	3.595 -3.537 -6.52	2.377 -5.512 0.08944	-0.7358 3.45 -9.618
28800	3.166 -3.791 -6.196	2.502 -5.449 0.5749	-0.5082 3.163 -9.205
28900	3.033 -3.924 -6.543	2.523 -5.291 0.3404	-0.121 2.627 -9.224
29000	3.193 -3.903 -6.471	2.635 -5.349 0.5723	-0.08751 2.832 -9.164
29100	3.258 -3.864 -6.486	2.774 -5.552 0.8039	-0.167 2.758 -9.071
29200	3.04 -3.377 -6.692	2.408 -5.537 0.7139	-0.01965 2.846 -8.705
29300	3.007 -2.872 -6.917	2.107 -5.593 1.342	-0.005533 3.021 -8.654
29400	2.678 -3.307 -6.839	2.242 -5.647 1.757	0.279 3.143 -8.662
29500	2.559 -2.874 -6.884	2.355 -6.095 1.652	0.04189 3.425 -8.632
29600	2.466 -3.323 -6.923	2.236 -5.52 1.845	0.1131 3.542 -8.923
29700	2.236 -3.281 -7.202	2.213 -5.56 2.261	-0.2882 3.413 -8.515
29800	1.658 -2.97 -7.324	2.181 -5.654 1.957	-0.6169 3.134 -8.719
29900	1.71 -3.246 -7.006	2.471 -5.99 1.92	-0.6125 3.034 -8.968
30000	1.587 -3.181 -6.93	2.521 -6.159 1.959	-0.4632 3.362 -9.425
30100	1.902 -3.416 -7.013	2.173 -6.18 2.066	-0.4811 3.364 -9.3
30200	2.19 -3.504 -6.947	2.469 -5.917 2.088	-0.5036 3.528 -9.519
30300	2.139 -3.482 -7.205	1.902 -6.004 2.558	-0.5744 3.096 -9.448
30400	2.036 -3.068 -7.275	1.664 -6.33 3.084	-0.9122 2.756 -9.388
30500	1.991 -3.259 -7.216	1.498 -6.377 2.932	-1.19 2.7 -9.547
30600	2.02 -3.48 -7.578	1.165 -6.024 2.795	-1.088 2.764 -9.601
30700	1.946 -3.783 -7.518	1.191 -6.065 2.405	-0.8097 2.808 -9.668
30800	1.976 -4.109 -7.586	1.435 -6.343 2.506	-0.8521 2.866 -9.635
30900	1.81 -4.206 -7.926	1.619 -6.296 1.927	-0.645 2.695 -10.35
31000	1.747 -4.023 -7.449	1.412 -5.984 1.842	-0.5197 2.764 -10.67
31100	1.643 -3.842 -7.276	1.567 -6.175 1.807	-0.659 2.208 -10.47
31200	1.472 -3.707 -7.366	1.491 -6.435 1.813	-0.8959 2.296 -10.02
31300	1.274 -3.762 -7.858	1.437 -6.32 1.92	-0.6245 1.914 -10.03
31400	0.9121 -3.612 -7.999	1.25 -5.881 1.946	-1.023 1.942 -9.558
31500	0.1957 -3.663 -8.175	1.15 -6.042 2.448	-0.5285 1.862 -9.799
31600	0.02943 -3.233 -8.166	1.043 -5.986 2.887	-0.5946 2.064 -9.708
31700	0.09978 -3.442 -8.362	1.238 -6.166 2.786	-0.7742 1.886 -9.538
31800	0.2131 -3.281 -8.027	1.396 -5.9 2.684	-0.2681 2.065 -9.764
31900	0.1131 -2.823 -8.221	1.158 -5.952 2.68	-0.08181 1.873 -10.1
32000	0.5379 -2.689 -8.55	1.091 -5.865 2.672	0.3367 1.757 -9.979
32100	0.9561 -2.999 -8.498	1.36 -6.266 1.95	0.315 1.99 -9.928
32200	1.117 -3.353 -8.288	1.693 -6.151 1.998	-0.1873 1.453 -9.656
32300	1.145 -3.672 -7.889	1.496 -6.289 2.051	-0.4354 0.972 -9.625
32400	0.81 -3.967 -7.955	1.081 -6.253 2.154	-0.2308 0.9776 -9.884
32500	0.7919 -4.094 -8.276	0.9544 -5.995 2.331	-0.37 1.076 -9.861
32600	0.6838 -4.062 -8.335	0.8982 -6.284 2.65	-0.4525 1.708 -9.573
32700	0.6276 -4.172 -8.157	0.827 -6.524 2.241	-0.5008 1.455 -9.846
32800	0.5967 -4.151 -8.219	1.086 -6.756 2.019	0.08466 1.34 -9.649
32900	0.4778 -4.247 -8.174	1.026 -6.222 2.115	-0.3117 1.433 -9.987
33000	0.6312 -4.327 -8.652	1.444 -5.805 2.34	-0.4714 1.529 -10.09
33100	1.083 -4.414 -8.773	1.471 -5.392 2.401	-0.4839 1.659 -10.32
33200	1.114 -4.576 -8.404	1.011 -5.331 2.44	-0.3321 1.586 -10.74
33300	0.9097 -4.692 -8.829	0.9341 -5.305 2.683	0.2885 1.88 -10.52
33400	1.176 -4.854 -8.56	0.6166 -5.136 2.624	-0.09559 1.679 -10.73
33500	1.105 -4.856 -8.641	0.8739 -5.291 2.155	0.09497 1.21 -10.67
33600	1.346 -4.631 -8.739	0.7391 -5.425 2.037	0.4303 0.9331 -11.19
33700	1.089 -4.747 -8.767	0.7304 -5.435 1.881	0.47 1.17 -11.6
33800	1.252 -4.828 -9.08	1.003 -5.635 1.715	0.3386 1.166 -11.99
33900	1.271 -4.942 -8.841	0.934 -5.584 1.681	0.3993 1.421 -11.95
34000	1.064 -4.695 -8.628	0.9237 -6.009 2.001	0.7123 1.554 -12
34100	1.2 -4.804 -8.805	1.005 -5.631 2.013	0.9313 1.097 -11.84
34200	1.052 -4.912 -9.226	0.6779 -5.153 2.422	0.9046 1.015 -11.74
34300	0.8935 -5.376 -9.15	0.9011 -5.204 1.985	0.5444 0.8398 -11.15
34400	0.8445 -5.611 -9.363	1.063 -5.178 2.407	0.1999 0.8789 -11.29
34500	0.7512 -5.594 -9.336	1.36 -5.356 2.628	0.35 0.812 -11.52
34600	1.042 -5.358 -9.141	1.301 -5.139 2.632	0.3881 1.134 -11.22
34700	1.121 -5.111 -9.269	1.251 -5.179 2.526	0.6363 1.252 -10.91
34800	1.257 -5.548 -9.123	1.642 -5.38 2.848	0.5057 1.551 -11.09
34900	1.255 -5.344 -8.994	1.866 -6.051 3.198	0.4783 1.741 -11.2
35000	1.457 -5.393 -9.151	1.619 -6.149 3.093	0.4622 1.675 -10.81
35100	1.623 -5.808 -9.299	1.671 -5.713 3.337	0.8783 1.69 -10.64
35200	2.064 -5.642 -8.842	1.585 -5.348 3.415	0.874 1.424 -9.973
35300	2.051 -5.657 -8.385	1.531 -5.649 3.264	0.4978 1.093 -10.29
35400	1.878 -5.401 -8.701	1.336 -5.41 3.265	0.821 1.465 -10.04
35500	1.77 -5.41 -8.4	1.443 -5.107 3.365	0.2723 1.483 -9.58
35600	2.225 -5.33 -8.337	1.836 -5.09 3.09	0.2148 1.956 -9.629
35700	2.114 -5.155 -8.489	2.233 -4.91 3.309	0.1883 2.668 -9.254
35800	1.787 -4.982 -8.264	2.67 -4.901 3.188	0.02154 3.066 -9.324
35900	1.255 -5.344 -8.226	2.609 -4.989 3.589	-0.2853 2.987 -9.135
36000	0.7291 -5.194 -8.315	2.538 -4.835 3.751	-0.1446 2.814 -9.063
36100	0.7763 -4.807 -8.001	2.267 -4.978 3.517	-0.06296 2.638 -9
36200	0.586 -4.973 -7.947	2.244 -5.003 3.728	0.1845 2.682 -9.047
36300	0.4016 -4.771 -7.8	1.818 -4.714 3.51	0.01135 2.755 -8.973
36400	0.7255 -4.555 -7.789	1.806 -4.833 3.184	-0.02247 2.66 -8.714
36500	0.2999 -4.683 -8.019	1.175 -4.617 3.233	-0.2102 2.883 -8.282
36600	0.4533 -4.98 -7.4	1.341 -4.498 3.158	-0.5248 2.646 -8.293
36700	0.0562 -5.086 -7.18	1.51 -4.493 3.195	-0.5178 2.765 -7.925
36800	-0.2132 -5.12 -7.105	1.168 -4.68 3.21	-0.5281 2.7 -8.254
36900	-0.4254 -5.318 -7.304	1.287 -4.674 3.132	-0.1941 2.459 -7.998
37000	-0.3327 -5.558 -7.367	1.38 -5.068 3.141	-0.04454 2.535 -7.602
37100	-0.4598 -5.745 -7.385	1.787 -5.165 2.957	0.1325 2.14 -7.192
37200	-0.7968 -5.62 -7.141	2.038 -4.986 3.226	0.5343 2.169 -7.187
37300	-0.6253 -5.416 -7.214	1.741 -5.143 3.566	-0.02588 2.385 -7.008
37400	-0.6027 -5.273 -7.366	1.562 -4.965 3.329	0.03366 2.744 -6.531
37500	0.06991 -5.196 -7.213	1.697 -5.04 3.264	0.04426 2.891 -6.667
37600	0.3223 -4.935 -7.163	2.093 -5.221 3.058	-0.1567 2.681 -6.659
37700	0.4748 -4.554 -6.985	2.068 -5.292 3.217	-0.4424 2.364 -6.526
37800	0.8697 -4.531 -6.819	2.368 -5.178 3.843	-0.6822 2.49 -6.787
37900	0.5127 -4.323 -7.251	2.467 -5.365 3.219	-0.6393 2.791 -6.387
38000	0.7597 -4.467 -7.228	2.594 -5.206 3.398	-0.6242 3.056 -6.5
38100	0.6039 -4.024 -7.667	2.663 -5.323 3.333	-0.859 2.825 -6.612
38200	0.6647 -4.036 -7.936	3.064 -5.361 3.765	-1.219 2.624 -6.607
38300	0.4998 -4.077 -7.662	3.077 -5.232 3.374	-1.17 2.766 -6.792
38400	0.6812 -4.194 -7.839	3.207 -5.373 3.763	-0.9278 2.57 -7.021
38500	0.9312 -3.868 -7.932	3.427 -5.891 3.604	-0.9955 2.623 -7.325
38600	1.126 -4.031 -8.597	3.59 -5.474 3.432	-0.758 2.721 -7.196
38700	0.9698 -3.812 -8.897	3.692 -5.366 3.242	-0.7913 2.92 -6.921
38800	1.066 -4.05 -9.029	3.908 -5.317 3.329	-1.044 2.807 -7.256
38900	0.9042 -4.267 -8.996	4.28 -5.584 3.472	-1.386 3.2 -7.105
39000	0.8948 -4.051 -8.96	4.689 -5.883 3.615	-1.281 3.401 -6.983
39100	0.8726 -4.004 -8.741	4.563 -5.834 3.288	-1.375 3.025 -6.964
39200	1.039 -4.37 -9.07	4.974 -5.844 3.432	-1.518 3.37 -6.674
39300	0.9349 -4.201 -9.202	4.634 -5.935 4.088	-1.252 3.302 -6.506
39400	1.085 -4.121 -9.303	4.936 -5.837 3.905	-0.8384 3.313 -7.294
39500	1.227 -4.027 -9.081	5.405 -5.948 3.969	-1.11 2.927 -7.16
39600	1.184 -4.095 -8.972	5.573 -6.11 4.095	-1.177 2.569 -6.846
39700	1.447 -3.964 -9.006	5.588 -5.871 4.077	-1.512 2.813 -7.306
39800	1.407 -4.126 -8.721	6.001 -6.299 4.509	-1.674 3.167 -7.113
39900	1.61 -4.461 -8.95	6.231 -6.612 4.541	-1.887 3.461 -7.236
40000	1.562 -4.868 -8.609	6.188 -7.041 4.588	-1.697 3.478 -7.475
40100	1.3 -4.864 -8.819	6.11 -7.043 4.889	-1.553 3.676 -7.325
40200	0.7018 -4.554 -8.902	6.262 -7.345 4.881	-1.621 3.41 -7.578
40300	0.7599 -4.475 -8.983	6.558 -7.258 4.56	-2.068 3.655 -7.422
40400	0.8178 -4.517 -8.952	6.169 -7.645 4.704	-1.947 3.739 -7.808
40500	0.8634 -4.462 -8.357	6.225 -7.595 5.081	-1.898 3.51 -7.464
40600	0.7198 -4.328 -8.183	6.111 -7.463 5.591	-2.318 3.197 -7.488
40700	0.9592 -4.311 -7.955	5.936 -7.308 5.994	-2.179 3.285 -7.605
40800	1.614 -3.987 -7.802	6.022 -7.104 5.687	-2.259 3.086 -7.36
40900	1.649 -4.026 -8.059	5.708 -7.025 5.904	-2.048 3.209 -7.421
41000	1.879 -3.778 -8.144	5.561 -7.237 5.555	-2.011 2.189 -7.633
41100	2.01 -3.709 -8.404	5.334 -7.776 5.585	-1.434 1.968 -7.29
41200	1.84 -3.794 -8.514	5.414 -8.242 6.019	-1.601 1.707 -7.547
41300	1.304 -3.748 -8.715	5.769 -8.181 5.846	-1.786 1.681 -7.371
41400	1.097 -3.911 -8.871	5.776 -8.262 5.532	-2.017 1.94 -7.266
41500	1.179 -4.057 -9.418	5.965 -8.364 5.715	-2.051 1.486 -6.688
41600	1.24 -4.137 -9.683	6.158 -8.299 5.771	-1.294 1.33 -7.294
41700	1.576 -4.231 -9.7	6.177 -8.253 5.838	-1.518 1.488 -7.491
41800	1.746 -3.759 -10.22	6.141 -8.405 6.119	-1.652 1.392 -7.426
41900	1.664 -4.077 -10.33	6.876 -8.102 6.014	-1.731 0.9103 -7.267
42000	1.521 -4.177 -10.4	6.342 -7.91 6.265	-1.924 1.11 -7.195
42100	1.528 -4.185 -10.28	6.285 -7.971 5.77	-2.167 1.325 -7.503
42200	1.609 -4.217 -10.07	6.347 -7.982 6.219	-2.233 0.9437 -7.364
42300	2.032 -4.128 -10.16	6.213 -8.035 6.069	-2.177 0.868 -7.387
42400	1.943 -4.311 -10.51	6.665 -7.714 5.829	-1.932 1.049 -7.232
42500	2.091 -4.416 -10.41	6.466 -7.908 5.855	-2.454 1.304 -7.253
42600	2.273 -4.2 -10.37	6.293 -7.247 5.831	-2.049 1.313 -7.541
42700	2.548 -4.157 -9.886	6.497 -7.586 6.155	-2.359 1.441 -7.689
42800	2.888 -4.527 -10.16	6.458 -7.305 6.211	-2.424 1.793 -8.022
42900	2.666 -4.729 -10.34	6.325 -7.372 6.276	-2.09 1.406 -7.827
43000	2.969 -4.873 -10.54	6.333 -7.23 6.532	-2.133 1.294 -7.72
43100	2.902 -4.842 -10.5	5.985 -7.39 5.939	-2.394 1.212 -7.567
43200	2.815 -4.933 -10.68	5.975 -7.613 5.96	-2.072 1.377 -7.511
43300	2.744 -4.908 -10.64	5.532 -8.307 5.865	-2.37 1.736 -7.134
43400	2.971 -4.895 -10.84	4.963 -8.394 5.738	-2.566 1.615 -6.859
43500	2.849 -4.595 -10.88	4.729 -8.26 5.896	-2.272 1.247 -6.908
43600	2.764 -4.887 -11.04	4.314 -8.415 5.92	-2.551 1.663 -6.815
43700	2.696 -4.568 -11.1	3.983 -8.494 6.168	-2.232 1.527 -6.857
43800	2.541 -4.902 -11.08	3.667 -8.63 5.827	-2.014 1.502 -6.465
43900	3.047 -5.01 -11.12	4.099 -8.762 5.965	-1.878 1.643 -6.349
44000	3.261 -5.302 -11.26	4.066 -8.89 6.524	-1.703 1.51 -6.566
44100	3.103 -5.826 -10.93	4.199 -8.699 6.881	-1.524 1.436 -6.577
44200	3.194 -6.102 -10.88	4.087 -8.647 7.215	-1.466 1.616 -7.149
44300	3.184 -6.178 -10.69	3.935 -8.716 6.943	-1.599 1.448 -7.247
44400	3.13 -5.861 -10.56	3.815 -8.529 7.103	-1.655 1.904 -7.338
44500	3.235 -5.615 -10.73	3.701 -8.175 6.815	-1.473 1.735 -7.63
44600	3.429 -5.86 -10.59	3.87 -8.484 6.74	-1.695 1.53 -7.752
44700	3.396 -5.933 -10.9	4.053 -8.743 6.995	-1.787 0.9206 -7.765
44800	3.465 -5.987 -10.94	4.24 -8.528 7.371	-1.75 1.769 -7.372
44900	3.474 -6.026 -10.48	3.993 -8.28 7.414	-1.801 1.737 -7.132
45000	3.782 -5.867 -10.7	4.001 -8.264 7.85	-1.377 1.537 -7.173
45100	3.807 -5.953 -10.54	3.915 -8.183 7.623	-1.665 1.622 -7.272
45200	3.945 -6.056 -10.78	3.892 -8.274 7.179	-1.55 1.5 -7.399
45300	4.008 -5.685 -10.74	4.032 -8.355 6.945	-1.718 1.812 -7.408
45400	4.126 -5.64 -11.07	4.354 -8.264 7.3	-1.726 2.036 -7.259
45500	4.458 -5.508 -11.06	4.381 -8.15 7.007	-1.474 1.829 -7.347
45600	4.24 -5.529 -11.12	4.317 -8.32 7.071	-1.766 1.929 -7.755
45700	4.181 -5.452 -11.24	4.583 -8.3 7.098	-1.452 1.744 -7.398
45800	4.016 -5.444 -11.05	4.814 -8.421 6.795	-1.695 2.077 -7.389
45900	3.586 -5.232 -11.23	4.893 -8.467 6.667	-1.684 2.126 -7.335
46000	3.843 -5.517 -11.39	4.777 -8.619 6.706	-1.444 1.823 -7.244
46100	3.612 -5.403 -11.47	5.181 -8.858 6.788	-1.455 1.642 -7.226
46200	3.588 -5.548 -11.6	4.854 -8.442 6.456	-1.468 1.483 -7.249
46300	3.542 -5.969 -11.91	5.075 -8.56 5.837	-1.21 1.644 -7.143
46400	3.773 -5.956 -12.32	4.873 -8.576 5.731	-1.724 2.013 -6.828
46500	3.96 -6.324 -11.92	4.882 -8.7 5.613	-1.38 1.461 -7.233
46600	4.325 -6.149 -11.83	4.706 -8.81 5.236	-1.144 1.364 -7.232
46700	4.415 -6.191 -11.83	4.549 -8.859 5.643	-1.506 1.264 -7.782
46800	3.83 -6.161 -11.86	4.594 -8.797 5.802	-1.423 1.219 -7.384
46900	3.954 -6.03 -11.91	5.164 -8.599 6.037	-1.564 1.533 -7.56
47000	3.966 -6.09 -11.83	5.436 -8.608 5.934	-2.051 1.692 -7.651
47100	4.313 -6.118 -11.75	5.6 -9.255 6.514	-1.708 1.733 -7.474
47200	4.434 -5.885 -11.85	5.339 -9.181 6.605	-1.66 1.565 -7.701
47300	4.739 -6.441 -11.95	5.104 -9.349 6.687	-1.928 1.59 -7.58
47400	4.469 -6.373 -12.21	5.4 -9.345 6.811	-2.071 1.538 -7.786
47500	4.233 -5.899 -12.01	5.222 -9.655 6.899	-2.129 1.456 -7.968
47600	4.198 -5.548 -12.26	5.615 -9.358 6.802	-2.151 1.232 -7.846
47700	4.654 -5.461 -12.04	5.325 -9.593 6.965	-1.926 1.548 -7.964
47800	4.998 -5.422 -12.23	5.097 -9.574 6.806	-1.797 1.184 -7.864
47900	4.983 -5.266 -11.68	4.917 -10.16 7.111	-1.967 1.558 -8.008
48000	5.293 -5.644 -11.54	4.923 -9.747 7.039	-1.944 1.511 -8.062
48100	5.705 -6.078 -11.19	4.752 -9.711 6.92	-1.987 1.634 -8.208
48200	5.513 -6.255 -11.37	5.03 -9.1 6.59	-2.491 1.622 -8.45
48300	5.51 -6.03 -11.21	5.178 -9.413 6.502	-2.554 1.627 -8.526
48400	5.78 -6.209 -11.4	5 -9.325 6.874	-2.556 1.458 -8.553
48500	5.724 -5.92 -11.67	5.273 -9.369 6.915	-2.129 1.305 -8.619
48600	5.941 -5.436 -11.63	4.985 -9.477 6.884	-1.98 1.295 -8.402
48700	5.714 -5.272 -11.17	5.131 -9.373 7.013	-1.454 1.379 -8.074
48800	5.679 -5.865 -11.2	4.747 -8.967 7.113	-1.444 1.77 -8.028
48900	5.728 -5.69 -11.13	4.896 -9.129 7.339	-1.628 2.069 -7.767
49000	5.708 -6.012 -11.49	4.821 -9.214 6.962	-1.837 1.946 -7.727
49100	5.546 -6.184 -11.65	4.537 -8.882 7.125	-2.076 1.792 -7.268
49200	5.36 -6.58 -11.44	5.114 -8.984 6.827	-1.984 1.607 -6.999
49300	5.042 -6.443 -11.63	5.314 -9.034 6.671	-2.315 1.799 -7.258
49400	5.154 -6.848 -12.06	5.897 -8.713 6.837	-2.523 2.385 -7.787
49500	5.329 -6.865 -12.26	5.971 -8.675 6.794	-2.529 2.369 -7.721
49600	5.072 -6.643 -11.95	5.816 -8.845 6.839	-2.865 2.627 -7.259
49700	5.09 -6.767 -12.26	5.953 -9.304 7.136	-2.318 2.691 -7.551
49800	4.81 -6.461 -12.33	6.005 -9.568 7.042	-2.137 2.975 -6.943
49900	4.601 -6.312 -11.89	5.356 -9.613 6.885	-2.285 2.535 -7.318
50000	4.574 -6.035 -11.7	5.673 -9.467 6.389	-2.251 2.52 -7.329
50100	4.582 -6.066 -11.44	5.901 -9.482 6.711	-2.349 2.307 -6.629
