0	0 0	0 0
100	-0.7457 -0.1399	0.1743 0.6301
200	-0.9259 -0.1774	0.2527 0.906
300	-0.8753 -0.2626	0.1461 0.8626
400	-1.013 -0.3783	0.4546 0.7482
500	-0.9149 -0.08823	0.2605 1.003
600	-0.9927 -0.04949	0.3386 0.9533
700	-1.06 -0.3252	0.7606 0.6487
800	-1.177 0.1253	0.7656 0.5124
900	-1.302 0.4678	0.8313 0.3886
1000	-1.344 0.4498	0.6346 0.5501
1100	-1.204 0.6835	0.9154 0.6896
1200	-1.395 0.9381	0.773 0.4518
1300	-1.459 1.384	0.9502 0.2546
1400	-1.73 1.358	1.016 0.03636
1500	-2.039 1.286	0.7915 -0.1215
1600	-2.031 1.638	1.123 -0.3944
1700	-2.233 1.872	1.321 -0.1442
1800	-2.162 1.346	1.448 -0.4408
1900	-2.283 1.173	1.621 -0.5787
2000	-2.268 1.481	1.975 -0.3722
2100	-2.162 1.632	1.652 -0.3387
2200	-1.771 2.04	1.518 0.05785
2300	-1.932 1.747	1.342 -0.09066
2400	-1.652 1.781	1.48 0.1513
2500	-1.617 1.758	1.999 -0.1022
2600	-1.748 1.708	2.492 -0.1087
2700	-2.059 1.475	2.615 -0.2744
2800	-2.444 1.656	2.334 -0.5324
2900	-2.261 1.814	2.007 -0.4832
3000	-2.233 1.553	2.191 -0.5408
3100	-2.3 2.007	2.011 -0.6065
3200	-2.274 2.165	1.402 -0.7614
3300	-2.242 2.167	1.019 -0.6989
3400	-2.522 2.038	1.126 -0.6244
3500	-2.04 2.608	1.291 -0.5095
3600	-2.232 2.839	1.379 -0.2782
3700	-2.314 2.185	1.23 -0.5393
3800	-2.775 2.312	1.304 -0.7533
3900	-2.85 2.439	0.7001 -0.9371
4000	-2.803 2.294	0.541 -0.8729
4100	-2.795 2.313	0.3194 -0.6523
4200	-2.531 2.413	0.3347 -0.5265
4300	-2.248 2.618	0.004233 -0.4478
4400	-2.762 2.318	0.5308 -0.9053
4500	-2.844 1.958	0.1294 -0.8065
4600	-2.807 1.865	0.1917 -1.271
4700	-3.151 1.817	0.3128 -1.326
4800	-2.928 1.897	0.2872 -0.8103
4900	-2.962 1.522	0.5406 -1.041
5000	-2.504 1.692	0.591 -0.753
5100	-2.897 1.599	0.6317 -1.033
5200	-2.902 1.576	0.4419 -1.058
5300	-3.056 1.397	0.1965 -1.079
5400	-3.217 1.326	-0.07373 -1.143
5500	-2.881 1.525	-0.2161 -1.238
5600	-3.207 1.275	0.1966 -1.017
5700	-2.681 1.505	0.1518 -0.951
5800	-2.571 1.532	0.2839 -0.7351
5900	-2.65 0.7488	0.557 -0.5793
6000	-2.415 0.3234	0.7138 -0.6332
6100	-2.208 0.02504	1.014 -0.361
6200	-2.276 -0.4612	0.8643 -0.3998
6300	-2.178 -0.7819	0.8107 -0.4753
6400	-2.23 -0.4733	0.6379 -0.3043
6500	-2.004 -0.9059	0.894 -0.1886
6600	-1.841 -0.3546	0.9122 -0.2545
6700	-1.828 0.1321	1.126 -0.3377
6800	-2.043 -0.1698	1.008 -0.1428
6900	-2.155 -0.5299	1.116 -0.06489
7000	-2.062 -0.07112	0.4323 0.03442
7100	-1.732 -0.1373	0.4577 -0.1453
7200	-1.779 -0.1886	0.1619 -0.1504
7300	-2.111 0.2324	0.6122 -0.1959
7400	-1.881 0.6726	0.4422 -0.1798
7500	-1.865 0.5426	0.5711 0.1424
7600	-1.789 0.2259	0.9991 0.05738
7700	-1.864 0.2874	1.113 0.16
7800	-2.014 0.3903	0.9568 0.1072
7900	-2.095 0.4805	0.7327 -0.03535
8000	-2.144 0.4539	1.043 -0.2216
8100	-2.433 0.6446	0.7339 -0.4469
8200	-2.223 0.5341	0.6658 -0.5192
8300	-2.357 0.6691	0.3581 -0.7402
8400	-2.743 0.6351	0.4282 -0.8531
8500	-2.656 0.9689	0.4137 -0.8858
8600	-2.474 1.001	0.617 -0.6722
8700	-2.25 1.16	0.5261 -0.6637
8800	-2.368 1.432	0.7688 -0.3358
8900	-2.557 1.852	0.8301 -0.7224
9000	-2.639 2.185	0.3324 -0.7207
9100	-2.288 1.9	0.3818 -0.6299
9200	-2.45 1.687	0.383 -0.5044
9300	-2.313 1.582	-0.1519 -0.3608
9400	-1.906 1.56	0.1498 -0.3105
9500	-2.109 1.697	-0.07376 -0.02179
9600	-2.307 1.287	-0.03478 -0.4615
9700	-2.649 1.179	-0.2089 -0.604
9800	-2.622 1.212	-0.3953 -0.9222
9900	-2.781 0.8335	-0.7254 -0.9232
10000	-2.775 1.099	-0.5859 -0.6796
10100	-2.736 1.321	-0.7231 -0.867
10200	-2.932 1.301	-0.7644 -1.045
10300	-2.886 1.372	-1.226 -1.303
10400	-2.967 1.261	-1.462 -1.294
10500	-3.484 0.6879	-1.186 -1.615
10600	-3.481 0.6755	-1.221 -1.729
10700	-3.477 0.6309	-0.9893 -1.658
10800	-3.1 0.1077	-0.6726 -1.52
10900	-2.778 0.2174	-0.7751 -1.161
11000	-3.12 0.2196	-0.7557 -1.061
11100	-3.011 0.4452	-0.5274 -1.319
11200	-3.222 0.04632	-0.1815 -1.361
11300	-3.18 0.385	-0.2821 -1.374
11400	-3.312 0.5935	-0.464 -1.51
11500	-3.287 0.694	-0.9197 -1.498
11600	-3.549 0.876	-0.7884 -1.565
11700	-3.371 0.9373	-0.6891 -1.623
11800	-3.668 0.7115	-0.7841 -1.785
11900	-4.122 0.4444	-0.7754 -2.204
12000	-4.053 0.585	-0.6357 -2.34
12100	-4.075 0.6564	-0.9275 -2.216
12200	-4.198 0.7965	-0.4833 -2.275
12300	-3.969 0.7178	-0.4805 -2.361
12400	-4.326 0.982	-0.8405 -2.574
12500	-4.268 0.373	-1.265 -2.731
12600	-4.234 0.281	-1.271 -2.582
12700	-4.466 0.1578	-1.303 -2.679
12800	-4.699 0.02037	-1.477 -2.78
12900	-4.558 -0.2148	-1.275 -2.818
13000	-4.446 -0.5957	-1.407 -2.804
13100	-4.363 -0.5967	-1.662 -2.783
13200	-4.688 -0.8765	-1.732 -2.667
13300	-4.66 -1.064	-1.863 -2.878
13400	-4.745 -1.188	-2.366 -2.852
13500	-4.52 -1.595	-2.417 -2.57
13600	-4.335 -1.446	-2.441 -2.536
13700	-4.185 -1.29	-2.633 -2.261
13800	-3.792 -1.629	-2.672 -2.134
13900	-4.188 -1.753	-2.367 -2.283
14000	-3.892 -1.679	-2.58 -2.289
14100	-3.888 -1.331	-2.737 -1.97
14200	-3.819 -1.359	-2.759 -1.952
14300	-4.023 -1.624	-2.623 -2.076
14400	-3.842 -1.121	-2.409 -2.087
14500	-3.801 -0.7256	-2.592 -1.961
14600	-3.721 -0.873	-2.675 -2.053
14700	-3.721 -1.042	-2.862 -1.962
14800	-3.864 -0.8979	-3.06 -2.158
14900	-3.765 -0.9964	-2.891 -1.991
15000	-3.798 -0.938	-2.805 -1.817
15100	-3.445 -1.335	-2.7 -1.647
15200	-3.468 -0.8819	-2.694 -1.751
15300	-3.488 -0.9881	-2.973 -1.727
15400	-3.624 -0.715	-3.082 -1.585
15500	-3.649 -0.8643	-2.837 -1.875
15600	-3.898 -1.289	-2.798 -1.763
15700	-3.505 -1.324	-3.006 -1.691
15800	-3.483 -1.546	-2.955 -1.866
15900	-3.576 -1.521	-3.179 -1.643
16000	-3.497 -1.417	-3.287 -2.001
16100	-3.651 -1.442	-3.074 -1.944
16200	-3.616 -1.236	-3.417 -1.986
16300	-3.731 -0.7951	-3.127 -1.978
16400	-3.657 -0.8771	-2.914 -1.913
16500	-3.877 -1.032	-2.785 -2.303
16600	-3.481 -1.164	-2.774 -1.84
16700	-3.574 -0.8501	-2.588 -1.963
16800	-3.589 -1.108	-2.48 -1.791
16900	-3.813 -1.295	-2.456 -2.011
17000	-4.013 -1.515	-2.499 -2.279
17100	-3.529 -1.636	-2.418 -1.805
17200	-3.642 -1.592	-2.754 -1.816
17300	-3.752 -1.601	-2.712 -1.82
17400	-3.889 -1.682	-2.769 -1.929
17500	-3.865 -1.651	-3.089 -2.059
17600	-3.924 -1.472	-2.937 -2.315
17700	-4.01 -1.787	-2.578 -2.179
17800	-4.079 -2.358	-2.419 -2.108
17900	-4.022 -2.418	-2.539 -2.285
18000	-4.05 -2.08	-2.675 -2.195
18100	-4.048 -2.219	-3.213 -2.13
18200	-4.176 -2.107	-3.371 -2.254
18300	-3.993 -2.143	-3.379 -2.04
18400	-4.123 -2.294	-3.795 -2.399
18500	-4.163 -1.901	-3.894 -2.543
18600	-4.038 -2.015	-3.902 -2.5
18700	-4.325 -2.49	-3.56 -2.496
18800	-4.149 -2.705	-3.783 -2.507
18900	-3.635 -2.74	-3.578 -2.066
19000	-4.054 -2.665	-3.371 -2.004
19100	-3.744 -3.053	-3.406 -2.003
19200	-3.716 -3.37	-3.098 -1.818
19300	-3.868 -3.717	-3.412 -1.801
19400	-3.806 -3.462	-3.66 -1.841
19500	-3.895 -3.685	-3.35 -2.051
19600	-3.757 -3.519	-3.375 -1.838
19700	-3.786 -3.61	-3.323 -1.877
19800	-3.482 -3.893	-3.452 -1.581
19900	-3.291 -3.855	-3.079 -1.366
20000	-3.269 -3.54	-2.914 -1.55
20100	-3.189 -3.391	-2.852 -1.352
20200	-3.584 -3.467	-2.514 -1.606
20300	-3.588 -3.476	-2.881 -1.94
20400	-3.832 -3.619	-2.852 -1.782
20500	-3.915 -4.471	-2.636 -2.046
20600	-3.813 -4.524	-2.156 -2.061
20700	-3.946 -4.609	-1.801 -1.904
20800	-4.039 -4.729	-1.482 -2.071
20900	-3.785 -5.177	-1.318 -2.194
21000	-3.882 -5.271	-1.337 -2.03
21100	-3.885 -5.276	-1.753 -2.077
21200	-3.691 -5.281	-1.741 -1.954
21300	-3.92 -5.416	-1.78 -1.949
21400	-4.197 -5.194	-1.668 -1.913
21500	-3.715 -4.82	-1.683 -1.99
21600	-3.714 -5.108	-1.842 -1.753
21700	-3.665 -4.568	-1.934 -1.954
21800	-3.464 -4.402	-1.95 -1.69
21900	-3.216 -4.231	-1.725 -1.437
22000	-3.22 -4.656	-1.667 -1.279
22100	-3.045 -4.766	-1.348 -1.276
22200	-3.07 -4.519	-1.237 -1.159
22300	-2.806 -4.516	-1.56 -0.9695
22400	-2.63 -4.231	-1.582 -0.8919
22500	-2.624 -4.153	-1.804 -0.6747
22600	-2.933 -4.212	-1.991 -0.7398
22700	-2.953 -3.888	-2.039 -1.332
22800	-2.695 -3.758	-2.147 -1.024
22900	-3 -3.515	-2.334 -0.8145
23000	-2.985 -3.534	-2.394 -1.103
23100	-2.766 -3.431	-2.685 -0.8028
23200	-2.707 -3.564	-2.806 -0.8198
23300	-2.411 -3.766	-2.876 -0.7434
23400	-2.489 -3.943	-2.903 -0.8324
23500	-2.35 -3.629	-2.815 -0.8739
23600	-2.412 -4.068	-2.965 -0.855
23700	-2.405 -4.003	-3.23 -0.5283
23800	-2.672 -3.867	-3.515 -0.7186
23900	-2.851 -4.087	-3.106 -1.012
24000	-2.718 -3.745	-3.155 -0.9863
24100	-3.031 -4.06	-3.086 -1.16
24200	-3.018 -3.858	-3.196 -1.395
24300	-3.04 -4.166	-3.339 -1.158
24400	-2.834 -3.938	-3.18 -1.026
24500	-2.904 -3.621	-3.521 -1.191
24600	-2.897 -3.678	-3.613 -1.09
24700	-2.872 -3.627	-3.63 -0.9264
24800	-2.844 -3.662	-3.585 -0.8712
24900	-2.655 -3.792	-3.611 -0.8205
25000	-2.749 -4.127	-3.206 -1.043
25100	-2.557 -4.747	-3.203 -0.9084
25200	-2.939 -4.538	-3.087 -0.9957
25300	-3.142 -4.767	-3.565 -1.163
25400	-2.993 -4.796	-3.601 -1.44
25500	-3.021 -4.943	-3.577 -1.607
25600	-3.307 -4.884	-3.743 -1.346
25700	-3.299 -4.962	-3.838 -1.423
25800	-3.09 -4.986	-3.485 -1.22
25900	-3.062 -5.093	-3.541 -1.265
26000	-3.118 -5.312	-3.434 -1.286
26100	-2.899 -5.234	-3.416 -1.344
26200	-2.842 -5.482	-3.484 -0.777
26300	-2.314 -5.415	-3.473 -0.5218
26400	-2.479 -4.931	-3.561 -0.58
26500	-2.557 -5.289	-3.806 -0.3406
26600	-2.345 -5.351	-4.018 -0.3885
26700	-2.196 -5.293	-3.991 -0.2665
26800	-2.138 -5.257	-3.769 -0.3595
26900	-1.951 -5.145	-3.854 -0.1758
27000	-1.848 -5.477	-3.874 -0.2776
27100	-1.961 -5.423	-3.723 -0.2022
27200	-1.752 -5.244	-3.573 -0.1396
27300	-2.031 -5.116	-3.506 -0.3144
27400	-2.089 -5.066	-3.674 -0.2261
27500	-2.357 -4.161	-3.454 -0.6357
27600	-2.338 -3.886	-3.164 -0.5518
27700	-2.362 -4	-3.277 -0.6336
27800	-1.989 -3.656	-2.868 -0.4369
27900	-2.357 -3.757	-2.899 -0.6375
28000	-2.457 -3.605	-2.893 -0.826
28100	-2.748 -3.553	-2.906 -0.9351
28200	-2.7 -3.876	-2.438 -0.813
28300	-2.728 -3.586	-2.188 -0.7679
28400	-2.702 -3.666	-1.987 -1.156
28500	-2.806 -3.567	-2.436 -0.9769
28600	-2.921 -3.597	-2.675 -1.24
28700	-3.271 -3.885	-2.737 -1.505
28800	-3.382 -3.981	-2.77 -1.597
28900	-3.467 -3.929	-2.777 -1.573
29000	-2.94 -4.054	-2.564 -1.264
29100	-3.057 -3.979	-2.564 -1.124
29200	-3.282 -3.289	-2.506 -1.291
29300	-3.272 -3.364	-2.807 -1.491
29400	-3.237 -3.559	-2.721 -1.443
29500	-3.184 -3.766	-2.071 -1.122
29600	-3.205 -3.553	-2.184 -1.24
29700	-2.993 -3.336	-2.103 -1.175
29800	-2.899 -3.488	-2.112 -0.7416
29900	-2.886 -3.436	-2.238 -1.088
30000	-2.903 -3.186	-1.773 -1.349
30100	-3.284 -3.015	-1.425 -1.247
30200	-3.166 -3.29	-1.482 -1.392
30300	-3.253 -3.211	-1.23 -1.617
30400	-3.195 -3.263	-0.7993 -1.69
30500	-3.318 -3.361	-0.6006 -1.653
30600	-3.49 -3.62	-0.577 -1.516
30700	-3.487 -3.502	-0.2087 -1.77
30800	-3.43 -3.411	-0.09756 -1.867
30900	-3.505 -3.544	-0.5401 -1.691
31000	-3.782 -3.781	-0.6891 -1.719
31100	-3.68 -3.24	-0.9516 -1.756
31200	-3.377 -3.129	-1.069 -1.361
31300	-3.369 -3.047	-1.048 -1.289
31400	-3.431 -3.166	-1.263 -1.731
31500	-3.404 -3.253	-1.086 -1.438
31600	-3.59 -3.384	-1.212 -1.536
31700	-3.743 -3.128	-1.132 -1.716
31800	-3.85 -2.947	-1.324 -1.864
31900	-3.671 -2.532	-1.152 -1.902
32000	-3.682 -2.243	-1.108 -1.946
32100	-3.897 -2.297	-1.085 -1.802
32200	-3.586 -2.251	-1.103 -1.907
32300	-4.031 -2.323	-1.108 -1.931
32400	-4.023 -2.144	-1.559 -2.19
32500	-3.802 -2.358	-1.729 -2.078
32600	-3.852 -2.176	-1.706 -1.731
32700	-3.737 -2.254	-1.739 -1.929
32800	-3.777 -2.477	-1.837 -2.04
32900	-3.361 -2.658	-1.72 -1.702
33000	-3.05 -2.605	-1.816 -1.281
33100	-2.709 -2.743	-1.807 -0.8612
33200	-2.754 -2.661	-1.879 -0.9774
33300	-2.799 -2.536	-1.884 -0.8716
33400	-2.732 -2.645	-1.99 -0.7233
33500	-2.642 -2.649	-1.855 -0.9137
33600	-2.519 -3.086	-1.515 -0.7019
33700	-2.287 -2.981	-1.373 -0.7822
33800	-2.421 -2.926	-0.9596 -0.2918
33900	-1.983 -3.295	-0.9531 -0.4129
34000	-2.235 -3.184	-1.111 -0.49
34100	-2.23 -3.064	-0.7083 -0.512
34200	-2.001 -3.185	-1.077 -0.4436
34300	-2.03 -3.457	-0.644 -0.3454
34400	-2 -2.773	-0.7417 -0.1917
34500	-1.677 -2.965	-0.6403 -0.08307
34600	-1.567 -2.959	-0.5463 0.2539
34700	-1.67 -3.164	-0.3355 -0.02056
34800	-2.056 -3.413	-0.2146 -0.3071
34900	-2.099 -3.307	-0.3378 -0.2008
35000	-1.911 -2.941	-0.5727 0.04062
35100	-1.866 -3.078	-0.9679 -0.06473
35200	-1.659 -2.93	-1.023 0.2163
35300	-1.689 -3.228	-0.8968 0.1824
35400	-1.784 -3.415	-0.6923 0.04679
35500	-1.836 -3.663	-0.6197 -0.1995
35600	-1.612 -3.768	-0.4298 -0.08134
35700	-1.825 -3.696	-0.1655 0.2822
35800	-1.91 -3.863	-0.3328 0.02698
35900	-1.828 -3.696	-0.5841 -0.08059
36000	-2.096 -3.612	-0.4932 -0.3563
36100	-2.132 -4.026	-0.04651 -0.247
36200	-2.099 -3.975	-0.2922 -0.2926
36300	-1.911 -3.69	-0.4128 -0.3815
36400	-2.241 -3.929	-0.6904 -0.4359
36500	-2.174 -3.879	-0.7384 -0.1227
36600	-1.909 -3.96	-0.7362 -0.04119
36700	-2.288 -3.56	-0.5767 -0.5068
36800	-2.469 -3.714	-0.6159 -0.9258
36900	-2.779 -3.55	-0.4456 -1.052
37000	-2.811 -3.128	-0.3106 -0.9328
37100	-2.673 -2.782	-0.2063 -0.9234
37200	-2.849 -2.907	-0.4287 -1.166
37300	-3.011 -2.506	-0.5208 -0.978
37400	-2.904 -2.477	-0.5567 -0.9667
37500	-2.771 -2.77	-0.5042 -0.8916
37600	-2.811 -2.582	-0.8502 -0.7297
37700	-2.824 -2.577	-0.9037 -0.879
37800	-2.863 -2.758	-0.7315 -1.065
37900	-2.85 -2.832	-0.9673 -1.067
38000	-2.791 -2.695	-0.9478 -0.8746
38100	-2.461 -2.587	-0.6573 -0.8952
38200	-2.618 -2.521	-0.467 -0.9225
38300	-2.637 -2.614	-0.7 -0.9529
38400	-2.539 -2.355	-0.4263 -0.6805
38500	-1.942 -2.35	-0.7792 -0.1889
38600	-1.703 -2.255	-0.5926 -0.0171
38700	-1.287 -1.976	-0.5413 0.4973
38800	-1.64 -1.93	-0.1996 0.2122
38900	-1.752 -1.295	-0.2814 0.1157
39000	-1.921 -1.167	-0.3662 -0.00464
39100	-1.893 -0.8625	-0.2447 -0.1507
39200	-1.778 -1.112	-0.3808 -0.1341
39300	-1.907 -1.111	-0.7276 -0.1029
39400	-1.954 -0.9987	-0.9487 -0.1098
39500	-2.091 -1.021	-0.7615 -0.1397
39600	-1.75 -0.9874	-0.3933 0.05803
39700	-1.722 -0.956	-0.356 -0.0656
39800	-2.011 -0.9612	0.09722 -0.09891
39900	-1.838 -0.908	-0.1008 -0.102
40000	-1.859 -0.8714	-0.2124 -0.004546
40100	-2.162 -1.255	-0.5295 -0.07545
40200	-2.073 -1.083	-0.3959 -0.3282
40300	-1.882 -1.035	-0.2401 -0.1535
40400	-1.819 -0.769	-0.4785 -0.1645
40500	-1.895 -0.8316	-0.385 -0.03848
40600	-2 -0.8997	-0.2606 -0.082
40700	-2.08 -0.9935	-0.3516 -0.3108
40800	-2.136 -1.1	-0.7198 -0.2759
40900	-2.234 -0.9057	-0.6812 -0.3142
41000	-2.23 -0.9592	-0.8296 -0.4145
41100	-2.383 -1.112	-0.6765 -0.5065
41200	-2.199 -1.456	-0.298 -0.482
41300	-1.949 -2.156	-0.1426 -0.1946
41400	-2.094 -2.202	-0.3443 -0.427
41500	-2.363 -1.928	-0.1956 -0.6802
41600	-2.413 -1.971	-0.004282 -0.4824
41700	-2.276 -1.53	-0.05514 -0.2284
41800	-2.135 -1.314	0.1132 -0.5101
41900	-2.094 -1.29	0.08447 -0.3686
42000	-2.486 -0.9623	0.1716 -0.9135
42100	-2.957 -1.034	0.1465 -1.012
42200	-3.088 -0.7866	0.5034 -1.261
42300	-3.176 -0.8114	0.1623 -1.291
42400	-3.231 -1.091	0.1636 -1.059
42500	-3.055 -1.571	0.5462 -1.234
42600	-2.984 -1.466	0.7852 -1.132
42700	-3.233 -1.4	0.7469 -1.276
42800	-3.133 -1.2	0.7408 -1.295
42900	-3.241 -1.103	0.9418 -1.318
43000	-3.225 -0.9017	0.7021 -1.563
43100	-2.855 -0.6712	0.556 -1.274
43200	-2.728 -0.4766	0.232 -1.146
43300	-3.162 -0.5421	0.2481 -1.168
43400	-3.114 -0.3661	0.1729 -1.338
43500	-3.233 -0.04922	-0.3501 -1.44
43600	-3.28 0.01901	-0.2059 -1.638
43700	-3.501 -0.02232	-0.06335 -1.71
43800	-3.668 0.1934	-0.2277 -1.836
43900	-3.913 -0.1034	-0.57 -2.002
44000	-3.797 -0.09879	-0.6392 -2.204
44100	-3.801 0.2271	-0.6812 -1.848
44200	-3.782 -0.1169	-0.3727 -1.873
44300	-3.821 0.01874	-0.4943 -1.807
44400	-3.475 0.4642	-0.6605 -1.567
44500	-3.176 0.5585	-0.7003 -1.629
44600	-3.281 0.3308	-0.4195 -1.51
44700	-3.296 0.1665	-0.3957 -1.623
44800	-2.982 0.2528	-0.2809 -1.177
44900	-2.927 0.02942	-0.3482 -1.508
45000	-2.855 0.2121	-0.3678 -0.9071
45100	-2.488 0.3517	-0.4715 -1.107
45200	-2.595 0.3309	-0.922 -0.8714
45300	-2.444 0.2937	-0.7173 -0.5124
45400	-2.139 0.3016	-0.7733 -0.4115
45500	-2.254 0.5221	-0.8473 -0.5534
45600	-2.661 0.5349	-1.4 -0.734
45700	-2.647 0.7316	-1.519 -0.7258
45800	-3.181 0.9089	-1.842 -1.4
45900	-3.636 0.9529	-2.159 -1.704
46000	-3.365 1.274	-2.109 -1.636
46100	-3.633 1.377	-1.992 -1.717
46200	-3.662 1.439	-2.191 -1.968
46300	-3.65 1.536	-2.024 -1.771
46400	-3.557 1.525	-2.429 -1.76
46500	-3.756 2.097	-2.063 -1.797
46600	-3.527 2.076	-2.358 -1.981
46700	-3.625 2.289	-2.223 -1.957
46800	-3.659 2.063	-1.985 -2.065
46900	-3.829 2.2	-2.306 -1.698
47000	-3.866 1.837	-2.613 -2.108
47100	-3.736 1.927	-2.525 -1.905
47200	-3.646 2.051	-2.432 -1.745
47300	-3.514 1.9	-2.686 -1.746
47400	-3.258 1.744	-2.476 -1.429
47500	-3.403 1.829	-2.579 -1.372
47600	-3.435 1.826	-3.089 -1.789
47700	-3.656 2.061	-3.233 -1.766
47800	-3.574 1.76	-3.271 -1.591
47900	-3.426 2.169	-3.476 -1.845
48000	-3.268 2.131	-3.515 -1.619
48100	-3.232 1.876	-3.218 -1.633
48200	-3.49 2.104	-3.07 -1.955
48300	-3.599 1.838	-3.155 -1.886
48400	-3.496 1.719	-3.059 -1.659
48500	-3.532 1.553	-2.756 -1.508
48600	-3.812 1.362	-2.714 -1.903
48700	-3.706 1.026	-2.528 -1.854
48800	-3.422 0.8781	-2.115 -1.811
48900	-3.469 0.5904	-2.123 -1.456
49000	-3.297 0.6281	-2.459 -1.289
49100	-3.369 0.8622	-2.232 -1.593
49200	-3.225 0.6684	-2.535 -1.465
49300	-3.512 0.7934	-2.278 -1.9
49400	-3.521 1.15	-2.521 -1.699
49500	-3.602 1.37	-2.563 -1.816
49600	-3.427 1.435	-2.936 -1.854
49700	-3.671 0.8467	-2.994 -1.963
49800	-4.059 0.9407	-2.845 -2.219
49900	-3.896 0.6974	-2.603 -2.139
50000	-3.479 0.9431	-2.715 -1.746
50100	-3.672 1.319	-2.641 -1.661
50200	-3.625 1.232	-2.462 -1.656
50300	-3.491 0.7188	-2.757 -1.922
50400	-3.358 0.9446	-2.462 -1.748
50500	-3.396 0.8707	-1.927 -1.793
50600	-3.6 0.7688	-1.782 -1.914
50700	-3.709 0.9565	-1.916 -1.859
50800	-3.694 0.9254	-1.855 -1.964
50900	-4.031 0.8759	-1.816 -2.026
51000	-3.955 0.8995	-2.008 -2.094
51100	-3.761 0.7803	-1.642 -1.78
51200	-3.634 0.8763	-1.886 -1.932
51300	-3.807 1.077	-1.871 -1.836
51400	-3.909 0.9578	-1.601 -1.996
51500	-4.057 0.7313	-1.726 -1.828
51600	-3.88 0.8456	-1.84 -2.273
51700	-4.139 0.7804	-2.119 -2.413
51800	-3.561 0.6366	-1.687 -2.002
51900	-3.719 0.6415	-1.8 -1.981
52000	-3.721 0.7348	-2.036 -1.878
52100	-3.886 0.5824	-1.853 -2.108
52200	-3.666 0.6492	-1.7 -2.144
52300	-3.807 0.8998	-1.923 -2.373
52400	-4.135 0.7416	-1.671 -2.296
52500	-4.08 0.7992	-1.566 -2.187
52600	-3.75 0.6409	-1.776 -2.088
52700	-3.864 0.3685	-1.761 -1.973
52800	-3.836 1.03	-1.776 -2.099
52900	-3.968 1.209	-1.8 -1.952
53000	-3.952 0.9365	-1.736 -1.998
53100	-3.714 0.9072	-1.923 -1.99
53200	-3.899 0.8749	-1.837 -1.991
53300	-4.062 1.337	-1.883 -2.001
53400	-3.903 1.156	-1.594 -2.189
53500	-3.931 0.8757	-1.507 -1.988
53600	-3.65 0.9043	-1.455 -2.035
53700	-4.211 1.203	-1.623 -2.306
53800	-4.31 1.881	-1.72 -2.475
53900	-4.156 1.798	-1.958 -2.323
54000	-4.24 1.835	-2.094 -2.247
54100	-3.981 1.856	-2.483 -2.271
54200	-4.151 1.831	-2.528 -2.288
54300	-4.214 1.944	-2.872 -2.628
54400	-4.805 2.175	-3.178 -2.685
54500	-4.63 2.275	-3.145 -2.69
54600	-4.635 2.278	-2.947 -2.84
54700	-4.369 1.855	-2.826 -2.66
54800	-4.789 2.013	-2.852 -2.986
54900	-4.951 1.959	-3.352 -2.854
55000	-4.998 1.87	-3.387 -3.316
55100	-4.946 2.337	-3.426 -3.21
55200	-5.034 2.496	-3.403 -3.1
55300	-5 2.367	-3.525 -3.375
55400	-5.294 2.356	-4.018 -3.775
55500	-5.354 2.385	-4.109 -3.798
55600	-5.657 2.412	-4.03 -3.804
55700	-5.371 2.363	-3.709 -3.618
55800	-5.11 2.02	-3.811 -3.388
55900	-5.02 2.185	-3.885 -3.286
56000	-4.787 1.941	-3.552 -3.44
56100	-5.037 1.643	-3.536 -3.184
56200	-4.923 1.614	-3.826 -3.057
56300	-4.822 1.59	-3.955 -3.115
56400	-4.335 2.151	-4.366 -2.684
56500	-4.648 2.085	-4.539 -2.91
56600	-4.555 2.32	-4.63 -2.819
56700	-4.73 2.266	-4.83 -2.873
56800	-4.683 2.705	-4.301 -2.854
56900	-4.28 3.041	-4.116 -2.725
57000	-4.784 3.118	-4.019 -2.754
57100	-4.36 3.484	-3.98 -3.032
57200	-4.591 3.257	-4.172 -2.988
57300	-4.74 3.673	-4.274 -2.832
57400	-4.776 3.903	-4.4 -2.934
57500	-4.423 3.756	-4.276 -2.699
57600	-4.508 3.499	-4.365 -2.745
57700	-4.724 3.298	-4.149 -2.687
57800	-4.546 3.105	-4.026 -2.656
57900	-4.455 3.328	-4.23 -2.565
58000	-4.243 3.182	-4.171 -2.474
58100	-4.262 3.242	-4.532 -2.572
58200	-4.339 3.373	-4.451 -2.554
58300	-4.215 3.254	-4.301 -2.562
58400	-4.228 3.377	-4.256 -2.31
58500	-4.368 3.432	-4.191 -2.543
58600	-4.336 3.563	-4.488 -2.564
58700	-4.277 3.645	-4.27 -2.645
58800	-4.519 3.635	-4.032 -2.657
58900	-4.662 3.749	-4.283 -2.948
59000	-4.568 3.797	-4.13 -2.789
59100	-4.66 3.727	-3.911 -3.04
59200	-4.942 3.544	-4.302 -3.055
59300	-5.079 3.436	-4.536 -3.042
59400	-4.879 3.414	-4.281 -3.207
59500	-4.912 3.399	-4.421 -3.158
59600	-4.865 3.589	-4.052 -3.134
59700	-4.676 3.316	-3.929 -2.915
59800	-4.801 3.456	-3.985 -2.822
59900	-4.617 3.11	-4.048 -2.671
60000	-4.435 3.051	-4.36 -2.601
60100	-4.284 2.57	-4.298 -2.731
60200	-4.503 2.822	-4.005 -2.646
60300	-4.399 2.986	-4.39 -2.715
60400	-4.26 2.972	-4.304 -2.624
60500	-4.321 2.951	-4.559 -2.341
60600	-4.405 3.014	-4.568 -2.594
60700	-4.38 2.948	-4.494 -2.626
60800	-4.354 2.998	-4.525 -2.55
60900	-4.641 3.071	-4.58 -2.702
61000	-4.631 2.858	-4.986 -2.862
61100	-4.917 2.858	-4.713 -3.233
61200	-4.665 2.839	-4.479 -2.95
61300	-4.406 2.943	-4.577 -2.57
61400	-4.397 2.818	-3.981 -2.477
61500	-4.262 2.878	-3.603 -2.431
61600	-4.449 2.973	-3.291 -2.243
61700	-4.247 2.652	-3.284 -2.221
61800	-3.928 2.596	-3.227 -2.362
61900	-3.956 2.665	-2.897 -2.178
62000	-3.909 2.719	-2.546 -2.035
62100	-3.74 2.651	-2.466 -1.882
62200	-3.663 2.747	-2.94 -2.036
62300	-3.945 3.053	-2.655 -1.874
62400	-3.872 2.782	-2.631 -2.085
62500	-3.537 2.173	-2.697 -1.734
62600	-3.596 2.083	-2.363 -1.651
62700	-3.28 2.106	-2.911 -1.508
62800	-3.581 1.726	-3.172 -1.807
62900	-3.659 1.62	-2.872 -1.761
63000	-3.401 1.608	-2.876 -1.551
63100	-3.384 1.795	-2.91 -1.785
63200	-3.386 1.72	-3.086 -1.596
63300	-3.223 1.787	-3.268 -1.518
63400	-3.036 1.765	-3.449 -1.452
63500	-3.278 1.346	-3.183 -1.591
63600	-3.441 1.546	-3.35 -1.613
63700	-3.453 1.609	-2.996 -1.878
63800	-3.552 1.737	-2.877 -1.978
63900	-3.805 1.665	-3.048 -2.288
64000	-3.973 1.441	-3.343 -2.297
64100	-3.929 1.55	-2.892 -2.123
64200	-4.223 1.974	-3.319 -2.047
64300	-4.126 1.846	-3.603 -2.6
64400	-4.183 1.97	-3.633 -2.406
64500	-4.03 2.681	-3.929 -2.284
64600	-3.932 2.959	-3.799 -2.161
64700	-4.181 3.096	-3.682 -2.313
64800	-3.898 2.768	-3.772 -2.334
64900	-4.159 2.355	-3.512 -2.426
65000	-4.625 2.211	-3.467 -2.664
65100	-4.724 2.016	-3.484 -2.861
65200	-4.521 2.063	-3.69 -2.825
65300	-4.589 1.864	-3.916 -2.705
65400	-4.946 1.918	-3.72 -2.966
65500	-5.004 1.982	-3.855 -3.002
65600	-4.893 2.183	-4.315 -2.812
65700	-4.536 2.318	-4.039 -2.857
65800	-4.825 2.117	-4.134 -3.108
65900	-5.318 2.045	-4.216 -3.571
66000	-5.121 2.096	-4.679 -3.393
66100	-5.191 2.302	-4.645 -3.347
66200	-5.083 2.086	-4.601 -3.232
66300	-5.174 2.054	-4.712 -3.456
66400	-5.22 1.807	-4.867 -3.416
66500	-5.056 1.969	-5.295 -3.313
66600	-5.251 1.824	-5.342 -3.382
66700	-5.037 1.565	-5.305 -3.408
66800	-5.087 2.172	-5.514 -3.211
66900	-5.129 2.548	-5.464 -3.376
67000	-5.341 2.611	-5.294 -3.424
67100	-5.336 2.675	-5.543 -3.498
67200	-5.597 2.711	-5.498 -3.703
67300	-5.584 2.629	-5.173 -3.777
67400	-5.72 2.36	-5.006 -3.809
67500	-5.8 2.393	-4.954 -3.893
67600	-5.679 2.131	-4.77 -3.792
67700	-5.7 2.667	-4.641 -3.94
67800	-5.716 2.198	-5.031 -4.025
67900	-5.983 2.21	-5.131 -4.117
68000	-5.77 2.388	-5.345 -4.183
68100	-5.789 2.642	-5.096 -4.104
68200	-6.077 2.655	-5.038 -4.267
68300	-6.192 2.876	-5.413 -4.509
68400	-6.043 2.633	-5.231 -4.424
68500	-6.41 2.554	-5.053 -4.521
68600	-6.084 2.509	-5.421 -4.418
68700	-6.126 2.733	-5.337 -4.308
68800	-6.187 2.662	-5.035 -4.407
68900	-6.331 2.41	-5.189 -4.585
69000	-6.21 2.582	-5.015 -4.433
69100	-6.047 2.541	-4.994 -4.322
69200	-5.963 2.195	-4.97 -4.366
69300	-6.053 2.167	-4.65 -4.364
69400	-6.068 2.55	-4.406 -4.294
69500	-6.024 2.979	-4.589 -4.678
69600	-5.912 3.222	-4.435 -4.399
69700	-6.18 3.324	-4.51 -4.61
69800	-6.048 3.223	-4.154 -4.297
69900	-6.189 2.676	-4.551 -4.331
70000	-6.319 2.672	-4.165 -4.471
70100	-6.268 2.921	-4.214 -4.531
70200	-6.24 2.867	-4.194 -4.413
70300	-6.399 2.768	-4.127 -4.68
70400	-6.175 2.687	-4.044 -4.464
70500	-6.329 2.795	-4.367 -4.387
70600	-6.438 2.985	-4.562 -4.566
70700	-6.446 2.606	-4.055 -4.764
70800	-6.675 2.803	-4.297 -4.875
70900	-6.807 2.966	-4.385 -4.994
71000	-6.766 3.203	-4.138 -4.907
71100	-6.653 3.112	-4.069 -4.903
71200	-6.87 2.976	-3.825 -4.879
71300	-6.752 2.778	-4.179 -5.01
71400	-6.586 2.835	-4.408 -4.786
71500	-6.664 2.611	-4.386 -4.881
71600	-6.529 2.959	-4.32 -4.66
71700	-6.845 2.461	-4.38 -4.84
71800	-7.112 2.949	-4.052 -5.176
71900	-7.266 3.496	-4.204 -5.289
72000	-7.053 3.303	-4.181 -5.271
72100	-7.368 2.86	-4.098 -5.251
72200	-7.504 3.076	-4.028 -5.261
72300	-7.441 3.585	-4.346 -5.553
72400	-7.604 3.375	-4.784 -6.037
72500	-7.742 3.418	-4.757 -5.964
72600	-7.903 3.566	-4.903 -5.937
72700	-7.777 3.399	-4.611 -5.872
72800	-7.92 2.875	-4.815 -6.165
72900	-8.021 3.208	-5.311 -6.118
73000	-7.954 3.27	-5.38 -6.166
73100	-7.678 3.301	-5.354 -5.869
73200	-7.971 3.067	-5.399 -6.117
73300	-7.783 2.765	-5.203 -6.148
73400	-7.924 2.376	-5.176 -6.267
73500	-7.968 2.485	-5.038 -6.327
73600	-8.158 2.206	-5.078 -6.314
73700	-8.414 2.104	-5.286 -6.753
73800	-8.405 2.035	-5.142 -6.682
73900	-8.338 2.582	-5.254 -6.821
74000	-8.235 2.572	-4.98 -6.405
74100	-8.56 2.744	-4.498 -6.744
74200	-8.657 2.968	-4.459 -6.718
74300	-8.625 2.99	-5.014 -6.868
74400	-8.683 2.854	-4.908 -7.004
74500	-8.648 3.081	-5.051 -6.872
74600	-8.641 2.91	-5.083 -6.738
74700	-8.28 2.765	-5.127 -6.632
74800	-8.226 2.701	-4.796 -6.491
74900	-8.098 2.442	-4.47 -6.419
75000	-7.923 2.102	-4.602 -5.971
75100	-7.897 2.467	-4.345 -6.088
75200	-7.859 2.866	-3.952 -5.871
75300	-7.465 3.096	-4.051 -5.485
75400	-7.594 2.776	-3.949 -5.783
75500	-7.703 2.653	-4.203 -6.008
75600	-7.641 2.893	-4.308 -5.78
75700	-7.893 2.748	-4.257 -6.333
75800	-8.197 2.477	-4.164 -6.49
75900	-8.079 2.647	-3.797 -6.238
76000	-7.94 2.933	-3.804 -6.246
76100	-7.976 3.453	-3.74 -6.248
76200	-8.391 3.205	-3.4 -6.506
76300	-8.396 3.255	-3.596 -6.395
76400	-8.119 3.792	-3.51 -6.325
76500	-8.285 4.102	-3.013 -6.289
76600	-8.032 3.571	-2.947 -6.361
76700	-7.939 3.729	-3.46 -6.134
76800	-7.834 3.61	-3.666 -6.17
76900	-8.085 3.995	-3.532 -6.188
77000	-8.082 4.119	-3.45 -6.286
77100	-7.872 4.644	-3.575 -5.976
77200	-7.868 4.742	-3.802 -6.03
77300	-7.61 4.632	-3.642 -5.878
77400	-7.553 4.588	-3.429 -6.034
77500	-7.744 4.365	-3.157 -6.229
77600	-7.63 4.313	-3.295 -5.793
77700	-7.712 4.466	-3.106 -6.052
77800	-7.689 4.427	-3.088 -5.946
77900	-8.029 4.889	-3.092 -6.017
78000	-8.033 4.53	-3.208 -6.248
78100	-7.992 4.45	-3.105 -6.423
78200	-7.778 4.54	-2.957 -6.227
78300	-7.807 4.528	-2.895 -5.888
78400	-7.684 4.825	-2.967 -5.862
78500	-7.756 4.545	-3.078 -5.994
78600	-7.975 4.261	-3.354 -6.012
78700	-8.025 4.218	-3.101 -6.156
78800	-8.146 4.282	-2.909 -6.21
78900	-8.275 4.517	-3.258 -6.314
79000	-7.782 4.48	-3.18 -6.41
79100	-7.623 4.528	-2.808 -5.986
79200	-7.669 4.781	-2.471 -6.089
79300	-7.799 4.723	-2.525 -6.086
79400	-7.788 4.928	-2.849 -5.705
79500	-7.498 5.14	-2.76 -5.643
79600	-7.346 5.482	-2.677 -5.402
79700	-7.16 5.882	-2.551 -5.451
79800	-7.171 5.916	-2.344 -5.383
79900	-7.29 6.094	-2.102 -5.661
80000	-7.227 5.796	-2.268 -5.446
80100	-7.32 5.427	-2.328 -5.225
80200	-7.215 5.209	-2.733 -5.148
80300	-7.183 5.382	-2.492 -5.371
80400	-7.091 5.303	-2.488 -5.271
80500	-6.841 5.731	-2.641 -5.231
80600	-6.863 6.057	-2.665 -5.134
80700	-6.902 6.401	-2.822 -5.159
80800	-7.022 6.575	-2.717 -5.222
80900	-6.856 6.257	-2.575 -4.939
81000	-6.411 6.497	-2.857 -4.62
81100	-6.321 5.984	-2.27 -4.668
81200	-6.563 5.654	-2.086 -4.768
81300	-6.52 5.76	-2.286 -4.823
81400	-6.719 6.104	-2.059 -5.022
81500	-6.511 5.866	-2.349 -4.864
81600	-6.43 6.309	-2.435 -4.776
81700	-6.408 6.467	-2.653 -4.889
81800	-6.638 6.729	-2.982 -4.919
81900	-6.743 6.677	-2.653 -5.021
82000	-6.617 6.386	-2.991 -4.838
82100	-6.428 6.497	-3.225 -4.581
82200	-6.113 5.924	-2.971 -4.136
82300	-6.045 6.1	-2.796 -4.262
82400	-5.982 6.018	-2.592 -3.985
82500	-5.894 5.704	-2.853 -3.986
82600	-6.119 5.481	-2.951 -4.177
82700	-6.206 5.869	-2.717 -4.443
82800	-6.196 6.054	-3.021 -4.204
82900	-5.97 6.057	-3.269 -4.17
83000	-6.018 6.467	-3.116 -4.309
83100	-5.864 5.743	-2.923 -4.348
83200	-5.811 5.576	-2.931 -4.416
83300	-5.926 5.806	-2.937 -4.202
83400	-6.297 6.092	-3.064 -4.114
83500	-5.736 5.898	-3.26 -4.199
83600	-5.985 5.42	-3.138 -4.004
83700	-5.9 5.206	-2.791 -4.371
83800	-5.737 5.006	-2.588 -3.954
83900	-5.893 4.82	-2.638 -4.089
84000	-5.723 4.661	-2.564 -3.975
84100	-6.149 4.77	-2.222 -4.386
84200	-5.82 4.563	-1.856 -4.092
84300	-6.105 4.611	-2.108 -4.03
84400	-6.295 4.94	-1.92 -4.295
84500	-6.616 5.477	-1.8 -4.505
84600	-6.757 5.454	-1.703 -4.894
84700	-6.289 5.139	-1.804 -4.798
84800	-6.338 4.918	-2.464 -4.695
84900	-6.165 4.794	-2.544 -4.307
85000	-6.138 4.989	-2.444 -4.36
85100	-6.076 4.831	-2.067 -4.323
85200	-5.971 5.147	-2.107 -4.23
85300	-6.092 5.36	-2.208 -4.331
85400	-6.042 5.056	-1.939 -4.536
85500	-6.093 5.421	-1.9 -4.436
85600	-6.135 5.2	-1.978 -4.122
85700	-6.041 5.117	-1.922 -4.383
85800	-6.356 5.339	-2.299 -4.204
85900	-6.145 5.22	-2.492 -4.347
86000	-5.929 5.096	-2.747 -4.173
86100	-6.043 5.147	-2.892 -4.214
86200	-6.181 4.798	-2.954 -4.279
86300	-6.22 4.831	-2.888 -4.587
86400	-6.355 4.696	-2.782 -4.621
86500	-6.245 4.368	-2.871 -4.598
86600	-6.273 4.689	-2.58 -4.738
86700	-6.426 4.853	-2.608 -4.595
86800	-6.15 5.1	-2.761 -4.581
86900	-6.116 4.894	-2.656 -4.565
87000	-6.214 4.764	-2.376 -4.374
87100	-6.085 4.765	-2.195 -4.311
87200	-6.052 4.846	-2.633 -4.29
87300	-6.187 4.939	-2.436 -4.229
87400	-6.156 5.009	-2.45 -4.289
87500	-6.065 5.184	-2.337 -4.175
87600	-6.17 5.245	-2.06 -4.321
87700	-6.218 5.163	-2.376 -4.633
87800	-6.045 5.245	-2.423 -4.451
87900	-6.084 5.101	-2.621 -4.237
88000	-6.328 5.396	-2.481 -4.243
88100	-6.559 5.667	-2.29 -4.603
88200	-6.429 5.579	-2.571 -4.76
88300	-6.247 5.641	-2.903 -4.426
88400	-6.244 5.964	-3.089 -4.49
88500	-6.383 5.755	-3.229 -4.834
88600	-6.552 5.991	-3.307 -4.621
88700	-6.497 5.6	-3.219 -4.513
88800	-6.686 5.618	-2.993 -4.727
88900	-6.701 5.52	-2.712 -4.681
89000	-6.991 5.529	-2.394 -5.295
89100	-6.928 5.606	-2.546 -5.148
89200	-7.201 5.611	-2.228 -5.254
89300	-7.067 5.333	-1.81 -4.865
89400	-6.681 5.276	-2.431 -5.072
89500	-6.735 5.447	-2.251 -5.125
89600	-6.908 5.808	-2.558 -5.119
89700	-6.979 5.564	-2.037 -5.37
89800	-7.285 5.508	-2.295 -5.472
89900	-7.359 5.343	-1.992 -5.44
90000	-7.122 5.292	-1.667 -5.289
90100	-7.054 5.393	-1.707 -5.142
90200	-6.99 5.408	-1.334 -5.336
90300	-6.696 5.335	-1.34 -4.943
90400	-6.508 5.185	-1.233 -4.802
90500	-6.423 4.965	-1.32 -4.564
90600	-6.561 5.445	-1.069 -4.67
90700	-6.56 5.196	-1.265 -4.795
90800	-6.842 5.312	-1.018 -4.648
90900	-6.883 5.344	-0.7818 -4.967
91000	-7.091 5.319	-0.9153 -5.015
91100	-6.912 5.447	-0.9522 -5.162
91200	-6.879 5.629	-0.8908 -4.902
91300	-6.503 5.363	-0.8562 -4.684
91400	-6.591 5.106	-1.059 -4.632
91500	-6.823 5.305	-0.8807 -4.983
91600	-7.004 5.307	-0.7692 -5.043
91700	-6.904 5.399	-0.7387 -5.188
91800	-6.677 5.205	-1.208 -5.031
91900	-6.654 5.362	-1.143 -5.057
92000	-6.998 5.368	-1.13 -5.331
92100	-7.266 5.284	-0.9222 -5.366
92200	-7.317 5.16	-1.271 -5.532
92300	-7.102 5.118	-1.047 -5.411
92400	-7.079 4.781	-1.509 -5.192
92500	-6.861 5.523	-1.759 -5.137
92600	-6.795 5.971	-2.168 -5.16
92700	-6.446 6.301	-2.351 -4.887
92800	-6.414 6.339	-2.095 -4.677
92900	-6.264 6.356	-2.266 -4.47
93000	-6.251 6.637	-1.88 -4.253
93100	-6.112 6.689	-2.341 -4.531
93200	-6.589 7.037	-2.178 -4.484
93300	-6.565 6.994	-2.089 -4.695
93400	-6.724 7.08	-2.106 -4.729
93500	-6.88 6.849	-2.365 -5.153
93600	-7.133 7.289	-2.398 -5.376
93700	-7.117 7.816	-2.437 -5.44
93800	-7.332 8.118	-2.398 -5.648
93900	-7.266 7.755	-2.412 -5.661
94000	-7.438 7.379	-2.066 -5.828
94100	-7.646 7.236	-2.243 -5.817
94200	-7.407 7.208	-2.072 -5.508
94300	-7.467 6.91	-2.256 -5.369
94400	-7.232 6.852	-1.971 -5.324
94500	-7.55 6.405	-1.857 -5.835
94600	-7.724 6.397	-1.55 -5.828
94700	-7.433 6.29	-1.852 -5.665
94800	-7.602 6.519	-2.121 -5.823
94900	-7.498 6.373	-2.287 -5.895
95000	-7.541 6.814	-2.545 -5.819
95100	-7.441 7.079	-2.896 -5.604
95200	-7.459 7.239	-2.964 -5.586
95300	-7.821 7.151	-3.112 -5.896
95400	-7.739 6.987	-3.026 -5.906
95500	-7.718 6.825	-2.988 -5.792
95600	-7.905 7.008	-3.295 -6.191
95700	-8.076 7.08	-3.171 -6.183
95800	-7.987 7.328	-2.718 -6.185
95900	-7.533 7.674	-2.825 -5.996
96000	-7.532 7.678	-2.657 -5.93
96100	-7.699 7.713	-2.606 -5.867
96200	-7.578 7.744	-2.258 -5.946
96300	-7.824 7.886	-2.1 -6.094
96400	-7.816 8.084	-1.784 -6.22
96500	-7.892 7.911	-1.72 -6.088
96600	-7.813 7.871	-2.063 -6.037
96700	-7.928 7.601	-2.186 -6.16
96800	-7.93 7.679	-2.049 -6.085
96900	-7.77 7.537	-2.037 -5.702
97000	-7.651 7.963	-1.929 -5.6
97100	-7.27 8.201	-1.865 -5.538
97200	-7.084 8.332	-1.704 -5.328
97300	-7.375 8.399	-1.306 -5.353
97400	-7.025 8.048	-1.467 -5.418
97500	-6.969 8.165	-1.427 -5.47
97600	-7.229 7.931	-1.877 -5.065
97700	-7.003 7.433	-1.862 -5.224
97800	-6.952 7.778	-1.797 -5.125
97900	-7.032 8.62	-1.463 -5.181
98000	-6.934 8.471	-1.805 -5.163
98100	-7.025 8.363	-1.68 -5.152
98200	-7.029 8.076	-1.805 -5.128
98300	-6.751 7.836	-1.524 -4.955
98400	-6.963 7.747	-1.671 -5.024
98500	-6.835 7.863	-1.593 -4.884
98600	-7.078 7.775	-1.546 -5.152
98700	-7.036 7.309	-1.381 -5.283
98800	-7.165 7.057	-1.653 -5.41
98900	-7.301 6.603	-1.56 -5.462
99000	-7.574 6.708	-1.887 -5.471
99100	-7.359 6.655	-1.891 -5.646
99200	-7.415 6.337	-1.614 -5.668
99300	-7.432 6.844	-1.705 -5.693
99400	-7.626 6.438	-2.087 -5.75
99500	-7.328 6.332	-2.188 -5.503
99600	-7.067 5.79	-2.314 -5.287
99700	-7.145 5.647	-2.06 -5.281
99800	-7.317 5.236	-2.509 -5.688
99900	-7.518 5.16	-3.094 -5.664
100000	-7.867 5.028	-3.354 -6.019
100100	-7.943 5.312	-3.239 -5.893
100200	-7.522 5.397	-3.219 -5.495
100300	-7.266 5.225	-3.38 -5.672
100400	-7.75 5.151	-3.582 -5.669
100500	-7.72 4.837	-3.721 -5.857
100600	-7.565 4.889	-3.829 -5.828
100700	-7.766 5.027	-4.273 -6.003
100800	-7.788 5.283	-4.426 -6.239
100900	-7.964 5.038	-4.223 -5.933
101000	-7.849 5.083	-4.217 -6.037
101100	-7.774 5.435	-4.14 -6.276
101200	-8.25 5.09	-4.082 -6.592
101300	-8.614 4.663	-3.773 -6.655
101400	-8.377 4.453	-3.424 -6.389
101500	-8.057 4.304	-3.25 -6.201
101600	-8.274 3.725	-3.225 -6.203
101700	-8.227 3.711	-3.304 -6.408
101800	-8.306 4.033	-3.292 -6.343
101900	-8.185 3.934	-3.32 -6.367
102000	-8.171 3.907	-3.26 -6.215
102100	-8.119 3.659	-3.18 -6.347
102200	-8.267 3.506	-2.957 -6.388
102300	-8.089 3.596	-3.174 -6.299
102400	-8.407 3.555	-2.97 -6.506
102500	-8.37 3.771	-2.979 -6.443
102600	-8.442 3.852	-3.042 -6.621
102700	-8.791 3.626	-2.883 -6.865
102800	-8.716 3.494	-2.78 -6.969
102900	-9.01 3.944	-3.293 -7.262
103000	-8.894 4.065	-3.129 -7.101
103100	-8.896 3.813	-3.096 -7.122
103200	-9.033 4.174	-2.831 -7.114
103300	-8.838 4.086	-2.743 -7.008
103400	-8.996 3.999	-2.907 -7.239
103500	-8.925 4.121	-3.044 -7.304
103600	-9.092 4.35	-3.255 -7.349
103700	-9.037 4.152	-3.507 -7.399
103800	-8.913 4.251	-3.48 -7.199
103900	-9.083 4.455	-3.548 -7.368
104000	-8.779 5.001	-3.073 -7.036
104100	-8.596 5.136	-3.171 -6.748
104200	-8.659 5.335	-3.304 -6.532
104300	-8.316 5.303	-3.396 -6.591
104400	-8.456 5.737	-3.777 -6.623
104500	-8.592 5.941	-3.67 -6.895
104600	-8.616 5.854	-3.705 -6.755
104700	-9.033 5.655	-3.762 -7.145
104800	-9.271 6.147	-3.644 -7.35
104900	-9.153 5.994	-3.196 -7.372
105000	-9 5.804	-3.329 -7.093
105100	-9.171 5.558	-3.229 -6.986
105200	-8.551 5.595	-3.477 -6.763
105300	-8.172 5.294	-3.416 -6.504
105400	-7.807 5.575	-3.427 -5.841
105500	-7.574 5.29	-3.233 -5.706
105600	-7.309 5.104	-3.037 -5.83
105700	-7.604 5.491	-3.35 -5.882
105800	-7.4 5.549	-3.27 -5.765
105900	-7.487 5.362	-3.575 -5.731
106000	-7.527 5.328	-3.705 -5.647
106100	-7.606 5.111	-3.49 -5.787
106200	-7.543 5.024	-3.57 -5.585
106300	-7.214 4.952	-3.194 -5.666
106400	-6.934 5.137	-3.339 -5.043
106500	-7.039 5.384	-3.548 -5.205
106600	-7.296 5.395	-3.706 -5.618
106700	-7.609 5.409	-3.765 -5.661
106800	-7.608 5.399	-3.603 -5.839
106900	-7.327 5.693	-3.378 -5.82
107000	-7.233 5.479	-3.198 -5.384
107100	-7.117 5.764	-3.559 -5.197
107200	-6.635 5.819	-3.402 -4.943
107300	-6.69 6.116	-3.078 -4.817
107400	-6.832 6.023	-3.329 -5.171
107500	-6.649 6.237	-2.898 -5.069
107600	-7.06 6.383	-2.759 -5.072
107700	-7.146 6.02	-2.896 -5.456
107800	-7.348 5.367	-2.915 -5.451
107900	-7.405 5.326	-2.698 -5.606
108000	-7.281 5.269	-2.951 -5.594
108100	-6.943 5.332	-3.121 -5.111
108200	-6.627 5.11	-3.464 -4.89
108300	-6.571 4.955	-3.816 -4.705
108400	-6.582 5.556	-3.712 -4.744
108500	-6.605 6.107	-3.68 -4.465
108600	-6.544 6.446	-3.486 -4.186
108700	-5.96 6.185	-3.552 -4.011
108800	-6.081 6.131	-3.792 -3.986
108900	-5.799 6.019	-3.51 -3.949
109000	-5.407 6.216	-3.812 -3.556
109100	-5.361 5.848	-3.899 -3.785
109200	-5.125 5.8	-3.947 -3.518
109300	-5.158 5.948	-4.171 -3.333
109400	-5.203 6.263	-4.282 -3.502
109500	-5.204 6.577	-3.9 -3.604
109600	-5.366 6.769	-3.972 -3.766
109700	-5.61 6.655	-4.053 -3.823
109800	-5.451 6.855	-4.371 -3.799
109900	-5.294 6.959	-3.764 -3.618
110000	-5.361 6.643	-3.916 -3.353
110100	-5.518 7.178	-3.604 -3.745
110200	-5.823 7.63	-3.431 -3.745
110300	-5.738 7.936	-3.425 -3.996
110400	-5.924 8.517	-3.53 -4.227
110500	-6.055 8.8	-3.709 -4.135
110600	-5.665 8.79	-3.743 -3.973
110700	-6.089 8.744	-3.437 -4.365
110800	-6.256 8.562	-3.446 -4.415
110900	-6.21 8.695	-3.375 -4.39
111000	-6.344 8.991	-3.389 -4.432
111100	-6.364 9.123	-3.409 -4.762
111200	-6.641 9.328	-3.483 -4.711
111300	-6.604 9.259	-3.755 -4.792
111400	-7.015 9.179	-3.84 -5.345
111500	-7.249 9.39	-3.461 -5.363
111600	-7.054 9.404	-3.662 -5.105
111700	-7.013 9.272	-3.72 -4.982
111800	-6.973 9.53	-3.741 -4.805
111900	-6.804 9.596	-3.57 -4.663
112000	-6.52 9.517	-3.456 -4.804
112100	-6.509 9.585	-3.579 -4.418
112200	-6.035 9.984	-3.501 -4.221
112300	-5.877 9.902	-3.7 -4.113
112400	-5.737 9.849	-3.619 -4.013
112500	-5.815 9.84	-3.568 -4.154
112600	-5.801 9.989	-3.531 -3.944
112700	-5.478 9.875	-3.75 -3.751
112800	-5.746 9.537	-3.737 -3.89
112900	-5.559 9.619	-3.923 -3.672
113000	-5.384 9.619	-3.513 -3.548
113100	-5.863 9.635	-3.828 -3.902
113200	-5.931 9.661	-3.656 -3.929
113300	-5.945 9.754	-3.91 -4.033
113400	-5.947 9.646	-3.784 -4.034
113500	-5.939 9.86	-3.475 -4.162
113600	-6.114 9.912	-3.69 -4.694
113700	-5.93 9.828	-3.759 -4.368
113800	-6.121 10.06	-3.854 -3.982
113900	-5.993 10.51	-3.936 -4.381
114000	-6.07 10.52	-4.277 -4.438
114100	-6.077 10.48	-4.09 -4.396
114200	-6.043 10.25	-4.078 -4.392
114300	-6.028 10.6	-4.135 -4.355
114400	-6.073 10.51	-4.471 -4.283
114500	-6.197 10.86	-4.188 -4.335
114600	-6.027 10.47	-4.423 -4.063
114700	-6.062 10.94	-4.219 -4.252
114800	-6.175 10.84	-4.029 -4.247
114900	-6.216 10.83	-4.627 -4.342
115000	-6.315 11.1	-4.182 -4.391
115100	-6.409 10.75	-4.385 -4.766
115200	-6.542 10.66	-4.391 -4.609
115300	-6.503 10.74	-4.517 -4.676
115400	-6.349 10.24	-4.428 -4.399
115500	-6.805 10.1	-4.42 -5.194
115600	-7.238 9.829	-4.645 -5.61
115700	-7.22 9.574	-4.319 -5.658
115800	-7.197 9.606	-4.48 -5.398
115900	-7.168 9.542	-4.457 -5.541
116000	-7.653 9.439	-4.498 -5.704
116100	-7.991 9.168	-4.58 -6.097
116200	-7.927 9.648	-4.626 -5.923
116300	-7.801 10.11	-4.97 -5.745
116400	-7.865 9.897	-4.532 -6.123
116500	-7.85 9.707	-4.349 -6.217
116600	-7.981 9.571	-4.863 -6.123
116700	-7.858 9.672	-4.999 -6.186
116800	-8.234 9.878	-4.641 -6.043
116900	-8.167 10.18	-4.406 -6.388
117000	-8.205 10.61	-4.302 -6.44
117100	-8.008 10.21	-4.725 -6.006
117200	-7.886 10.55	-4.685 -5.953
117300	-7.747 10.74	-4.936 -6.18
117400	-7.815 10.41	-5.083 -5.995
117500	-7.431 10.82	-5.281 -5.641
117600	-7.336 10.73	-5.099 -5.43
117700	-7.477 10.7	-5.157 -5.765
117800	-7.514 10.64	-5.072 -5.745
117900	-7.56 10.72	-4.935 -5.845
118000	-7.586 10.32	-5.136 -5.598
118100	-7.358 10.45	-5.234 -5.293
118200	-7.24 10.3	-4.917 -5.152
118300	-7.011 9.786	-5.503 -5.17
118400	-7.086 9.724	-5.574 -5.26
118500	-6.988 10.05	-5.567 -5.144
118600	-6.703 9.843	-5.688 -5.003
118700	-6.751 10.04	-5.517 -5.006
118800	-6.417 10.26	-5.444 -4.878
118900	-6.562 10.09	-5.777 -4.655
119000	-6.245 10.08	-5.402 -4.421
119100	-6.337 10.12	-5.331 -4.363
119200	-6.319 10.23	-5.409 -4.281
119300	-5.877 9.853	-5.331 -4.285
119400	-5.996 9.717	-5.025 -4.041
119500	-5.713 9.615	-4.364 -3.859
119600	-5.74 10.14	-4.332 -4.077
119700	-6.082 9.747	-4.624 -4.317
119800	-6.088 9.708	-4.237 -4.043
119900	-5.858 9.878	-4.348 -3.968
