0	0 0 0 0	0 0 0 0	0 0 0 0	0 0 0 0
100	0.923 -0.01462 -0.1395 -0.2005	0.05562 -0.208 0.03232 0.3071	-0.03563 -0.3049 0.03452 -0.07592	-0.0723 -0.04601 -0.05708 -0.3391
200	1.68 0.1188 -0.004373 -0.4326	0.09894 -0.2991 0.04497 0.2793	-0.008209 -0.3683 -0.4805 0.02657	0.01031 -0.219 0.01975 -0.6131
300	2.565 0.1263 0.132 -0.5502	-0.06594 -0.6106 -0.3549 0.3014	0.006233 -0.4383 -0.5529 -0.4462	-0.2421 -0.4477 0.3621 -0.9261
400	2.777 0.3077 -0.1103 -0.6719	-0.05078 -0.6352 -0.9002 0.5812	0.1368 -0.7964 -0.7245 -0.6471	-0.1601 -0.2086 0.4328 -0.9784
500	2.851 0.5999 -0.2665 -0.7013	-0.101 -0.4539 -1.237 0.5457	0.4843 -1.045 -0.8426 -0.7607	-0.4359 0.138 0.6389 -1.232
600	3.247 0.6849 -0.09728 -0.6846	0.1598 -0.4806 -1.321 0.6304	0.4628 -1.302 -0.76 -1.008	-0.2683 0.2647 0.7455 -1.018
700	3.595 0.4595 0.23 -1.224	0.1723 -0.6918 -1.438 0.3183	0.2889 -1.477 -0.7932 -1.115	-0.5061 0.4766 1.364 -1.334
800	3.521 0.698 0.0635 -1.216	0.2232 -0.6253 -2.021 0.4381	0.3961 -1.501 -0.9991 -0.9628	-0.7386 0.5417 1.702 -1.239
900	3.705 0.6551 0.4137 -0.9243	-0.3262 -0.7844 -1.904 0.2761	0.1476 -1.829 -1.062 -1.024	-0.8923 0.9696 1.779 -1.387
1000	3.503 0.712 0.1222 -0.781	0.1776 -0.8597 -2.098 0.002516	0.3295 -1.977 -0.8176 -0.9811	-0.895 1.384 1.805 -1.775
1100	3.808 0.5523 -0.01762 -0.2469	0.04406 -0.5513 -2.066 0.009087	0.4277 -2.21 -0.9454 -0.9341	-0.7963 1.541 1.985 -1.746
1200	3.897 0.6415 -0.4365 -0.3862	0.179 -0.7462 -2.331 -0.1847	0.4833 -2.124 -0.8619 -0.9721	-0.8874 1.743 2.272 -1.628
1300	4.146 0.4031 -0.5906 -0.4251	0.8567 -1.017 -2.214 -0.001084	0.4739 -2.282 -0.6816 -1.155	-0.6125 1.241 2.459 -1.555
1400	4.248 0.6601 -0.8509 -0.3694	0.75 -1.042 -2.32 0.1362	0.5604 -2.864 -0.6513 -1.072	-0.5776 1.357 2.645 -1.633
1500	4.276 0.5706 -1.054 -0.5554	0.7295 -0.9747 -2.448 0.1292	0.4774 -2.992 -0.7133 -1.096	-0.7007 1.191 2.531 -1.626
1600	4.094 0.4674 -0.9028 -0.1278	0.9026 -0.9259 -2.256 0.2211	0.5197 -3.483 -0.5116 -0.9381	-0.4833 1.711 2.578 -1.958
1700	4.291 0.7683 -1.121 0.04264	0.8316 -0.9267 -1.876 0.1297	0.5341 -3.36 -0.5764 -0.7772	-0.3328 2.084 2.53 -2.338
1800	4.336 0.7913 -0.9513 0.7038	0.969 -1.048 -2.038 -0.05671	0.6042 -3.292 -0.6361 -0.8061	-0.1266 1.819 2.466 -2.214
1900	4.486 0.8372 -1.26 0.4118	1.216 -1.351 -1.941 0.06743	0.6492 -3.612 -0.5221 -1.338	-0.214 1.51 2.51 -1.922
2000	4.897 0.98 -1.075 0.5139	1.303 -1.332 -1.827 0.2095	0.5545 -3.844 -0.5534 -1.177	-0.1233 1.275 2.553 -2.049
2100	5.003 0.9744 -1.296 0.8544	1.262 -1.043 -1.62 0.4815	0.5038 -4.058 -0.3225 -1.088	-0.1971 1.121 2.441 -2.097
2200	5.23 0.6964 -1.684 1.076	1.294 -1.326 -2.076 0.3539	0.441 -4.216 -0.2805 -0.978	-0.0106 1.182 2.268 -1.944
2300	5.023 0.4789 -1.719 1.119	1.577 -1.342 -2.299 0.7039	0.4821 -4.011 -0.2617 -1.013	0.04832 1.268 2.298 -2.156
2400	5.144 0.514 -1.549 1.018	1.633 -1.402 -2.179 0.6032	0.348 -4.077 0.05803 -1.137	-0.1541 1.277 2.209 -2.008
2500	5.132 1.1 -1.418 1.107	1.868 -1.299 -2.31 0.348	0.4296 -4.272 0.1404 -1.284	-0.1582 0.7212 2.325 -2.017
2600	5.091 1.282 -1.275 1.398	1.382 -1.225 -2.296 0.2947	0.2966 -3.979 -0.1806 -1.313	-0.1882 0.9171 2.185 -2.001
2700	5.202 1.492 -1.122 1.838	1.263 -1.31 -2.694 0.2619	0.1938 -4.008 -0.06348 -1.382	-0.1936 0.7735 2.148 -2.355
2800	5.34 1.702 -1.035 1.961	1.169 -1.234 -3.042 -0.1242	0.04665 -4.38 -0.2393 -1.252	-0.132 0.9184 2.248 -2.566
2900	5.433 1.314 -1.14 2.038	1.132 -1.053 -2.922 0.1138	0.3194 -4.094 -0.2843 -1.458	0.2784 0.8397 2.645 -2.652
3000	5.254 1.412 -1.08 1.983	0.8372 -0.8997 -2.898 0.06426	0.09126 -4.34 -0.3312 -1.558	0.2692 1.16 2.91 -2.999
3100	5.328 1.258 -0.7267 2.149	1.053 -0.8604 -2.691 -0.3052	0.2371 -4.726 -0.1204 -1.625	0.1692 1.204 3.333 -2.873
3200	5.709 1.283 -0.492 1.997	1.037 -0.9251 -2.485 -0.62	0.1814 -4.72 0.1059 -1.511	0.07451 1.226 3.68 -2.89
3300	6.015 1.091 -0.8792 2.055	1.192 -0.8067 -2.476 -0.3508	0.08897 -4.976 0.3221 -1.541	0.03975 1.273 3.902 -2.479
3400	6.026 1.039 -1.09 2.148	1.469 -0.887 -2.609 -0.3627	0.2224 -4.989 0.3175 -1.936	-0.209 1.236 4.049 -2.561
3500	5.949 1.138 -1.223 2.3	1.233 -0.6929 -2.695 -0.793	0.3361 -4.678 0.1345 -1.667	-0.04937 1.383 4.551 -2.701
3600	5.552 1.11 -1.005 2.312	1.09 -0.8772 -2.788 -1.092	0.257 -4.796 -0.1703 -1.523	-0.2853 1.297 4.985 -2.789
3700	5.548 1.355 -1.252 2.041	0.8409 -0.4751 -2.778 -1.03	0.4919 -4.836 -0.1644 -1.542	-0.3588 1.947 5.073 -2.611
3800	5.174 0.7778 -1.016 2.291	0.6701 -0.3942 -2.441 -0.4762	0.4488 -5.029 -0.1457 -1.53	-0.04884 1.709 5.217 -2.686
3900	5.337 0.9689 -1.344 1.97	0.6877 -0.3172 -2.436 -0.3038	0.4832 -4.879 0.01407 -1.473	0.1853 1.737 5.311 -2.853
4000	5.227 1.018 -1.38 1.831	0.7995 -0.45 -2.725 -0.2034	0.3976 -4.832 -0.002308 -1.3	0.3384 1.55 5.633 -2.708
4100	5.089 0.9136 -1.694 1.84	0.6489 -0.4254 -2.742 0.07883	0.1756 -4.54 0.2101 -1.441	0.2071 1.331 5.72 -2.686
4200	4.885 1.009 -1.429 1.668	0.6546 -0.04164 -2.632 0.2284	0.1443 -4.82 0.4701 -1.456	0.2599 1.42 5.935 -2.512
4300	4.825 1.103 -1.292 1.355	0.7122 -0.4233 -2.663 0.2179	0.1671 -4.657 0.1893 -1.201	0.1845 2.053 5.847 -2.445
4400	4.782 1.152 -1.752 1.337	0.6884 -0.3618 -2.539 0.2122	-0.1343 -4.475 0.4618 -1.204	0.006966 2.401 5.806 -2.433
4500	5.461 0.8619 -1.609 1.18	1.033 -0.3506 -2.582 -0.1045	0.3251 -4.303 0.4047 -1.012	-0.1661 2.446 5.5 -2.327
4600	5.026 0.7239 -1.668 1.061	1.293 -0.1847 -2.585 -0.1001	0.6204 -4.034 0.507 -0.9489	-0.3232 2.46 5.667 -2.528
4700	4.854 0.8196 -1.313 1.063	1.367 -0.2815 -2.447 -0.1951	0.9212 -4.484 0.1136 -1.022	-0.1696 2.702 5.673 -2.728
4800	4.879 0.6575 -1.841 1.162	1.129 -0.2488 -2.539 -0.3545	1.022 -4.392 -0.07738 -1.234	0.1654 2.782 5.853 -2.829
4900	5.016 1.18 -1.515 1.171	1.174 0.123 -2.412 -0.6121	1.435 -4.706 -0.2436 -1.691	-0.1927 2.731 5.387 -3.132
5000	5.212 1.087 -1.638 1.036	0.9893 0.06537 -2.102 -0.5427	1.104 -5.332 -0.2057 -1.774	-0.4337 2.964 5.62 -3.28
5100	5.337 1.039 -1.866 0.8236	1.135 -0.2328 -1.636 -0.3995	1.214 -5.606 -0.2396 -1.981	-0.4357 3.056 5.852 -3.13
5200	5.197 1.171 -1.678 0.6352	0.7187 -0.2342 -1.257 -0.429	0.9283 -5.594 -0.5723 -2.06	-0.3135 2.849 5.947 -2.777
5300	5.536 0.9836 -1.611 0.7492	0.6242 -0.6625 -1.075 -0.2926	0.8216 -5.744 -0.7874 -2.066	-0.4245 2.781 6.034 -3.038
5400	5.702 0.8867 -1.397 0.8751	0.7581 -0.832 -0.9009 -0.3584	0.8687 -5.834 -0.9407 -1.916	-0.1045 2.79 6.187 -2.954
5500	6.071 0.7077 -1.669 1.062	1.268 -1.268 -1.267 -0.2287	1.028 -6.261 -1.018 -1.863	-0.1905 2.678 6.23 -3.125
5600	5.845 0.7956 -1.914 1.192	1.468 -1.3 -1.173 -0.9084	1.005 -6.326 -1.036 -1.961	-0.4339 2.385 6.531 -2.956
5700	5.677 0.6754 -1.469 0.7432	1.387 -1.411 -1.259 -0.6421	1.297 -6.456 -1.04 -1.846	-0.7102 1.998 6.325 -2.597
5800	5.3 0.7632 -1.816 0.7114	1.548 -1.138 -1.365 -1.147	1.435 -6.215 -1.085 -1.697	-0.836 1.95 6.17 -2.403
5900	5.211 0.942 -1.816 0.8349	1.801 -1.624 -1.374 -0.8506	1.634 -6.015 -1.485 -1.59	-0.6552 2.068 6.294 -1.82
6000	5.249 0.7171 -1.965 0.8903	1.883 -1.436 -0.7482 -1.193	1.639 -5.655 -1.33 -1.827	-0.9116 1.795 6.122 -1.729
6100	5.286 1.086 -1.706 1.087	1.935 -1.402 -0.8379 -1.13	1.48 -5.639 -1.095 -1.686	-0.5804 1.828 6.543 -2.125
6200	5.239 1.219 -1.695 0.7932	1.887 -1.258 -0.5093 -1.511	1.581 -5.633 -1.162 -1.592	-0.1652 1.809 6.641 -2.19
6300	4.694 0.8984 -1.475 0.7431	1.603 -0.9003 -0.6657 -1.3	1.529 -5.677 -0.8242 -1.687	-0.03061 1.893 6.293 -2.017
6400	4.851 1.069 -1.253 0.9128	1.394 -0.6232 -1.247 -1.155	1.81 -5.933 -0.9511 -1.627	-0.3475 1.805 6.103 -2.127
6500	4.672 1.301 -1.206 0.956	1.673 -0.9036 -1.328 -1.679	1.697 -5.875 -0.9598 -1.781	-0.0189 1.646 5.816 -2.006
6600	4.726 1.091 -1.806 1.293	1.295 -0.9859 -1.453 -1.826	1.639 -5.938 -1.153 -1.649	0.08838 1.593 6.155 -2.504
6700	4.81 0.8591 -1.694 1.427	1.642 -1.194 -1.331 -2.22	1.584 -6.15 -1.05 -1.886	0.2067 1.606 5.772 -2.9
6800	5.082 0.2727 -1.891 1.381	1.565 -1.118 -1.551 -2.319	1.553 -6.284 -0.8596 -1.865	0.1904 1.539 5.801 -2.955
6900	5.202 0.5628 -1.555 1.458	1.595 -1.069 -1.457 -2.034	1.476 -6.456 -1.059 -1.964	0.4079 1.681 5.841 -3.147
7000	5.333 0.7096 -1.755 1.829	1.741 -1.245 -1.04 -2.171	1.418 -6.354 -1.15 -1.828	0.2215 2.058 6.143 -3.349
7100	5.172 0.7713 -1.968 1.682	1.778 -1.475 -0.8355 -1.994	1.514 -6.25 -1.213 -1.717	0.432 2.227 6.341 -3.052
7200	5.076 0.8133 -1.891 1.578	2.022 -1.362 -0.5713 -2.076	1.691 -6.138 -1.025 -1.612	0.4246 1.956 6.417 -3.21
7300	4.839 0.9696 -1.975 1.767	1.73 -1.196 -0.4167 -1.9	1.72 -6.077 -1.046 -1.332	0.4501 1.591 6.589 -3.409
7400	4.999 0.7898 -1.848 1.903	1.6 -0.8295 -0.4509 -1.671	1.729 -6.136 -0.5762 -1.721	0.6674 1.607 6.831 -3.306
7500	4.887 0.7918 -2 2.075	1.444 -0.6923 -0.4851 -1.822	1.508 -6.393 -0.8595 -1.867	0.6145 1.501 6.753 -3.401
7600	4.9 1.052 -1.262 2.202	1.436 -1.037 -0.3647 -2.113	1.215 -6.315 -0.9334 -2.196	0.4969 1.914 6.798 -3.593
7700	4.772 0.7894 -1.638 1.875	1.169 -0.9432 -0.438 -1.946	1.423 -6.602 -1.033 -2.447	0.7562 1.73 6.78 -3.795
7800	4.975 0.896 -1.304 1.998	1.487 -1.067 -0.422 -2.076	1.446 -6.678 -0.921 -2.36	0.6971 1.568 6.918 -3.757
7900	4.7 1.112 -1.211 2.153	1.543 -1.201 -0.2748 -2.284	1.581 -6.783 -1.18 -2.227	0.5851 1.919 7.192 -3.455
8000	4.787 1.512 -1.213 1.947	1.649 -1.281 -0.4069 -2.202	1.654 -6.953 -1.378 -2.212	0.2751 1.56 7.219 -3.619
8100	5.031 1.808 -1.252 2.461	1.754 -1.297 -0.2822 -2.074	1.771 -6.935 -1.328 -2.059	0.08664 1.835 7.319 -3.827
8200	5.197 1.769 -0.9222 2.397	1.42 -1.329 -0.2181 -2.141	1.859 -7.115 -1.543 -1.901	0.3793 1.268 7.852 -3.554
8300	5.051 1.642 -1.017 2.605	1.597 -1.337 -0.3825 -2.295	1.974 -7.284 -1.626 -1.664	0.5982 1.072 7.708 -3.723
8400	4.827 1.716 -1.239 2.842	1.876 -1.414 -0.659 -2.233	2.129 -7.332 -1.647 -1.574	1.015 0.6998 7.403 -4.384
8500	4.926 1.904 -1.158 2.502	1.937 -1.572 -0.5621 -2.936	2.229 -7.016 -1.754 -1.809	0.7703 0.9129 7.333 -4.431
8600	4.742 1.837 -0.9762 2.605	2.104 -1.713 -0.6339 -3.08	2.255 -6.916 -1.694 -1.845	1.081 1.183 7.23 -4.182
8700	4.517 1.806 -0.8919 2.758	1.966 -1.778 -0.6057 -3.224	2.212 -6.641 -2.092 -1.977	0.8355 1.3 7.044 -4.033
8800	4.361 1.518 -0.8195 2.913	1.97 -1.798 -0.7326 -3.576	2.334 -6.562 -2.146 -2.097	0.7664 1.64 7.175 -4.186
8900	4.361 1.16 -0.4047 2.869	2.392 -1.834 -0.5847 -3.391	2.707 -6.703 -2.101 -2.05	0.4681 1.693 7.471 -4.246
9000	4.599 1.222 -0.8046 2.743	2.449 -1.645 -0.6302 -3.144	2.74 -6.494 -1.949 -1.865	0.6356 1.675 7.534 -4.334
9100	4.889 1.447 -0.9845 3.046	2.745 -1.557 -0.5608 -3.15	2.777 -6.706 -1.529 -2.088	0.6646 2.154 7.221 -4.263
9200	4.284 1.687 -0.6346 3.022	2.972 -1.485 -0.867 -3.132	2.733 -6.958 -1.267 -1.802	0.6725 2.214 7.357 -4.385
9300	4.452 1.67 -0.7481 3.26	2.797 -1.68 -1.099 -3.351	2.482 -6.906 -1.377 -1.839	0.8911 1.775 7.498 -4.355
9400	4.268 1.857 -0.668 2.974	2.606 -1.887 -0.7489 -2.996	2.351 -6.988 -1.371 -1.73	1.317 1.532 7.497 -4.222
9500	4.404 1.93 -0.5564 2.978	2.798 -1.922 -0.5555 -2.998	2.035 -7.112 -1.175 -1.615	0.8874 1.321 7.963 -4.26
9600	4.235 1.842 -0.5091 2.967	2.996 -1.856 -0.5853 -3.223	2.14 -6.947 -1.129 -1.722	0.8288 0.9435 8.095 -4.3
9700	4.31 1.578 -0.5746 2.672	2.916 -1.727 -0.7394 -3.135	2.066 -6.843 -0.8596 -1.996	0.671 0.9703 8.289 -4.234
9800	4.485 1.631 -0.4178 2.633	2.864 -1.709 -0.5385 -3.312	2.26 -6.67 -1.221 -1.93	0.6588 1.147 8.621 -4.554
9900	4.64 1.323 -0.3927 2.307	2.793 -2.039 -0.5295 -3.618	2.214 -6.376 -1.26 -2.124	0.7788 1.312 8.454 -4.728
10000	4.637 1.211 -0.1199 2.309	2.909 -1.919 -0.6205 -3.385	2.379 -6.409 -1.368 -2.002	0.7943 1.272 8.244 -4.981
10100	4.818 1.333 -0.1068 2.314	3.008 -1.605 -0.7848 -3.021	2.677 -5.748 -1.429 -1.963	0.8771 1.805 8.223 -4.953
10200	4.725 0.9498 -0.06976 2.329	2.686 -1.292 -0.7226 -2.976	2.943 -6.107 -1.449 -1.889	1.004 1.789 8.449 -4.923
10300	4.892 0.8121 0.003002 2.279	2.686 -1.727 -0.6848 -2.714	2.64 -6.377 -1.72 -1.46	1.427 2.018 8.359 -4.616
10400	5.089 0.6915 0.3082 2.627	2.95 -1.894 -0.9863 -3.205	2.606 -6.517 -1.785 -1.273	1.51 2.281 8.104 -4.736
10500	4.868 0.5237 0.5456 2.324	3.1 -1.926 -0.7673 -3.522	2.742 -6.292 -1.571 -1.472	1.222 1.855 7.991 -4.918
10600	5.041 0.4749 0.6126 2.105	3.144 -1.808 -1.027 -3.783	2.988 -6.842 -1.628 -1.206	0.9767 1.904 7.993 -4.421
10700	4.927 0.3149 1.007 2.125	3.045 -1.488 -0.923 -3.9	3.273 -7.085 -1.7 -1.386	0.8026 1.798 8.06 -4.393
10800	5.246 0.1317 1.027 2.146	2.695 -1.166 -0.8939 -3.887	3.053 -7.254 -1.526 -1.73	0.8723 1.735 7.903 -4.71
10900	5.185 0.1716 1.028 2.019	2.932 -1.283 -1.257 -3.856	3.227 -7.125 -1.672 -1.906	0.7086 1.87 8.121 -4.519
11000	5.085 -0.2254 0.9006 1.329	2.787 -1.428 -1.505 -3.605	3.044 -6.73 -1.634 -1.627	0.737 1.73 8.138 -4.525
11100	4.769 -0.6735 0.8297 1.529	2.703 -1.547 -1.828 -3.589	3.012 -6.581 -1.897 -1.867	0.6873 1.755 8.478 -4.326
11200	4.773 -0.6812 0.802 1.498	2.625 -1.688 -1.517 -3.486	2.995 -6.867 -1.97 -1.787	0.7282 1.902 8.353 -4.226
11300	4.637 -0.3377 0.8895 1.257	2.405 -1.363 -1.566 -3.585	3.035 -7.394 -1.984 -1.797	0.68 1.701 8.586 -4.352
11400	4.74 -0.02608 1.227 0.9878	2.043 -1.131 -1.538 -4.003	3.104 -7.423 -2.15 -1.822	0.7557 1.456 8.532 -4.253
11500	4.686 -0.4678 1.332 0.7735	1.877 -0.9903 -1.536 -3.908	3.325 -7.824 -2.317 -1.445	0.7002 1.855 8.607 -4.328
11600	4.714 -0.2759 1.29 0.7932	1.691 -0.8142 -1.997 -3.837	3.197 -7.595 -2.257 -1.219	0.8304 1.972 8.474 -4.517
11700	4.612 -0.5271 1.222 1.106	1.359 -0.7874 -2.015 -3.99	3.204 -7.161 -2.696 -0.7852	0.8877 2.297 8.411 -4.565
11800	4.818 -0.7491 1.422 0.9071	1.487 -1.058 -2.045 -4.069	3.393 -7.336 -2.784 -0.3857	0.8709 2.306 8.379 -4.839
11900	4.595 -0.8273 1.587 0.8726	1.687 -1.253 -1.869 -3.967	3.201 -7.334 -2.599 -0.3659	0.9631 2.528 8.324 -5.335
12000	4.843 -0.5593 1.677 0.8724	1.714 -1.06 -1.841 -4.163	3.433 -7.132 -2.717 -0.4872	0.9777 2.403 8.332 -5.276
12100	4.617 -0.69 1.888 0.5829	1.653 -1.204 -1.565 -4.329	3.354 -7.36 -2.645 -0.6765	1.214 2.915 8.433 -4.987
12200	4.752 -0.7481 2.246 0.4405	1.473 -0.7961 -1.554 -4.354	3.548 -7.466 -2.8 -0.6394	0.9339 3.261 8.728 -5.133
12300	4.594 -0.5998 2.292 0.4225	1.649 -0.8399 -1.83 -4.437	3.48 -7.327 -2.774 -0.8725	1.036 2.986 9.048 -4.986
12400	4.576 -0.7105 2.747 0.09274	2.027 -0.7811 -1.864 -4.47	3.469 -7.386 -2.401 -0.8019	1.204 3.087 9.028 -4.588
12500	4.239 -0.7163 2.681 0.7584	1.887 -0.9265 -2.025 -4.095	3.372 -7.338 -2.571 -0.8827	1.519 2.987 9.239 -4.579
12600	4.202 -0.585 2.474 0.9311	2.006 -0.8721 -1.251 -3.9	3.635 -7.63 -2.374 -0.7743	1.487 2.816 9.021 -4.518
12700	4.298 -0.4286 2.655 0.9234	1.912 -1.167 -1.661 -4.365	3.463 -7.418 -2.428 -1.049	2.053 3.173 9.144 -4.525
12800	4.332 -0.3742 2.719 0.8927	1.755 -0.783 -1.704 -4.746	3.438 -7.482 -2.325 -1.061	2.07 3.289 9.138 -4.732
12900	4.173 -0.08703 2.872 1.163	1.569 -0.7051 -1.824 -5.016	3.291 -7.186 -2.389 -1.339	2.089 3.358 8.921 -4.777
13000	4.051 -0.2005 3.146 1.117	1.667 -0.6122 -1.905 -5.178	3.378 -7.458 -2.226 -1.287	1.554 3.915 9.09 -4.821
13100	4.079 -0.2368 3.591 1.109	1.582 -0.641 -2.059 -5.45	3.242 -7.742 -2.495 -1.603	1.177 4.101 8.773 -4.99
13200	3.977 -0.5732 3.873 1.523	1.51 -0.7355 -1.903 -5.583	3.177 -7.556 -2.374 -1.539	1.074 4.154 8.35 -4.983
13300	4.015 -0.629 3.878 2.012	1.427 -0.9114 -1.542 -5.157	2.967 -7.531 -2.226 -2.025	1.049 4.416 7.787 -4.585
13400	3.685 -0.6107 3.847 1.725	1.581 -0.7909 -1.731 -4.831	2.834 -7.312 -2.139 -1.963	1.089 4.214 8.301 -4.315
13500	3.787 -0.5719 4.001 1.522	1.368 -0.7929 -1.317 -4.647	3.185 -7.268 -2.465 -2.213	1.468 4.322 8.571 -4.796
13600	3.98 -0.5476 4.049 1.294	1.299 -0.4779 -1.159 -4.734	3.16 -7.453 -2.301 -2.009	1.569 4.542 8.273 -4.632
13700	3.987 -0.6006 3.77 1.3	1.614 -0.7551 -1.341 -4.536	2.905 -7.446 -2.056 -1.947	1.442 4.464 7.592 -4.562
13800	4.202 -0.9944 3.693 1.64	1.243 -0.536 -1.428 -4.644	2.534 -7.613 -1.881 -2.077	1.471 4.212 7.486 -4.655
13900	4.167 -0.8418 3.856 1.398	1.196 -0.646 -1.707 -4.685	2.267 -7.658 -1.689 -2.276	1.419 4.084 7.51 -4.817
14000	4.329 -1.184 3.593 1.302	1.337 -0.7383 -2.167 -4.143	1.919 -7.398 -1.269 -2.479	1.647 3.835 7.368 -4.887
14100	4.651 -1.18 3.724 0.6816	1.421 -0.5352 -2.373 -4.26	2.037 -7.258 -1.188 -2.391	1.828 3.944 7.381 -5.08
14200	4.536 -1.276 3.772 0.4956	1.376 -0.5465 -2.484 -4.199	2.081 -7.245 -1.218 -2.203	1.86 4.222 7.831 -5.028
14300	4.496 -1.457 3.729 0.708	1.784 -0.6692 -2.811 -4.088	2.144 -7.307 -0.961 -2.29	1.746 4.055 7.839 -4.658
14400	4.355 -1.588 3.599 1.022	1.551 -0.3322 -3.154 -3.846	2.082 -7.529 -0.837 -2.395	2.134 4.068 7.82 -5.135
14500	4.568 -1.914 3.6 1.207	1.451 -0.3759 -3.308 -4.161	2.066 -7.407 -0.8755 -2.05	1.93 4.205 8.334 -5.727
14600	4.675 -1.69 3.447 1.108	1.398 -0.4136 -3.164 -4.391	2.195 -7.753 -0.8996 -1.947	1.896 4.157 8.38 -6.293
14700	4.674 -1.638 3.692 0.8004	1.547 -0.6401 -3.332 -3.893	1.795 -7.967 -0.8618 -1.629	1.552 4.198 8.343 -6.081
14800	5.015 -1.383 4.038 0.6614	1.663 -0.7009 -3.173 -3.91	1.663 -8.18 -0.776 -2.061	1.733 3.869 8.202 -5.924
14900	5.213 -1.094 3.857 1.208	1.393 -0.7448 -3.04 -4.08	1.441 -8.114 -0.8984 -2.254	1.762 4.335 8.379 -5.909
15000	5.075 -1.33 4.186 1.248	1.584 -0.909 -3.144 -4.485	1.164 -7.877 -0.553 -2.534	1.507 4.199 8.441 -5.963
15100	4.807 -1.385 4.11 1.468	1.593 -0.5435 -3.173 -4.374	1.264 -7.641 -0.2582 -2.479	1.377 4.249 8.476 -6.051
15200	5.064 -1.297 3.97 1.383	1.458 -1.015 -3.256 -4.704	1.352 -7.748 -0.5679 -2.489	1.286 4.444 8.518 -5.668
15300	5 -1.37 3.987 1.745	1.488 -1.061 -3.134 -4.544	1.209 -8.105 -0.7259 -2.428	1.634 4.283 8.632 -5.671
15400	4.834 -1.419 4.163 1.843	1.626 -0.9533 -3.051 -4.241	1.233 -8.026 -0.7173 -2.339	1.564 4.214 8.659 -6.045
15500	4.523 -1.425 4.275 1.834	1.547 -0.918 -3.132 -4.022	1.204 -7.692 -0.6377 -2.321	1.333 3.845 8.834 -6.006
15600	4.518 -1.406 4.611 2.272	1.607 -0.9062 -2.939 -4.509	1.186 -7.667 -0.5899 -2.759	1.38 4.346 8.65 -5.98
15700	4.717 -1.426 4.743 2.138	1.202 -0.9885 -2.898 -4.768	1.077 -7.531 -0.7634 -2.927	1.195 4.528 9.193 -6.202
15800	4.804 -1.463 4.613 1.874	1.04 -0.9952 -2.785 -4.742	0.7338 -7.45 -0.6731 -3.162	0.7901 4.309 9.245 -6.536
15900	4.858 -1.529 4.631 1.779	0.9364 -1.265 -2.571 -4.949	0.4522 -7.517 -0.8615 -3.189	0.9631 3.845 9.13 -6.216
16000	4.878 -1.648 4.553 1.694	0.8584 -1.058 -2.612 -5.066	0.4601 -7.373 -0.7448 -2.736	1.029 3.38 9.135 -6.054
16100	4.944 -1.758 4.583 1.732	0.8422 -1.243 -2.967 -4.711	0.3971 -7.293 -0.886 -2.827	0.7972 3.261 9.549 -5.98
16200	4.974 -1.973 4.505 1.979	1.046 -1.22 -3.28 -4.76	0.6809 -7.328 -0.7 -3.031	0.8339 2.973 9.622 -5.932
16300	5.078 -2.189 4.011 2.17	1.21 -1.052 -3.224 -4.692	0.7512 -7.769 -0.7136 -3.317	1.09 2.651 9.302 -6.096
16400	4.803 -1.869 4.103 2.1	1.318 -1.579 -3.05 -4.453	0.7803 -8.079 -1.016 -3.164	0.7768 2.755 9.35 -6.068
16500	5.064 -1.761 4.124 1.929	1.55 -1.457 -2.717 -4.186	0.6365 -8.127 -0.5949 -3.098	0.749 2.719 9.872 -5.643
16600	5.349 -1.794 4.179 2.146	1.71 -1.548 -2.648 -4.187	0.9613 -8.234 -0.7724 -2.944	1.177 3.03 9.411 -5.615
16700	4.971 -1.915 4.695 2.042	2.007 -1.496 -2.512 -4.267	1.092 -8.201 -0.6021 -3.152	0.999 3.04 9.316 -5.578
16800	5.041 -1.597 4.701 2.174	1.855 -1.457 -2.276 -4.582	1.091 -8.142 -0.7075 -3.272	0.7971 3.307 9.277 -5.698
16900	5.451 -1.664 4.641 2.246	1.932 -1.268 -1.936 -4.42	1.023 -8.047 -0.4169 -3.253	0.7381 3.012 9.189 -5.446
17000	5.61 -1.79 4.751 2.72	2.032 -1.273 -1.685 -4.17	1.347 -8.358 -0.5737 -3.205	0.8189 3.093 8.986 -5.621
17100	5.162 -1.79 4.592 2.695	1.669 -1.053 -1.903 -4.452	1.197 -8.313 -0.6622 -3.455	0.8561 2.727 8.9 -5.711
17200	5.246 -1.94 4.388 2.594	1.723 -0.8623 -1.773 -4.305	1.462 -8.639 -0.8631 -3.586	1.134 2.579 8.566 -5.71
17300	5.596 -1.727 4.543 3.089	1.927 -1.312 -1.593 -4.565	1.649 -8.642 -0.9412 -3.808	1.023 2.498 8.378 -5.863
17400	5.541 -2.177 4.54 3.505	1.872 -1.432 -1.472 -4.927	1.348 -8.682 -0.9352 -3.819	1.308 2.481 8.513 -6.046
17500	5.23 -2.396 4.302 3.698	2.202 -1.846 -1.459 -5.015	1.057 -8.667 -0.7231 -3.438	1.103 2.384 8.659 -5.887
17600	5.912 -2.226 4.515 3.907	2.36 -1.734 -1.735 -4.921	1.323 -8.656 -0.6293 -3.351	1.043 2.505 9.094 -5.743
17700	5.795 -2.215 4.193 3.434	2.177 -1.716 -1.539 -5.258	1.28 -8.618 -0.7313 -3.152	0.79 2.163 9.228 -5.682
17800	5.458 -1.895 4.913 3.408	2.263 -1.901 -1.702 -5.014	1.364 -8.573 -0.8527 -3.174	0.9638 2.264 8.712 -5.608
17900	5.409 -1.706 4.946 3.34	2.202 -1.719 -2.018 -5.142	1.194 -8.545 -0.6704 -2.842	1.208 2.827 8.648 -5.177
18000	5.822 -1.507 4.7 3.369	2.362 -1.798 -2.133 -4.831	0.7811 -8.698 -0.4089 -2.505	1.512 2.494 8.944 -5.395
18100	5.447 -1.615 4.814 3.206	2.534 -1.799 -2.367 -4.693	1.035 -9.141 -0.2763 -2.46	1.594 2.91 9.176 -5.549
18200	5.102 -1.561 4.571 3.011	2.422 -1.721 -2.039 -4.845	1.228 -9.17 -0.3614 -2.773	1.615 2.98 9.194 -5.612
18300	5.297 -1.136 4.489 2.998	2.221 -1.567 -2.227 -4.941	1.257 -9.903 -0.5685 -2.584	1.588 3.035 9.508 -5.735
18400	5.284 -1.387 4.761 3.252	2.421 -1.812 -2.508 -5.091	1.293 -9.4 -0.7427 -2.792	1.212 2.979 9.38 -5.789
18500	5.014 -0.7464 4.535 3.16	2.445 -1.909 -2.382 -5.36	1.501 -9.491 -0.9407 -2.665	1.269 2.997 9.572 -5.817
18600	5.116 -0.5594 4.431 2.746	2.083 -1.697 -2.796 -5.655	1.248 -9.5 -0.8957 -3.137	1.312 3.39 9.375 -5.92
18700	4.837 -0.4474 4.196 2.536	2.072 -1.485 -3.03 -5.509	1.618 -9.312 -1.016 -3.069	1.322 3.475 9.482 -6.303
18800	4.903 -0.2141 3.862 2.502	2.154 -1.318 -3.004 -5.541	2.027 -9.613 -1.22 -2.901	1.33 3.172 8.999 -6.522
18900	4.642 -0.1787 3.536 2.894	2.122 -1.19 -3.536 -5.407	1.876 -9.49 -0.9706 -2.979	0.8834 3 8.95 -6.619
19000	4.779 -0.01507 3.633 3.112	2.489 -1.651 -3.641 -5.089	1.648 -9.366 -0.7577 -2.903	0.6713 3.168 9.127 -6.676
19100	4.557 -0.1113 3.422 3.136	2.857 -2.05 -3.686 -5.38	1.507 -9.277 -0.6473 -2.844	0.6697 3.175 9.157 -6.673
19200	4.482 0.1246 3.219 2.792	3.2 -2.391 -3.564 -5.392	1.596 -9.418 -0.8287 -2.991	0.7113 3.263 8.92 -6.515
19300	4.411 0.2378 2.944 2.707	3.322 -2.265 -3.715 -5.178	1.973 -9.288 -0.7779 -2.762	0.5849 3.243 9.377 -6.539
19400	4.531 0.117 3.008 2.099	3.437 -2.591 -3.773 -5.26	1.792 -9.408 -1.036 -2.785	0.3448 3.503 9.095 -6.645
19500	4.468 -0.1452 3.22 1.625	3.647 -2.834 -3.402 -5.058	2.267 -9.177 -1.237 -2.373	0.5698 3.819 9.22 -6.322
19600	4.545 -0.6153 3.111 1.854	3.708 -2.88 -3.249 -4.903	2.173 -8.948 -1.388 -1.905	0.6233 3.539 9.376 -6.681
19700	4.431 -0.6743 3.276 1.89	3.612 -2.959 -2.897 -4.949	2.376 -9.003 -1.743 -1.936	0.6293 3.561 9.449 -6.815
19800	4.41 -0.7504 3.295 2.199	3.71 -2.951 -3.12 -4.818	2.472 -8.774 -1.601 -1.72	0.198 3.575 9.697 -6.566
19900	4.194 -0.9768 3.616 1.983	3.99 -2.999 -3.261 -4.903	2.6 -9.012 -1.631 -1.604	0.5461 3.608 9.62 -6.604
20000	4.014 -0.8283 3.869 1.919	3.864 -2.964 -3.171 -4.92	2.299 -9.378 -1.455 -1.501	0.5132 3.747 9.723 -6.763
20100	4.277 -1.164 3.377 1.806	4.019 -3.041 -3.067 -5.036	2.52 -9.189 -1.558 -1.483	0.5069 3.815 9.845 -6.711
20200	4.605 -0.9538 3.259 1.846	4.165 -3.178 -3.08 -5.182	2.634 -8.727 -1.679 -1.036	0.5681 3.842 10.04 -6.731
20300	4.272 -1.201 3.047 1.819	3.808 -3.055 -2.801 -5.36	2.682 -8.748 -1.976 -1.176	0.6506 4.104 10.11 -6.792
20400	4.824 -1.553 3.484 2.11	3.613 -2.67 -3.011 -5.15	3.212 -8.686 -2.116 -0.7894	0.5806 4.282 10.05 -6.655
20500	4.948 -1.662 3.631 2.413	3.965 -2.745 -3.06 -5.313	3.444 -8.745 -2.126 -0.4894	0.6204 4.095 9.891 -6.657
20600	4.627 -1.303 3.509 2.375	3.808 -2.619 -3.252 -5.936	3.255 -8.814 -2.026 -0.5913	0.7097 4.358 9.873 -6.728
20700	4.645 -1.587 4.056 2.417	3.808 -2.441 -3.066 -5.599	3.435 -8.632 -2.004 -0.1971	1.33 4.576 10.18 -6.898
20800	4.732 -1.362 3.937 2.343	4.211 -2.597 -2.711 -5.684	3.523 -8.758 -1.873 0.09346	1.781 4.094 10.37 -6.986
20900	4.599 -1.367 3.452 2.809	4.134 -2.551 -2.718 -5.663	3.633 -8.773 -2.019 0.04579	1.831 4.395 9.941 -7.274
21000	5.06 -1.51 3.385 3.009	4.296 -2.527 -2.544 -5.47	3.331 -8.259 -1.673 -0.138	1.545 4.592 9.762 -7.29
21100	5.802 -1.719 3.234 2.956	3.97 -2.672 -2.706 -5.258	3.109 -8.393 -1.789 -0.2379	1.744 4.412 9.948 -7.531
21200	5.086 -1.94 3.29 3.278	3.929 -2.37 -2.085 -4.824	3.261 -8.587 -1.918 0.02709	1.603 4.609 9.253 -7.645
21300	5.155 -2.042 3.498 3.412	4.048 -2.823 -2.192 -4.862	3.24 -8.781 -2.071 0.001196	1.82 4.671 9.092 -7.811
21400	4.93 -1.849 3.106 3.742	4.323 -2.909 -2.104 -4.455	3.35 -8.497 -1.929 -0.03141	1.722 4.65 9.249 -8.024
21500	5.019 -1.741 3.153 4.512	4.245 -2.983 -2.322 -4.555	3.295 -8.231 -1.957 -0.1141	1.926 4.763 9.602 -8.441
21600	4.982 -1.543 3.017 4.26	4.315 -2.773 -2.566 -3.919	3.125 -8.301 -1.753 -0.1789	1.848 4.747 9.397 -8.436
21700	5.164 -1.437 3.284 4.053	4.191 -2.569 -2.915 -3.853	3.081 -8.282 -1.63 -0.3226	2.027 4.532 9.573 -8.479
21800	5.341 -1.87 3.206 4.191	4.032 -2.245 -3.242 -3.98	3.201 -8.227 -1.427 -0.6199	2.002 4.684 9.791 -8.634
21900	5.63 -1.695 2.819 4.098	3.602 -1.969 -3.173 -3.683	2.865 -8.667 -1.29 -0.272	1.7 4.966 9.537 -8.746
22000	5.732 -1.087 2.588 4.217	3.556 -2.085 -3.31 -3.979	2.734 -9.072 -1.314 -0.3608	1.467 4.997 9.222 -8.74
22100	6.02 -0.9856 2.435 4.665	3.458 -2.228 -3.491 -3.897	2.96 -9.146 -1.731 -0.6105	1.658 4.66 8.744 -8.884
22200	5.779 -0.9357 2.234 4.766	3.188 -2.268 -3.36 -4.013	2.863 -9.16 -1.99 -0.6644	1.594 4.832 9.139 -8.841
22300	5.822 -1.111 2.479 4.748	3.124 -2.36 -3.209 -4.507	3.04 -9.598 -2.141 -0.3614	1.754 5.02 9.214 -8.776
22400	5.569 -1.036 2.79 4.439	3.426 -2.245 -3.157 -4.644	3.391 -9.83 -2.229 -0.4374	1.653 4.832 9.293 -8.634
22500	5.742 -1.115 3.11 4.67	3.719 -2.28 -3.407 -4.76	3.597 -10.07 -1.982 -0.4338	1.471 5.112 9.276 -8.833
22600	5.787 -1.357 2.955 4.746	4.044 -2.525 -3.446 -4.86	3.463 -10.21 -1.975 -0.4631	1.622 5.077 9.146 -8.686
22700	5.857 -1.094 2.954 4.599	3.786 -2.405 -3.482 -4.59	3.416 -9.92 -2.071 -0.1512	1.186 5.356 9.102 -8.583
22800	5.932 -1.134 3.186 4.894	3.807 -2.25 -3.623 -4.81	3.567 -10.2 -1.957 0.2576	1.205 5.722 9.548 -8.544
22900	5.588 -1.749 2.989 4.962	3.714 -2.453 -3.825 -4.715	3.458 -10.38 -2.029 0.2136	1.25 5.828 9.717 -8.854
23000	5.441 -1.304 3.074 5.23	3.143 -2.309 -3.6 -4.715	3.262 -10.27 -2.397 0.06653	0.9333 5.735 9.859 -8.689
23100	5.484 -1.396 2.986 5.277	3.436 -2.368 -3.748 -4.694	3.434 -10.38 -2.375 0.1018	1.241 5.504 10.33 -8.651
23200	5.707 -1.267 3.112 5.034	3.417 -2.281 -3.739 -4.608	3.269 -10.35 -2.224 -0.06455	1.213 5.301 10.08 -8.461
23300	5.623 -1.427 3.136 5.458	3.52 -2.386 -3.125 -4.422	3.183 -10.46 -2.022 0.02283	1.194 5.866 10.19 -8.418
23400	5.712 -1.308 3.216 5.627	3.563 -2.477 -3.336 -4.388	3.29 -10.24 -2.405 -0.2308	1.209 5.783 9.806 -8.485
23500	5.704 -1.227 3.185 5.699	3.598 -2.905 -3.34 -4.652	2.907 -10.81 -2.433 -0.0004995	1.172 5.75 9.866 -8.13
23600	5.818 -1.249 2.758 6.037	3.501 -2.685 -2.979 -4.928	2.752 -10.89 -1.931 -0.2453	1.375 6.138 9.43 -8.422
23700	5.667 -0.773 2.878 5.672	3.747 -2.679 -3.151 -5.181	2.65 -11.13 -1.523 -0.1692	1.717 5.87 9.511 -8.505
23800	5.649 -1.047 2.992 5.487	3.543 -2.189 -3.066 -5.711	2.549 -11.02 -1.153 0.1843	1.941 6.23 9.785 -8.909
23900	5.509 -1.137 2.757 5.647	3.183 -2.367 -3.143 -5.776	2.343 -10.67 -1.364 -0.2167	2.107 6.438 9.538 -8.917
24000	5.801 -1.128 3.323 5.706	3.205 -2.35 -3.309 -5.67	2.399 -10.53 -1.447 -0.07214	1.981 6.704 9.524 -9.038
24100	5.768 -1.172 2.591 5.578	3.137 -2.36 -3.59 -5.358	2.146 -10.64 -1.367 0.074	1.802 6.943 9.535 -8.889
24200	5.814 -1.129 2.842 5.247	3.259 -2.151 -3.506 -5.562	2.257 -11.02 -1.086 -0.1709	2.466 6.918 9.697 -9.133
24300	6.171 -1.33 2.762 5.153	2.888 -1.968 -3.589 -5.547	1.986 -10.54 -0.937 -0.2562	2.313 7.059 9.879 -8.866
24400	6.588 -1.202 2.645 5.332	3.299 -2.52 -3.195 -5.797	1.764 -10.74 -1.062 -0.07785	2.219 6.904 10.21 -9.04
24500	6.889 -1.062 2.649 5.583	3.143 -2.407 -3.394 -5.895	1.885 -10.11 -1.25 -0.1764	2.345 6.924 10.57 -9.258
24600	6.977 -0.9553 2.587 5.81	3.05 -2.424 -4.009 -6.172	1.677 -10.43 -1.18 0.1226	2.45 7.171 10.41 -9.29
24700	7.001 -0.5267 2.797 5.789	3.01 -2.602 -4.029 -6.817	1.832 -10.15 -1.254 -0.03927	2.356 7.121 10.22 -9.522
24800	6.951 -0.5173 3.004 5.767	3.482 -2.488 -4.202 -6.752	1.719 -10.73 -0.8749 -0.1592	2.309 7.377 10.25 -9.663
24900	6.894 -0.5186 2.585 5.614	3.452 -2.359 -4.196 -6.698	2.136 -10.65 -0.8546 -0.1165	2.71 7.574 10.11 -9.993
25000	6.6 -0.3721 2.425 5.988	2.952 -1.991 -4.029 -6.911	2.038 -10.43 -0.9549 -0.2741	2.806 7.336 10.17 -10.21
25100	6.721 -0.5814 2.271 6.007	2.694 -1.921 -3.614 -7.063	1.984 -10.63 -1.405 -0.00237	2.606 7.597 10.09 -10.58
25200	6.839 -0.4035 2.081 6.163	2.969 -2.178 -3.25 -7.287	2.065 -10.8 -1.352 0.4496	2.925 7.514 9.808 -10.69
25300	6.774 -0.6491 2.051 6.574	2.734 -1.977 -3.623 -7.039	2.415 -10.44 -1.755 0.8136	2.458 7.92 9.54 -10.44
25400	6.516 -0.6967 2.349 6.651	2.4 -1.62 -3.737 -7.161	2.441 -10.78 -1.449 0.2559	2.295 8.134 9.655 -10.47
25500	6.826 -0.4431 2.696 6.712	2.811 -1.869 -3.519 -7.483	2.415 -10.26 -1.558 0.697	2.198 8.033 9.606 -10.4
25600	6.497 -0.5168 3.022 6.774	2.481 -1.973 -3.663 -7.801	2.413 -9.722 -1.948 0.863	2.198 7.83 9.636 -10.12
25700	6.535 -0.4333 3.169 6.724	2.633 -1.627 -3.707 -8.026	2.5 -9.632 -1.6 0.7307	2.293 7.988 9.587 -9.823
25800	6.77 -0.287 3.592 6.681	2.797 -1.628 -4.015 -7.892	2.7 -9.555 -1.528 0.4821	2.662 8.162 9.437 -9.946
25900	6.558 -0.2405 3.096 6.352	2.795 -1.375 -3.765 -8.117	2.993 -9.926 -1.321 0.1878	2.759 7.83 9.473 -10.14
26000	6.692 -0.2058 3.121 6.643	2.63 -0.8471 -3.559 -8.018	3.289 -9.902 -1.369 0.1952	3.054 8.04 9.78 -9.945
26100	6.705 -0.04828 3.202 7.053	2.413 -0.8978 -3.315 -8.234	3.35 -9.988 -1.919 -0.07417	2.894 7.923 10.13 -9.804
26200	6.941 -0.3968 3.388 7.247	2.574 -0.9493 -3.473 -8.191	3.116 -9.9 -1.534 -0.1777	2.835 8.46 10.69 -9.506
26300	7.09 -0.1172 3.185 7.262	2.558 -0.8273 -3.418 -8.282	3.37 -10.02 -1.605 -0.5355	2.962 8.072 10.76 -9.705
26400	6.744 -0.184 3.279 7.161	2.861 -0.488 -2.9 -8.177	3.657 -10.01 -1.063 -0.8393	2.392 7.893 10.57 -9.378
26500	6.674 -0.111 3.074 7.176	2.919 -0.7209 -3.145 -8.312	3.572 -9.937 -1.437 -0.9536	2.376 8.093 10.71 -9.221
26600	6.977 0.03785 3.008 7.148	3.036 -0.7334 -3.302 -8.215	3.697 -9.612 -1.458 -1.099	2.494 8.135 10.65 -9.499
26700	6.807 0.06526 3.119 7.417	3.393 -0.8923 -3.475 -8.1	3.87 -9.838 -1.475 -0.9671	2.217 7.969 10.4 -9.101
26800	6.933 -0.1296 3.056 7.555	3.207 -1.012 -3.774 -8.174	3.242 -9.895 -1.261 -0.622	2.605 7.801 10.24 -9.057
26900	6.944 -0.1603 3.185 7.585	3.189 -1.374 -3.809 -8.301	3.058 -9.718 -1.253 -0.007433	2.614 7.712 10.47 -9.152
27000	6.657 -0.3803 3.137 7.581	3.334 -1.479 -3.863 -8.499	3.163 -9.63 -1.141 -0.2613	2.956 7.74 10.29 -9.588
27100	6.464 -0.58 3.443 7.679	3.413 -1.642 -4.421 -8.547	2.938 -9.799 -1.073 -0.2802	2.749 7.792 10.19 -9.836
27200	6.109 -0.6664 3.455 7.626	3.614 -1.544 -4.698 -8.644	3.268 -10.32 -1.179 -0.5689	2.566 8.009 10.22 -9.68
27300	6.068 -0.7113 3.379 7.579	3.252 -1.482 -4.521 -8.666	3.036 -10.25 -1.164 -0.5688	2.652 7.999 9.894 -9.774
27400	6.277 -0.298 3.171 7.6	3.234 -1.469 -4.309 -8.142	2.804 -10.46 -1.15 -0.8926	2.715 7.633 9.624 -10.04
27500	6.605 0.01008 2.751 7.729	3.566 -1.451 -4.261 -8.645	3.14 -10.76 -1.265 -0.9857	2.854 7.354 9.611 -9.983
27600	6.917 -0.02583 2.747 7.798	3.422 -1.481 -4.08 -8.597	3.248 -11.07 -1.231 -0.9014	2.869 7.133 9.907 -9.887
27700	7.085 -0.1442 2.323 8.11	3.262 -1.587 -3.733 -8.894	3.307 -11.22 -1.64 -0.7445	2.947 6.901 9.897 -10.09
27800	7.174 -0.457 2.533 7.934	3.24 -1.397 -3.733 -8.567	3.306 -10.88 -1.598 -0.8982	2.988 6.556 10.12 -10.37
27900	7.095 -0.6931 2.623 7.635	3.241 -1.366 -3.649 -8.682	3.563 -10.63 -1.568 -0.7178	2.988 7.031 9.988 -10.22
28000	6.77 -0.6103 2.617 7.338	3.534 -1.345 -3.526 -8.835	3.557 -10.53 -1.31 -0.9579	2.597 7.107 10.05 -10.15
28100	6.536 -1.022 2.835 7.73	3.652 -1.116 -3.468 -8.695	3.698 -10.47 -1.176 -0.9394	2.626 7.162 9.896 -10.49
28200	6.766 -0.9675 2.594 7.715	3.598 -1.209 -3.542 -8.655	3.677 -10.72 -1.171 -1.216	2.585 7.425 9.747 -10.69
28300	6.544 -1.001 2.453 7.682	3.426 -1.243 -3.53 -8.713	3.68 -10.66 -1.17 -1.124	2.54 7.834 9.87 -10.57
28400	6.312 -1.08 2.914 7.542	3.583 -1.254 -3.365 -8.654	3.693 -10.78 -1.148 -1.129	3.084 7.792 9.449 -10.69
28500	6.432 -1.102 3.142 8.053	3.466 -1.391 -3.141 -8.025	3.482 -10.88 -1.411 -1.217	3.339 7.931 9.622 -10.85
28600	6.38 -1.262 2.887 8.11	3.418 -1.418 -3.081 -8.344	3.367 -11.05 -1.359 -1.48	3.337 8.129 9.595 -10.64
28700	6.335 -1.129 2.796 8.085	3.217 -1.293 -3.306 -8.747	3.23 -10.8 -1.237 -1.422	3.841 8.459 9.769 -10.52
28800	6.238 -0.9159 2.87 7.929	3.668 -1.789 -3.168 -8.755	3.118 -10.97 -1.113 -1.53	4.301 8.287 9.612 -10.6
28900	6.367 -1.054 2.877 7.802	3.457 -1.693 -2.758 -8.764	3.065 -10.99 -1.21 -1.21	4.338 8.168 9.745 -10.19
29000	6.122 -1.283 3.03 7.667	3.454 -1.374 -2.719 -9.023	3.188 -10.46 -1.166 -1.291	4.711 8.251 9.994 -10.29
29100	6.069 -1.045 2.671 7.901	3.407 -1.348 -2.886 -8.766	3.16 -10.37 -1.163 -1.386	4.635 8.708 10.08 -10.29
29200	6.258 -1.125 2.917 7.798	3.368 -1.227 -2.853 -8.6	3.388 -10.85 -1.142 -1.273	4.39 9.159 10.21 -9.993
29300	6.221 -1.592 2.338 7.803	2.739 -1.173 -2.81 -8.642	3.158 -11.12 -1.283 -1.179	4.451 9.605 10.21 -10.13
29400	6.148 -1.484 2.803 7.558	2.541 -0.8697 -2.659 -8.347	3.136 -10.82 -1.368 -1.327	4.67 9.406 10.15 -9.706
29500	6.05 -1.614 2.585 7.182	2.719 -0.8406 -2.666 -7.958	3.173 -10.61 -1.331 -1.39	5.121 9.274 10.1 -9.931
29600	5.91 -1.525 2.517 7.373	2.28 -0.5184 -2.693 -8.017	3.119 -10.28 -1.525 -1.161	4.721 9.318 10.35 -9.873
29700	5.969 -1.543 2.67 7.492	2.511 -0.6003 -2.617 -7.88	3.144 -10.07 -1.23 -1.01	4.641 9.299 10.67 -9.969
29800	6.286 -1.807 2.579 7.183	2.362 -0.6216 -2.91 -7.873	3.188 -9.878 -1.311 -1.048	4.244 9.433 10.79 -9.92
29900	6.398 -1.828 2.322 7.386	2.146 -0.5057 -3.114 -8.101	2.695 -10.18 -1.233 -0.7837	4.422 9.146 10.57 -10.24
30000	6.421 -1.941 2.689 7.191	2.083 -0.5564 -2.899 -8.481	2.722 -9.957 -1.252 -1.076	4.377 9.199 10.26 -9.808
30100	6.492 -1.984 2.918 7.313	2.212 -0.4221 -2.839 -8.459	2.856 -9.584 -1.318 -1.06	4.178 9.219 10.21 -9.985
30200	6.805 -2.101 2.92 7.377	2.151 -0.5022 -2.963 -8.804	2.525 -9.236 -0.8106 -1.009	4.481 9.039 10.11 -10.07
30300	6.65 -1.918 3.207 7.29	2.171 -0.529 -3.009 -8.394	2.213 -9.373 -0.5877 -1.111	4.649 8.635 9.798 -10.18
30400	7.156 -1.727 3.012 7.189	2.08 -0.6762 -2.771 -8.465	2.226 -9.257 -0.8124 -1.455	4.266 8.195 10.27 -10.41
30500	7.15 -1.831 3.053 7.212	2.334 -0.3435 -3.12 -8.507	2.392 -8.843 -0.4641 -1.519	3.908 8.215 10.57 -10.21
30600	7.765 -1.588 3.1 7.459	2.376 -0.2265 -2.839 -8.465	2.365 -8.942 -0.3141 -1.464	3.754 8.021 10.75 -10.3
30700	7.769 -1.534 3.374 7.282	1.922 -0.2252 -2.868 -8.348	2.033 -8.893 -0.3732 -1.146	3.601 8.273 10.82 -10.07
30800	7.846 -1.466 3.189 7.055	2.163 -0.2283 -2.29 -8.46	2.043 -8.752 -0.2217 -1.133	3.557 7.815 10.71 -9.76
30900	7.904 -1.518 3.281 6.831	2.122 -0.1599 -2.28 -8.554	1.942 -8.682 -0.08491 -1.256	3.544 7.84 10.82 -9.786
31000	7.934 -1.724 3.073 6.568	1.854 -0.4296 -2.221 -8.499	1.902 -8.916 -0.06015 -1.105	3.445 8.099 10.69 -10.3
31100	8.031 -2.086 2.972 6.497	1.888 -0.3677 -1.717 -8.294	1.494 -8.669 -0.2418 -1.126	3.341 8.063 10.18 -10.52
31200	8.344 -2.212 3.169 6.315	1.805 -0.32 -2.018 -7.978	1.4 -8.88 0.003076 -0.8073	3.302 8.327 10.02 -10.44
31300	8.176 -2.177 2.964 6.238	2.037 -0.2968 -2.179 -7.679	1.672 -9.1 0.1121 -0.9659	3.344 8.425 10.04 -10.42
31400	8.146 -2.117 2.992 5.966	1.973 -0.37 -2.299 -7.775	1.605 -9.283 -0.0005807 -0.8242	3.171 8.159 10.06 -10.54
31500	8.27 -2.086 2.967 5.811	2.032 -0.5472 -2.346 -7.717	1.487 -9.596 0.04158 -1.097	3.392 7.766 10.14 -10.66
31600	8.109 -2.042 3.14 6.184	1.977 -0.8288 -1.899 -8.234	1.42 -9.488 -0.2695 -0.7792	3.388 8.012 9.939 -10.56
31700	8.082 -2.587 3.369 5.967	2.06 -0.7157 -2.009 -8.387	1.616 -9.715 -0.4392 -0.5738	3.221 8.332 9.944 -10.41
31800	7.866 -2.589 3.145 5.443	2.089 -0.6624 -2.398 -8.224	1.71 -9.854 -0.4279 -0.5677	3.045 8.22 10.31 -10.05
31900	7.856 -2.092 3.308 5.505	2.07 -0.6172 -2.674 -7.983	1.62 -9.895 -0.2993 0.05069	2.879 8.482 10.26 -10.1
32000	8.208 -2.511 3.108 5.741	1.975 -0.3839 -2.52 -7.987	1.352 -10.05 0.3307 -0.0455	3.151 7.88 10.28 -10.27
32100	8.407 -2.628 3.096 6.132	2.26 -0.4312 -2.732 -7.506	1.471 -10.2 0.3219 -0.3537	3.329 8.293 10.26 -10.71
32200	8.429 -2.262 3.099 6.594	2.414 -0.6454 -3.102 -7.119	1.255 -9.81 0.4919 -0.2649	3.607 8.151 10.25 -10.73
32300	8.786 -2.293 3.077 6.517	2.078 -0.3825 -3.48 -7.085	1.247 -9.797 0.5666 0.1637	3.855 8.174 10.78 -10.57
32400	8.527 -2.492 3.038 6.254	2.459 -0.5856 -3.387 -6.994	1.219 -9.721 0.6317 0.05277	3.964 7.66 11.14 -10.72
32500	8.561 -2.262 3.301 6.029	2.179 -0.6537 -3.29 -7.238	1.241 -9.78 0.2012 -0.0833	4.303 8.039 11.33 -10.91
32600	8.596 -2.287 3.526 6.443	2.265 -0.7448 -3.324 -7.027	1.384 -9.972 0.1971 -0.2654	4.649 7.76 11.59 -11.17
32700	8.467 -2.575 3.601 6.45	2.721 -1.093 -3.514 -7.324	1.3 -10.18 0.1871 -0.3946	4.557 8.11 11.3 -10.63
32800	8.175 -2.369 3.617 6.414	2.606 -0.9315 -3.797 -7.117	1.556 -10.39 0.2081 -0.4677	4.287 8.109 11.17 -10.35
32900	7.819 -2.176 3.64 6.514	2.44 -0.4275 -3.941 -7.377	1.917 -10.27 0.0399 -0.4959	4.212 8.149 10.71 -10.08
33000	8.002 -2.374 3.441 6.741	2.478 -0.1578 -4.099 -7.182	2.253 -10.02 0.07917 -0.3203	3.942 8.051 10.71 -10.16
33100	8.083 -2.684 3.119 7.074	2.505 -0.1097 -4.416 -6.927	2.101 -10.11 0.4317 -0.486	4.166 7.948 10.49 -10.38
33200	8.304 -2.504 3.034 6.919	2.592 -0.06545 -4.094 -6.914	1.998 -10.21 0.5305 -0.6082	3.849 8.046 10.59 -10.12
33300	8.335 -2.284 2.753 7.034	2.347 -0.1357 -4.162 -6.967	1.653 -9.919 0.5433 -0.2551	3.657 7.917 10.83 -10.02
33400	8.639 -2.335 2.806 6.749	2.018 0.1874 -4.149 -7.084	1.559 -10.06 0.5422 -0.4423	3.472 8.266 10.9 -9.825
33500	8.439 -2.108 3.192 6.375	1.894 0.3645 -4.183 -7.112	1.536 -9.842 0.7382 -0.9947	3.453 8.002 10.54 -10.08
33600	8.466 -1.768 2.973 6.458	1.959 0.7001 -4.311 -6.888	1.618 -9.84 1.121 -0.9169	3.665 7.833 10.32 -9.811
33700	8.155 -1.972 2.853 6.297	2.034 0.6421 -4.008 -6.57	1.538 -9.607 1.011 -0.8554	3.48 7.813 10.82 -9.57
33800	8.133 -2.273 2.999 6.366	1.639 0.5287 -3.794 -6.747	1.073 -9.769 1.029 -0.8683	3.511 7.242 10.89 -9.543
33900	7.968 -2.059 3.313 6.045	1.805 0.4144 -3.889 -6.647	1.181 -9.795 0.8929 -0.6487	3.591 6.975 10.61 -9.288
34000	7.877 -1.762 3.217 5.87	1.642 0.4494 -3.761 -6.977	1.17 -9.814 0.8877 -0.3009	3.817 7.008 10.44 -8.956
34100	7.471 -1.757 3.011 6.015	2.2 0.268 -3.989 -6.458	1.314 -9.157 0.9995 -0.4017	4.178 7.382 10.19 -9.174
34200	7.267 -1.7 3.054 6.467	2.388 0.6216 -4.474 -5.907	1.758 -8.968 1.2 -0.4769	4.404 8.012 10.06 -9.32
34300	7.647 -2.161 3.521 6.356	2.707 0.6572 -3.886 -5.849	1.738 -9.231 1.418 -0.6217	4.537 8.469 10.63 -9.307
34400	7.419 -2.447 3.362 5.845	2.602 0.6472 -4.205 -5.894	1.394 -9.368 1.646 -0.7844	4.534 8.474 10.23 -9.011
34500	7.083 -2.404 3.384 5.998	2.704 0.6704 -3.914 -5.982	1.52 -9.611 1.827 -0.9825	4.704 8.69 10.27 -8.996
34600	7.178 -2.378 3.344 6.156	2.335 0.5891 -4.255 -5.881	1.7 -9.636 1.453 -0.963	4.608 8.646 9.94 -8.443
34700	6.992 -3.073 3.517 6.145	2.591 0.7079 -4.235 -6.027	1.966 -9.432 1.236 -0.9083	4.346 8.686 10.01 -8.209
34800	7.122 -2.862 3.394 5.76	2.21 0.6805 -3.942 -5.732	2.095 -9.359 0.88 -0.6099	4.3 8.923 9.748 -8.338
34900	7.494 -2.712 3.551 5.883	2.327 0.3118 -3.987 -5.891	2.237 -9.828 0.4023 -0.8114	4.351 8.644 9.568 -8.192
35000	7.398 -2.938 3.412 5.877	2.478 0.3619 -3.878 -5.765	2.313 -10.09 0.818 -0.4832	4.373 8.531 9.687 -7.789
35100	7.421 -2.963 3.468 6.115	2.66 0.7195 -3.672 -5.954	2.096 -10.3 1.274 -0.3692	4.437 8.674 9.722 -7.768
35200	7.515 -3.04 3.496 6.08	2.545 0.7694 -3.573 -5.418	2.098 -10.32 1.332 -0.3249	4.684 8.64 9.793 -7.731
35300	7.09 -2.563 3.716 6.209	2.598 0.8932 -3.865 -5.476	2.27 -9.998 1.262 -0.4007	5.068 8.444 9.687 -7.706
35400	7.321 -2.763 4.109 5.95	2.614 0.6207 -4.159 -5.269	2.273 -10.06 0.9411 -0.3962	4.697 8.565 10.13 -7.338
35500	7.285 -2.838 4.465 5.86	2.66 0.3222 -4.189 -5.249	1.952 -10.13 0.9758 -0.02801	4.234 8.263 10.48 -7.445
35600	7.354 -2.815 4.225 5.871	2.619 0.2234 -4.31 -5.46	1.892 -10.12 0.9021 -0.4191	4.144 8.046 10.34 -7.405
35700	7.349 -2.744 4.522 5.836	2.199 0.3925 -4.235 -5.808	1.873 -10.13 0.6404 -0.1097	3.694 7.858 10.1 -7.404
35800	7.591 -2.722 4.215 6.371	2.34 0.4633 -4.412 -5.745	2.018 -10.53 0.5364 -0.08599	3.879 8.221 10.19 -7.482
35900	7.64 -2.397 4.662 6.57	2.305 0.055 -4.87 -5.463	2.231 -10.54 0.1415 -0.3451	3.723 8.279 10.17 -7.196
36000	7.469 -2.531 4.845 6.358	1.801 0.0791 -4.856 -5.819	1.865 -10.57 0.1361 -0.2859	3.645 7.875 10 -6.987
36100	7.093 -2.357 4.793 6.681	1.933 0.4416 -4.671 -5.686	2.199 -10.23 0.09383 -0.2944	3.182 8.415 10.22 -6.924
36200	6.945 -2.093 4.792 6.652	1.982 0.1902 -4.526 -5.634	2.311 -10.23 -0.01864 -0.1671	3.28 8.474 10.31 -7.222
36300	6.786 -2.183 4.858 6.788	1.812 0.5931 -4.312 -5.969	2.44 -10.27 -0.2748 -0.08352	3.431 8.625 10.23 -6.845
36400	6.856 -2.359 4.877 6.798	1.784 0.5342 -4.08 -5.729	3.12 -10.28 -0.552 -0.05806	3.437 8.488 10.3 -6.879
36500	6.923 -2.124 4.5 6.738	1.776 0.6935 -4.221 -5.761	3.005 -10.65 -0.4708 -0.1745	3.309 8.689 9.913 -6.887
36600	7.05 -2.343 4.545 6.778	1.629 0.8335 -4.214 -5.635	2.59 -10.59 -0.21 -0.3813	3.249 8.757 9.612 -7.037
36700	6.994 -2.715 4.268 6.695	2.116 0.6848 -4.131 -5.55	2.784 -10.85 -0.01997 -0.2693	3.128 8.822 9.672 -7.157
36800	7.172 -3.131 4.418 6.24	1.691 0.9165 -4.075 -5.448	2.732 -10.53 -0.1508 0.05849	3.388 9.023 9.469 -7.4
36900	6.935 -3.204 4.213 6.287	1.825 0.9063 -4.158 -5.658	2.87 -10.45 -0.09315 0.3606	3.225 9.036 9.133 -7.266
37000	6.681 -3.085 3.977 6.376	1.908 0.8723 -4.022 -5.524	3.014 -10.16 -0.189 0.2516	3.103 9.12 8.922 -7.182
37100	6.838 -2.741 4.2 6.442	1.897 0.7759 -3.726 -5.622	2.913 -10.26 -0.1096 0.4341	3.191 9.402 8.726 -7.228
37200	7.09 -2.608 4.177 6.408	1.991 0.697 -3.718 -5.687	2.944 -10.48 -0.3651 1.004	3.429 9.243 8.713 -7.42
37300	7.633 -2.742 3.896 6.305	1.708 0.8539 -3.638 -5.674	3.059 -10.57 -0.5469 1.133	3.475 8.791 9.271 -7.448
37400	7.702 -2.736 3.758 6.514	1.735 1.099 -3.319 -5.624	3.485 -10.57 -0.7217 1.226	3.516 9.006 9.463 -7.828
37500	7.842 -2.629 3.543 6.289	1.534 1.165 -3.207 -5.389	3.502 -10.43 -0.7572 1.281	3.636 8.638 9.644 -8.356
37600	7.916 -2.382 3.761 6.409	1.265 1.234 -3.573 -5.36	3.103 -10.41 -0.5673 1.56	3.702 8.593 9.157 -8.757
37700	8.14 -1.943 4.05 6.427	1.269 1.085 -3.553 -5.245	3.143 -10.76 -0.7355 1.969	4.005 8.284 8.726 -8.743
37800	8.395 -1.729 4.119 6.255	1.435 1.116 -3.673 -5.221	3.32 -11.09 -0.8549 1.959	3.996 7.987 8.43 -9.101
37900	8.464 -2.003 4.14 6.48	1.52 1.178 -4.444 -5.195	3.329 -11.32 -0.6858 2.35	4.187 7.904 8.224 -8.787
38000	8.787 -2.078 4.234 6.379	1.91 1.389 -4.434 -4.977	3.456 -11.41 -0.3745 2.121	4.2 7.647 8.207 -8.52
38100	8.961 -2.081 4.561 6.582	2.176 1.282 -3.803 -5.183	3.241 -11.26 0.02106 1.944	4.104 7.902 7.934 -8.511
38200	8.793 -1.701 4.375 6.516	1.973 0.8496 -4.139 -5.065	3.011 -11.42 -0.03535 2.005	4.145 8.473 8.131 -8.31
38300	8.955 -1.503 4.51 6.615	1.928 0.9318 -3.981 -5.149	2.818 -11.51 0.01435 1.795	4.269 8.225 8.383 -8.083
38400	8.983 -1.597 4.413 6.505	2.08 0.7459 -4.079 -5.041	2.739 -11.1 0.1696 2.028	4.622 8.255 8.334 -7.879
38500	8.788 -1.69 4.417 6.341	1.858 0.8848 -4.318 -5.054	2.496 -11.16 0.3261 1.832	4.759 8.317 8.32 -7.67
38600	8.702 -1.117 4.361 6.065	1.879 1.076 -4.624 -5.288	2.515 -10.84 0.5735 1.731	4.525 8.394 8.438 -7.443
38700	8.732 -0.8838 4.531 6.57	1.975 1.031 -4.503 -5.347	2.55 -10.92 0.4437 1.668	4.683 8.526 8.453 -7.749
38800	8.784 -0.7798 4.626 6.566	2.284 0.9418 -4.499 -4.909	2.641 -10.87 0.5765 2.177	4.683 8.507 8.351 -7.602
38900	9.043 -1.113 4.534 6.784	2.322 0.6258 -4.348 -4.944	2.5 -10.45 0.5462 2.203	4.544 8.213 8.105 -7.506
39000	9.137 -1.105 4.792 7.022	2.224 0.8552 -4.544 -4.974	2.457 -10.42 0.444 1.876	4.72 8.378 7.768 -7.57
39100	8.952 -0.9561 4.799 7.136	2.385 0.9099 -4.512 -5.05	2.539 -9.844 0.6197 1.891	5.005 8.549 7.209 -7.345
39200	8.49 -0.8006 4.968 6.829	2.352 1.054 -4.668 -5.312	2.845 -10.04 0.7115 1.988	4.95 8.639 7.448 -7.177
39300	8.45 -0.8117 4.988 6.674	2.602 0.8241 -4.558 -5.206	2.616 -9.689 0.9641 2.188	5.422 8.613 7.124 -7.073
39400	8.571 -0.9249 5.045 6.942	2.878 0.7331 -4.931 -5.266	2.671 -9.966 0.7948 2.035	5.264 8.663 6.844 -7.024
39500	8.709 -0.6442 4.878 6.975	2.648 0.859 -5.114 -5.743	2.875 -9.881 0.6083 2.222	5.55 8.873 6.962 -7.025
39600	8.911 -0.7678 5.264 7.016	2.824 0.5616 -5.296 -6.021	2.643 -9.667 0.6686 1.949	5.629 8.554 6.696 -7.135
39700	8.913 -0.378 5.5 7.154	2.881 0.3952 -5.589 -5.605	2.48 -9.818 0.7769 2.303	5.471 8.678 6.637 -7.286
39800	8.773 -0.2392 5.573 7.518	2.819 0.1647 -5.569 -5.771	2.178 -9.843 0.8996 2.553	5.642 8.523 6.457 -7.161
39900	8.551 -0.2299 5.775 7.313	2.843 0.2481 -5.436 -6.205	2.326 -10.12 0.8687 2.647	5.907 8.666 6.686 -7.437
40000	8.667 -0.4167 5.966 7.711	2.343 0.448 -5.722 -6.321	2.328 -10.32 0.2385 2.845	6.302 8.655 6.761 -7.756
40100	8.568 -0.2598 5.54 7.78	2.523 0.3905 -5.65 -6.463	2.563 -10.27 0.2632 2.878	6.126 8.573 6.717 -7.513
40200	8.661 -0.09874 5.796 7.42	2.81 0.2515 -5.554 -6.614	2.851 -10.28 0.04973 2.95	5.896 8.772 6.882 -7.105
40300	8.986 -0.05347 5.593 7.119	2.639 0.2163 -5.663 -7.06	2.975 -9.711 0.06002 2.841	5.895 8.679 6.91 -7.091
40400	9.06 -0.3366 5.596 7.229	2.737 0.4299 -5.439 -6.917	3.322 -9.761 -0.05197 3.076	5.519 8.849 6.827 -7.098
40500	9.268 -0.3783 5.613 7.129	2.552 0.4465 -5.531 -7.087	3.143 -9.524 -0.1568 3.439	5.644 8.706 7.069 -6.891
40600	9.469 -0.6841 5.677 7.243	2.194 0.1026 -5.786 -6.504	2.883 -9.82 -0.5382 3.454	5.546 8.322 6.985 -6.812
40700	9.258 -0.6697 5.721 6.9	1.983 0.1215 -5.565 -6.404	2.876 -10.14 -0.7661 3.191	5.847 7.718 6.906 -6.718
40800	9.595 -0.7676 5.588 6.814	2.072 0.3692 -5.623 -6.406	3.222 -10.44 -0.7627 3.461	5.785 7.787 6.991 -7.001
40900	9.327 -1.069 5.944 6.796	1.719 1.075 -5.66 -6.715	3.453 -10.31 -0.6702 3.809	5.706 7.768 6.916 -6.876
41000	9.213 -1.045 5.737 6.492	1.739 1.253 -5.853 -6.824	3.705 -10.41 -0.7257 3.495	5.572 7.558 6.922 -6.835
41100	8.963 -1.073 5.623 6.386	1.722 1.485 -6.113 -6.8	3.837 -10.14 -0.6888 3.156	5.449 7.819 6.79 -7.198
41200	9.089 -1.065 5.832 6.368	1.81 1.476 -5.625 -7.006	3.628 -10.04 -0.3634 2.896	5.483 7.758 7.009 -7.008
41300	8.87 -0.8143 5.651 6.868	1.943 1.393 -5.651 -6.897	3.535 -9.701 -0.2247 2.68	5.473 7.77 6.73 -6.911
41400	8.853 -0.9509 5.622 7.049	2.109 1.287 -5.574 -6.992	3.896 -9.438 -0.5662 2.853	5.203 7.888 6.068 -7.319
41500	8.982 -1.053 5.493 7.113	2.164 1.006 -5.325 -7.209	3.742 -9.751 -0.6201 2.653	5.142 7.542 5.905 -7.441
41600	8.809 -1.069 5.432 7.184	2.236 1.357 -5.479 -6.952	3.84 -10.17 -0.2163 2.983	5.324 7.522 5.987 -7.462
41700	9.015 -1.132 5.134 7.166	2.38 0.9954 -5.493 -6.682	3.769 -10.46 -0.4317 3.173	5.142 7.63 6.351 -7.619
41800	9.177 -1.13 5.28 7.008	2.127 1.045 -5.704 -6.558	3.658 -10.37 -0.44 3.436	5.001 7.798 6.697 -7.885
41900	9.221 -1.099 5.112 7.096	2.1 0.9585 -6.141 -6.716	3.386 -10.51 -0.2782 3.514	4.548 7.753 6.826 -7.578
42000	9.367 -0.8679 5.177 6.987	2.298 1.128 -6.125 -7.06	3.5 -10.46 -0.1555 3.844	4.913 7.774 6.756 -7.426
42100	9.525 -1.012 5.183 6.365	2.339 1.278 -6.418 -6.935	3.626 -10.45 -0.03646 3.381	4.935 8.212 6.962 -7.922
42200	9.339 -1.377 4.872 6.319	2.267 1.415 -6.241 -6.528	3.464 -10.55 0.1358 3.703	5.02 8.015 7.446 -7.748
42300	9.603 -1.674 5.076 6.236	2.393 1.402 -5.903 -6.231	3.292 -10.24 0.4752 3.836	4.925 8.032 7.401 -7.773
42400	9.524 -1.652 5.131 6.21	2.464 1.168 -6.319 -6.261	3.458 -9.881 0.1613 4.032	4.58 8.128 7.4 -7.711
42500	9.774 -1.757 5.037 5.971	2.234 1.246 -6.534 -6.606	3.203 -10.03 0.4896 4.001	4.181 8.034 7.266 -7.99
42600	9.904 -1.943 5.046 6.217	2.416 1.261 -6.812 -6.593	3.245 -10.1 0.4431 3.948	4.174 8.035 7.171 -7.816
42700	10.02 -2.284 4.774 6.03	2.165 1.408 -7.042 -6.444	3.163 -10.06 0.2998 3.863	4.428 8.086 7.362 -7.962
42800	10.15 -1.822 5.286 6.053	2.366 1.014 -6.799 -6.619	3.286 -10.43 0.2443 3.891	4.863 8.38 7.486 -7.972
42900	10.4 -1.922 5.357 6.457	2.189 0.9807 -6.665 -6.851	3.167 -10.16 -0.02561 4.159	5.01 8.747 7.863 -7.972
43000	10.22 -2.031 5.241 6.585	2.493 0.7703 -6.98 -6.84	3.228 -10.21 -0.09603 3.693	4.627 8.584 8.064 -7.926
43100	10.44 -1.957 5.201 6.799	2.405 0.4668 -6.972 -6.662	2.972 -10.44 -0.06605 3.754	4.618 8.618 8.027 -8.003
43200	10.39 -1.841 5.205 7.235	2.261 0.1856 -7.38 -6.669	2.721 -10.75 -0.2591 3.914	4.813 8.659 8.127 -8.173
43300	10.34 -2.133 5.389 7.26	2.358 -0.01869 -7.246 -6.516	2.891 -10.97 -0.3685 3.686	4.709 8.857 8.321 -8.266
43400	10.32 -1.995 5.391 7.681	2.078 0.2108 -7.196 -6.201	2.789 -11.06 -0.3509 3.541	4.301 8.731 8.448 -8.571
43500	10.34 -1.723 5.208 7.27	2.109 0.1727 -7.506 -6.038	2.79 -10.88 -0.3567 3.676	4.349 9.041 8.125 -8.483
43600	10.25 -1.804 5.213 7.651	2.222 0.2301 -7.836 -6.173	2.727 -11.08 -0.4402 3.774	4.231 9.18 8.198 -8.416
43700	10.08 -1.392 5.228 8	2.551 -0.4714 -7.966 -6.521	2.6 -10.81 -0.5492 3.798	4.101 9.092 8.118 -8.507
43800	9.443 -1.318 5.232 7.669	2.398 -0.4489 -8.006 -6.342	2.484 -10.78 -0.5672 3.557	3.83 8.993 7.799 -8.368
43900	9.476 -1.202 5.008 7.749	2.189 -0.1205 -7.911 -6.481	2.894 -10.64 -0.7927 3.599	4.165 9.079 8.243 -7.88
44000	10.06 -1.051 5.075 8.162	2.34 0.07564 -7.646 -6.532	3.081 -11.01 -0.5599 3.781	4.122 8.794 8.124 -7.761
44100	9.695 -1.003 4.789 7.843	2.547 0.1708 -7.842 -6.157	3.21 -10.81 -0.5202 3.582	4.05 8.832 8.112 -7.75
44200	9.781 -1.12 5.053 7.871	2.512 0.1694 -7.545 -6.163	3.243 -10.67 -0.6723 3.935	3.956 8.554 8.264 -8.101
44300	10.03 -1.132 5.091 7.88	2.333 0.2459 -7.154 -5.979	3.436 -10.25 -0.727 4.082	4.014 8.195 8.266 -8.014
44400	10.11 -1.242 4.921 8.163	2.133 0.1271 -6.988 -6.126	3.43 -10.35 -1.105 4.257	4.132 8.284 8.176 -7.964
44500	10.13 -0.824 4.674 8.321	2.312 0.3155 -7.126 -6.272	3.556 -10.23 -1.143 4.518	4.155 8.598 7.868 -7.85
44600	10.72 -0.7642 4.485 8.542	2.448 0.281 -6.752 -6.454	3.827 -10.49 -1.035 4.653	4.218 8.548 8.034 -7.887
44700	10.78 -0.7915 4.272 9.05	2.289 0.358 -6.797 -6.379	3.607 -10.36 -1.058 4.207	4.159 8.296 8.368 -7.804
44800	10.95 -0.6555 4.136 8.702	2.136 0.5275 -6.856 -6.481	3.726 -10.3 -1.142 4.401	4.492 8.494 8.502 -8.287
44900	11.04 -1.342 3.939 8.721	2.44 0.313 -6.877 -6.6	3.705 -10.32 -1.107 4.542	4.597 8.859 8.769 -8.425
45000	11.22 -1.362 3.841 8.829	2.088 0.5065 -6.704 -6.334	3.911 -10.11 -1.165 4.407	4.524 9.031 8.893 -8.141
45100	11.38 -1.524 3.924 8.578	1.989 0.4887 -6.381 -5.874	3.615 -9.859 -1.205 4.159	4.314 8.993 9.068 -8.212
45200	11.5 -1.656 4.309 9.079	1.985 0.3506 -6.793 -5.596	3.488 -9.903 -1.161 3.929	4.299 8.925 9.054 -8.465
45300	11.76 -1.758 4.435 9.03	2.175 -0.1072 -7.046 -5.601	3.213 -10.14 -1.084 3.941	4.395 9.307 9.451 -8.725
45400	11.53 -1.721 4.435 9.044	2.047 0.1656 -7.58 -5.527	3.233 -10.07 -1.077 3.867	4.42 9.143 9.631 -8.224
45500	11.39 -1.387 4.423 9.101	2.111 0.1122 -7.508 -5.262	2.751 -10.33 -0.6979 3.753	4.474 8.946 9.545 -8.404
45600	11.3 -1.425 4.299 8.968	2.134 0.3129 -7.695 -5.103	2.95 -9.926 -0.6223 4.328	4.113 8.725 9.856 -8.047
45700	11.05 -1.592 4.1 8.748	2.056 0.2053 -7.83 -4.937	3.183 -10.17 -0.855 4.056	4.146 8.733 10.1 -7.762
45800	11.19 -1.609 3.91 8.755	2.451 -0.04991 -7.464 -4.845	3.015 -10.06 -0.6458 4.148	4.498 8.629 10.49 -8.054
45900	11.28 -1.489 3.876 8.583	2.303 0.02008 -7.394 -4.689	2.815 -10.43 -0.6873 3.821	4.497 8.93 10.41 -7.81
46000	11.21 -1.429 3.534 8.286	2.178 -0.07845 -7.125 -4.504	2.717 -10.16 -0.4931 3.913	4.5 8.932 10.83 -7.813
46100	10.99 -1.578 3.668 8.596	2.155 -0.0714 -7.363 -4.499	2.748 -10.18 -0.5486 3.825	4.484 8.872 10.58 -7.502
46200	11.18 -1.668 3.774 8.418	1.969 0.07628 -7.329 -4.773	2.987 -10.22 -0.8831 4.121	4.133 8.582 10.85 -7.52
46300	11.25 -1.577 4.095 8.929	2.072 0.01734 -7.271 -4.872	3.182 -9.975 -0.7265 4.473	4.066 8.369 11.22 -7.677
46400	11.02 -1.636 3.666 9.149	2.341 0.1388 -7.206 -5.297	3.251 -9.914 -0.7072 4.142	4.193 8.48 10.72 -7.845
46500	11.21 -1.255 3.781 9.379	2.747 -0.1505 -6.836 -5.651	3.468 -10.09 -0.992 4.077	4.414 8.752 10.39 -7.595
46600	11.13 -1.333 3.561 9.497	2.91 -0.238 -6.872 -5.6	3.728 -9.864 -1.039 4.117	4.234 8.79 10.41 -7.593
46700	11.12 -1.213 3.403 9.343	2.912 -0.3372 -6.928 -5.935	3.697 -9.782 -1.114 4.274	3.737 8.948 10.68 -7.491
46800	11.27 -1.191 3.432 9.037	3.123 -0.3662 -6.414 -6.391	3.928 -9.273 -0.91 4.2	3.66 8.612 10.79 -7.306
46900	11.17 -0.6324 3.376 8.507	3.174 -0.1886 -6.108 -6.013	3.851 -9.029 -0.962 4.653	3.561 8.93 10.78 -6.82
47000	11.13 -0.7219 3.438 8.627	3.298 -0.05542 -6.122 -5.92	3.856 -8.818 -0.9138 4.077	3.684 8.685 10.87 -6.99
47100	11.1 -0.8451 3.256 8.302	3.328 -0.2994 -6.026 -6.004	3.694 -8.868 -0.8482 4.395	3.563 9.151 10.83 -6.858
47200	11.38 -1.271 3.39 7.778	3.084 -0.2604 -6.355 -5.682	3.64 -8.529 -0.5375 4.398	3.521 9.506 11.13 -6.601
47300	11.45 -1.241 3.191 7.83	3.195 -0.003418 -6.12 -5.693	3.588 -8.677 -0.352 4.519	3.593 9.556 11.23 -6.813
47400	11.54 -1.036 3.323 7.947	3.037 0.09063 -5.914 -5.607	3.446 -8.54 -0.2669 4.61	3.472 9.371 11.17 -6.686
47500	11.9 -1.2 3.008 8.292	2.978 0.3006 -5.904 -5.615	3.761 -8.638 -0.544 4.721	3.573 9.762 11.18 -6.739
47600	11.85 -1.513 3.138 8.701	2.793 0.5516 -6.08 -5.186	3.866 -8.765 -0.3391 4.436	3.731 9.873 10.94 -6.826
47700	12.19 -1.31 3.269 8.873	2.645 0.5317 -5.804 -5.194	3.709 -8.492 -0.6013 4.494	3.599 9.837 11.17 -6.989
47800	12.67 -1.678 3.448 8.363	2.757 0.1955 -5.761 -5.634	3.929 -8.989 -0.9721 4.54	3.629 10 11.19 -6.731
47900	12.8 -1.54 3.866 8.446	2.531 0.1019 -5.645 -5.743	3.512 -9.133 -0.7759 4.699	3.603 10.17 10.98 -6.617
48000	13.03 -1.38 3.853 8.622	2.593 -0.2527 -5.713 -5.242	3.178 -9.109 -0.896 4.249	3.605 9.883 11.29 -6.78
48100	13.22 -1.552 4.137 8.891	2.266 0.07119 -5.715 -5.092	3.134 -8.598 -1.04 4.235	3.553 10.03 11.42 -7.064
48200	13.18 -1.686 4.009 8.8	2.291 0.0371 -6.01 -5.016	2.765 -8.751 -0.7285 4.442	3.68 10.08 10.99 -7.032
48300	13.37 -1.879 3.86 8.996	2.17 -0.1116 -6.095 -4.885	3.002 -8.622 -0.8371 4.11	3.805 10.26 11.29 -6.849
48400	13.68 -2.056 4.249 8.838	2.352 -0.2065 -5.92 -4.548	3.217 -8.641 -0.8708 4.167	3.465 10.42 11.21 -6.802
48500	13.65 -1.773 4.359 8.585	2.498 0.1236 -5.732 -4.612	3.009 -8.629 -0.4187 4.176	3.757 10.36 11.11 -6.883
48600	13.5 -1.549 3.919 8.232	2.939 -0.3023 -5.559 -4.538	3.065 -8.599 -0.5687 4.009	3.72 10.21 11.04 -6.9
48700	12.87 -1.467 4.245 8.474	2.955 -0.1592 -6.074 -4.489	3.252 -8.647 -0.5552 3.934	4.112 10.31 10.99 -6.861
48800	12.68 -0.9691 4.277 8.593	2.891 -0.4529 -5.818 -4.552	3.005 -8.729 -0.589 3.877	4.642 10.33 11.01 -6.647
48900	12.82 -0.8571 4.361 9.073	3.014 -0.2499 -6.223 -4.738	3.453 -8.652 -0.838 3.564	4.701 10.68 11.25 -7.017
49000	12.68 -0.6515 4.114 8.588	2.979 -0.3358 -6.062 -4.877	3.679 -8.566 -0.8408 3.938	4.93 10.49 11.29 -7.149
49100	12.33 -0.4351 4.406 8.949	3.279 -0.7107 -6.229 -5.093	3.503 -8.663 -0.7982 3.862	5.142 10.81 11.35 -7.158
49200	12.17 -0.2647 4.296 9.03	3.501 -0.8455 -6.084 -4.875	3.534 -8.933 -0.9502 3.538	5.36 11.07 11.72 -7.462
49300	12.15 -0.4169 4.129 9.114	3.925 -0.9059 -6.198 -5.222	3.622 -8.81 -0.5883 3.39	5.38 10.99 11.87 -7.704
49400	11.9 -0.626 4.397 9.087	4.149 -0.8459 -6.3 -5.184	3.745 -8.363 -0.3724 3.722	5.125 11.32 11.83 -7.311
49500	11.97 -0.8378 4.069 9.452	4.26 -0.6714 -6.344 -4.769	3.669 -8.321 -0.1191 3.538	5.593 12.02 12.28 -7.379
49600	11.76 -1.08 4.514 9.223	4.417 -0.6452 -6.321 -4.912	3.892 -8.203 -0.09047 3.258	5.572 11.61 12.56 -7.623
49700	12.24 -0.8207 4.634 9.252	4.652 -0.7 -5.918 -5.028	4.127 -8.311 -0.2475 2.924	5.606 11.57 12.25 -7.725
49800	12.25 -1.149 4.698 9.321	4.632 -0.4767 -5.831 -4.972	4.07 -7.938 -0.1253 3.037	5.812 11.64 12.13 -8.111
49900	12.01 -1.118 5.339 9.316	4.777 -0.703 -5.986 -5.394	3.796 -8.241 0.3121 3.28	5.384 11.62 12.45 -8.464
50000	12 -0.9269 5.061 9.049	4.583 -0.8148 -6.191 -5.435	3.24 -8.131 0.575 3.194	5.495 11.23 12.19 -9.062
50100	11.72 -0.9655 5.315 9.147	4.488 -0.7551 -6.255 -5.324	3.227 -8.37 0.5996 2.918	5.376 11.41 11.92 -8.696
