0	0 0 0 0	0 0 0 0	0 0 0 0	0 0 0 0
100	0.8387 0.03871 -0.04463 -0.05793	0.002892 -0.2585 0.1415 0.2497	0.01194 -0.253 -0.01022 -0.1075	-0.04642 -0.1541 -0.2164 -0.4097
200	1.61 0.1036 0.165 -0.2807	0.08341 -0.2664 0.1371 0.3199	0.1662 -0.2372 -0.4814 0.09813	-0.05485 -0.348 -0.08848 -0.69
300	2.508 0.2375 0.3191 -0.4451	-0.1208 -0.4118 -0.3693 0.4201	0.1864 -0.2881 -0.4461 -0.2183	-0.1901 -0.6293 0.2153 -1.096
400	2.918 0.3139 0.1017 -0.7681	-0.1295 -0.4552 -0.6448 0.666	0.1551 -0.527 -0.5738 -0.3923	-0.1913 -0.6628 0.2495 -1.039
500	3.132 0.6042 0.03754 -0.813	-0.1327 -0.3734 -0.6667 0.7083	0.3465 -0.6764 -0.6083 -0.4853	-0.3959 -0.4386 0.3391 -1.146
600	3.391 0.8032 0.2391 -0.9668	0.2472 -0.4054 -0.7079 0.9294	0.5157 -1.028 -0.5489 -0.6809	-0.182 -0.324 0.3877 -1.003
700	3.709 0.6486 0.5904 -1.525	0.1174 -0.3775 -0.8587 0.6753	0.3811 -1.141 -0.6415 -1.05	-0.4882 -0.1003 0.9836 -1.347
800	3.541 0.804 0.5242 -1.646	0.1999 -0.3473 -1.485 0.9247	0.4085 -1.081 -0.7332 -1.141	-0.5911 -0.1689 1.306 -1.186
900	3.627 0.6509 1.03 -1.399	-0.03971 -0.385 -1.354 0.8364	0.2878 -1.414 -0.7461 -0.9991	-0.7161 -0.0563 1.427 -1.32
1000	3.614 0.918 0.7025 -1.159	0.368 -0.4517 -1.4 0.6327	0.5349 -1.469 -0.5695 -0.8039	-0.6427 0.3624 1.37 -1.77
1100	3.806 0.939 0.6556 -0.637	0.2241 -0.3284 -1.311 0.5475	0.3997 -1.672 -0.579 -0.7691	-0.414 0.4774 1.482 -1.816
1200	3.888 0.9856 0.3565 -0.6303	0.4712 -0.5414 -1.488 0.3637	0.4901 -1.626 -0.4638 -0.6182	-0.6672 0.7637 1.824 -1.686
1300	4.145 0.7394 0.2287 -0.7558	0.9683 -0.9926 -1.416 0.5397	0.2828 -1.763 -0.2869 -0.798	-0.578 0.4013 1.881 -1.711
1400	4.117 0.9305 -0.02413 -0.7423	1.078 -1.022 -1.492 0.7226	0.4349 -2.366 -0.3371 -0.6981	-0.5892 0.433 1.929 -1.776
1500	4.217 0.7173 -0.1545 -1.017	1.141 -0.9061 -1.719 0.6369	0.3348 -2.528 -0.1833 -0.7381	-0.6896 0.2949 1.746 -1.668
1600	4.096 0.7833 -0.1051 -0.6347	1.349 -1.058 -1.415 0.6632	0.3853 -2.885 -0.05501 -0.5802	-0.6394 0.5879 1.916 -1.94
1700	4.241 1.055 -0.426 -0.5643	1.093 -1.057 -1.142 0.6517	0.3589 -2.661 -0.1811 -0.3472	-0.5837 1.077 1.602 -2.125
1800	4.079 1.08 -0.2285 0.1211	1.448 -1.353 -1.274 0.5818	0.5123 -2.473 -0.2888 -0.4176	-0.3799 0.7074 1.67 -2.048
1900	4.282 1.167 -0.4487 -0.137	1.723 -1.545 -1.129 0.5882	0.7329 -2.717 -0.3378 -0.8037	-0.4926 0.3717 1.704 -1.698
2000	4.695 1.272 -0.3168 0.06941	1.661 -1.483 -0.8101 0.7249	0.6349 -2.976 -0.333 -0.7234	-0.2533 0.3314 1.722 -1.805
2100	4.602 1.286 -0.3472 0.4922	1.569 -1.25 -0.5524 0.7613	0.5782 -3.141 -0.1204 -0.6361	-0.2172 0.1843 1.638 -1.872
2200	4.772 0.9558 -0.6662 0.6317	1.581 -1.485 -1.042 0.6094	0.3918 -3.233 -0.08867 -0.7626	-0.2346 0.125 1.539 -1.889
2300	4.816 0.9554 -0.6758 0.8625	1.765 -1.441 -1.041 0.9191	0.429 -3.044 -0.07035 -0.6606	-0.0394 0.2055 1.75 -1.968
2400	4.877 0.924 -0.6401 0.7528	1.702 -1.5 -0.8071 0.8297	0.3298 -2.979 0.09008 -0.7348	-0.2176 0.2225 1.751 -1.935
2500	4.885 1.431 -0.6556 0.8843	1.961 -1.432 -0.9264 0.627	0.3679 -3.018 0.1773 -0.7149	-0.1883 -0.1557 1.928 -1.874
2600	4.797 1.667 -0.4504 1.131	1.585 -1.162 -1.034 0.5319	0.4069 -2.967 -0.01278 -0.771	-0.1586 -0.05548 1.729 -1.971
2700	4.96 1.76 -0.09401 1.637	1.523 -1.088 -1.441 0.5755	0.4217 -3.138 0.07461 -0.8374	-0.09452 -0.1785 1.853 -2.244
2800	5.051 2.078 -0.1267 1.698	1.408 -1.002 -1.646 0.1817	0.4101 -3.302 -0.01229 -0.6432	0.04404 -0.1413 1.848 -2.426
2900	5.117 1.714 -0.191 1.809	1.6 -0.9996 -1.485 0.3998	0.4821 -3.104 -0.04972 -0.839	0.2067 -0.2165 2.217 -2.322
3000	5.005 1.769 -0.1831 1.673	1.252 -0.8826 -1.404 0.4687	0.2614 -3.315 -0.07418 -0.8045	0.247 -0.05674 2.382 -2.704
3100	5.166 1.633 0.1232 1.901	1.523 -0.7012 -1.242 0.1585	0.4713 -3.437 0.1283 -0.8505	0.09245 -0.2169 2.728 -2.434
3200	5.385 1.71 0.3492 1.773	1.269 -0.6076 -1.048 -0.1473	0.467 -3.541 0.2001 -0.8202	0.02016 -0.1765 2.957 -2.319
3300	5.686 1.57 -0.0147 1.695	1.596 -0.6319 -1.048 -0.05725	0.5253 -3.75 0.4533 -0.8984	-0.1251 -0.08482 3.054 -2.064
3400	5.543 1.472 -0.2513 1.854	1.781 -0.7117 -1.318 -0.07069	0.6404 -3.729 0.3212 -1.299	-0.1646 -0.2351 3.051 -2.199
3500	5.393 1.598 -0.3994 2.091	1.638 -0.4591 -1.475 -0.4373	0.7506 -3.456 0.1116 -1.036	-0.04325 -0.1527 3.455 -2.343
3600	5.217 1.457 -0.1651 2.086	1.576 -0.5928 -1.285 -0.7191	0.8972 -3.75 -0.1459 -1.044	-0.2857 -0.1355 3.842 -2.37
3700	5.304 1.7 -0.361 1.956	1.383 -0.09694 -1.26 -0.55	1.251 -3.868 -0.1283 -0.9375	-0.291 0.1139 3.855 -2.245
3800	5.101 1.191 -0.2546 2.211	1.244 -0.0497 -0.7905 -1.092e-05	1.282 -4.067 -0.2001 -1.05	-0.1583 -0.1582 3.94 -2.311
3900	5.157 1.328 -0.419 2.155	1.235 0.0485 -0.7555 0.1312	1.331 -3.967 -0.147 -0.8646	0.02317 0.03193 4.033 -2.257
4000	5.239 1.501 -0.5481 2.177	1.487 -0.1872 -0.9637 0.02	1.306 -3.856 -0.05821 -0.7677	-0.05922 -0.08776 4.438 -2.24
4100	5.008 1.46 -0.9659 2.086	1.404 -0.07094 -1.109 0.1261	1.109 -3.668 0.04254 -0.8097	-0.1337 -0.3254 4.479 -2.252
4200	4.849 1.483 -0.5136 1.873	1.342 0.2114 -0.9724 0.1277	1.104 -3.943 0.2307 -0.7853	0.02447 -0.09678 4.611 -2.153
4300	4.885 1.61 -0.3379 1.701	1.444 -0.01315 -0.9404 0.07851	1.271 -3.731 0.05164 -0.5533	-0.1278 0.4047 4.354 -2.157
4400	4.798 1.637 -0.7034 1.589	1.5 -0.116 -0.8553 0.1649	1.017 -3.512 0.2262 -0.5544	-0.3712 0.7268 4.284 -2.05
4500	5.445 1.35 -0.3864 1.485	1.93 -0.2233 -1.095 0.007656	1.429 -3.353 0.2487 -0.5388	-0.5138 0.8761 3.884 -1.734
4600	5.116 1.388 -0.5245 1.388	1.993 -0.1537 -1.111 -0.06399	1.462 -3.341 0.2166 -0.5421	-0.5062 0.8936 3.826 -1.734
4700	4.858 1.356 -0.2095 1.406	2.053 -0.1607 -0.813 -0.09392	1.982 -3.685 -0.1095 -0.5049	-0.4058 1.149 3.919 -1.833
4800	4.767 1.137 -0.6939 1.348	1.831 -0.07564 -0.8594 -0.2957	2.101 -3.568 -0.2667 -0.6778	-0.1886 1.206 3.976 -1.985
4900	4.866 1.412 -0.4379 1.376	1.917 0.1696 -0.9051 -0.6409	2.333 -3.699 -0.3424 -1.181	-0.524 1.198 3.745 -1.987
5000	4.982 1.497 -0.4636 1.233	1.861 0.01817 -0.765 -0.5549	2.168 -4.249 -0.2922 -1.398	-0.5816 1.375 4.044 -2.108
5100	5.034 1.614 -0.6078 1.052	1.965 -0.2179 -0.4112 -0.5165	2.188 -4.359 -0.2381 -1.619	-0.6296 1.347 4.27 -1.915
5200	5.108 1.68 -0.4554 0.8543	1.704 -0.06945 -0.1329 -0.3728	1.948 -4.216 -0.331 -1.753	-0.6402 1.062 4.346 -1.701
5300	5.34 1.63 -0.3746 0.8856	1.702 -0.5136 0.01897 -0.2233	1.901 -4.372 -0.6007 -1.682	-0.7485 0.97 4.446 -2.018
5400	5.531 1.661 -0.1359 0.9206	1.878 -0.6868 0.1868 -0.3997	2.028 -4.338 -0.7728 -1.441	-0.7097 0.8664 4.543 -2.037
5500	5.965 1.418 -0.4513 1.163	2.385 -0.9762 -0.1669 -0.2806	2.337 -4.629 -0.8008 -1.385	-0.7754 0.6554 4.505 -2.06
5600	5.83 1.543 -0.5507 1.353	2.656 -1.025 -0.2977 -0.9235	2.394 -4.76 -0.9107 -1.4	-0.9348 0.3519 4.881 -1.958
5700	5.716 1.409 -0.2826 1.027	2.576 -1.171 -0.1243 -0.7083	2.66 -4.993 -1.028 -1.283	-1.148 0.03388 4.725 -1.676
5800	5.363 1.635 -0.5598 1.05	2.721 -0.9452 -0.2887 -1.211	2.725 -4.76 -1.004 -1.181	-1.156 0.03569 4.581 -1.411
5900	5.302 1.698 -0.6369 0.9702	3.036 -1.346 -0.1748 -0.9796	2.995 -4.608 -1.395 -1.039	-1.105 -0.002887 4.654 -0.9947
6000	5.34 1.576 -0.9999 0.9291	3.042 -1.231 0.3205 -1.31	2.939 -4.249 -1.307 -1.215	-1.19 -0.3122 4.46 -0.5574
6100	5.363 1.984 -0.874 1.02	2.947 -1.364 0.2978 -1.283	2.6 -4.237 -1.19 -1.144	-1.048 -0.3592 4.798 -0.9382
6200	5.43 2.035 -0.7742 0.8006	2.833 -1.153 0.7333 -1.609	2.669 -4.22 -1.256 -1.197	-0.7472 -0.4772 4.65 -0.9537
6300	4.993 1.814 -0.6218 0.8074	2.483 -0.9181 0.6431 -1.431	2.58 -4.227 -0.9246 -1.384	-0.573 -0.3567 4.204 -0.8797
6400	5.248 2.036 -0.3991 0.9609	2.19 -0.577 -0.002453 -1.258	2.742 -4.451 -1.117 -1.324	-0.8769 -0.5227 3.982 -0.8985
6500	5.106 2.245 -0.4643 0.9632	2.391 -0.8416 0.01217 -1.778	2.732 -4.46 -1.129 -1.483	-0.6163 -0.6401 3.572 -0.8218
6600	5.111 1.951 -0.9182 1.239	2.199 -0.9381 0.02825 -2.02	2.725 -4.454 -1.322 -1.322	-0.3728 -0.6691 3.755 -1.341
6700	5.086 1.768 -0.8221 1.383	2.476 -1.233 0.06441 -2.261	2.708 -4.703 -1.255 -1.561	-0.3152 -0.6388 3.512 -1.573
6800	5.269 1.259 -1.038 1.271	2.457 -1.056 -0.1927 -2.397	2.798 -4.787 -1.208 -1.449	-0.2208 -0.6442 3.602 -1.577
6900	5.417 1.461 -0.7008 1.492	2.548 -1.062 -0.1869 -1.973	2.688 -4.874 -1.154 -1.673	-0.05209 -0.5264 3.553 -1.8
7000	5.375 1.533 -0.9459 2.022	2.755 -1.181 0.1037 -2.041	2.663 -4.692 -1.154 -1.721	-0.1215 -0.06936 3.865 -1.736
7100	5.366 1.468 -1.127 1.871	2.936 -1.439 0.2989 -1.928	2.765 -4.597 -1.099 -1.718	-0.1173 0.1198 4.033 -1.623
7200	5.267 1.507 -1.074 1.613	2.99 -1.336 0.4272 -1.918	2.745 -4.437 -0.9517 -1.597	-0.02795 -0.187 4.173 -1.605
7300	5.214 1.757 -1.136 1.678	2.615 -1.046 0.38 -1.926	2.554 -4.447 -0.9193 -1.404	0.064 -0.6444 4.353 -1.893
7400	5.269 1.58 -1.092 1.654	2.521 -0.7038 0.3716 -1.664	2.669 -4.604 -0.5206 -1.719	0.1759 -0.5375 4.593 -1.737
7500	5.285 1.66 -1.177 1.718	2.251 -0.4437 0.4424 -1.667	2.448 -4.862 -0.6791 -1.853	0.1542 -0.7584 4.548 -1.808
7600	5.123 1.901 -0.6238 1.968	2.173 -0.7194 0.5169 -1.867	2.232 -4.631 -0.8367 -2.183	0.1549 -0.4392 4.532 -2.106
7700	4.914 1.72 -1.142 1.635	1.888 -0.4587 0.5075 -1.789	2.467 -4.856 -0.8716 -2.462	0.2474 -0.5541 4.454 -2.236
7800	5.139 1.784 -0.8863 1.702	2.217 -0.5298 0.47 -1.99	2.415 -4.934 -0.7035 -2.346	0.2659 -0.7252 4.572 -2.105
7900	5.012 1.911 -0.8933 1.942	2.272 -0.6712 0.6892 -2.068	2.55 -4.887 -0.7969 -2.208	0.1093 -0.3769 4.768 -1.942
8000	5.138 2.273 -0.8704 1.854	2.313 -0.7114 0.4383 -2.134	2.559 -5.029 -1.015 -2.235	-0.234 -0.5732 4.862 -1.98
8100	5.294 2.584 -0.8225 2.271	2.38 -0.8092 0.5044 -1.893	2.531 -5.003 -0.9611 -2.061	-0.3933 -0.2391 5.06 -2.216
8200	5.433 2.679 -0.4686 2.183	2.034 -0.7865 0.6408 -1.817	2.593 -5.001 -1.247 -2.047	-0.3709 -0.7583 5.544 -1.917
8300	5.354 2.47 -0.4987 2.235	2.079 -0.542 0.4973 -1.998	2.736 -4.946 -1.228 -1.81	-0.3019 -0.7504 5.331 -2.213
8400	5.214 2.514 -0.6551 2.488	2.153 -0.7151 0.3265 -1.858	2.766 -5.105 -1.361 -1.765	0.3228 -0.99 4.924 -2.69
8500	5.399 2.763 -0.5536 2.167	2.276 -0.9538 0.2813 -2.526	2.787 -4.874 -1.438 -1.826	0.4466 -0.8725 4.741 -2.751
8600	5.3 2.669 -0.2687 2.317	2.374 -1.017 0.4333 -2.701	2.802 -4.783 -1.378 -1.861	0.6379 -0.8509 4.731 -2.562
8700	5.188 2.75 -0.07443 2.3	2.307 -1.058 0.5278 -2.832	2.785 -4.48 -1.597 -1.979	0.3917 -0.7201 4.631 -2.517
8800	5.176 2.391 -0.01539 2.425	2.242 -1.06 0.3371 -3.165	2.817 -4.454 -1.643 -2.145	0.3513 -0.3172 4.71 -2.754
8900	5.077 2.057 0.3702 2.267	2.536 -1.188 0.4255 -2.993	3.136 -4.663 -1.732 -2.191	0.08419 -0.1971 4.963 -2.725
9000	5.48 2.125 0.1038 2.182	2.572 -1.024 0.3473 -2.898	3.157 -4.556 -1.692 -2.042	0.2619 -0.1795 5.007 -2.767
9100	5.666 2.262 -0.0734 2.376	2.741 -1.083 0.4853 -2.921	3.215 -4.753 -1.412 -2.333	0.3819 0.1999 4.858 -2.716
9200	5.146 2.371 0.2075 2.3	2.954 -1.09 0.2869 -2.911	3.193 -4.907 -1.268 -2.051	0.333 0.2406 5.065 -2.832
9300	5.212 2.312 0.1818 2.444	2.948 -1.3 0.111 -3.043	2.97 -4.949 -1.421 -2.057	0.4271 -0.3168 5.142 -2.895
9400	5.105 2.567 0.2262 2.141	2.842 -1.447 0.4999 -2.676	2.944 -4.966 -1.455 -2.07	0.7395 -0.5309 5.194 -2.946
9500	5.285 2.796 0.2687 2.066	2.945 -1.486 0.5536 -2.87	2.555 -5.034 -1.123 -2.082	0.3094 -0.6596 5.505 -2.953
9600	5.088 2.717 0.283 2.115	3.101 -1.558 0.4331 -2.954	2.76 -5.079 -1.315 -2.155	0.2329 -1.018 5.622 -2.834
9700	5.151 2.484 0.2004 2	3.003 -1.504 0.1872 -2.81	2.474 -4.998 -1.12 -2.397	0.1822 -0.9384 5.743 -2.76
9800	5.332 2.559 0.2327 2.102	2.857 -1.442 0.5154 -2.808	2.536 -4.893 -1.399 -2.545	0.2138 -0.6182 6.141 -3.06
9900	5.521 2.138 0.3792 1.858	2.713 -1.66 0.6285 -3.071	2.554 -4.555 -1.469 -2.7	0.2979 -0.3961 5.905 -3.176
10000	5.563 2.021 0.5706 1.758	2.846 -1.729 0.6008 -2.861	2.605 -4.658 -1.595 -2.522	0.294 -0.3049 5.759 -3.414
10100	5.648 2.312 0.6224 1.795	2.895 -1.441 0.4435 -2.444	2.928 -3.973 -1.74 -2.535	0.2777 0.3325 5.787 -3.329
10200	5.416 1.922 0.5945 1.836	2.543 -1.143 0.5488 -2.407	3.182 -4.285 -1.747 -2.509	0.3851 0.2769 5.883 -3.225
10300	5.674 1.827 0.9233 1.718	2.717 -1.377 0.5674 -2.245	3.19 -4.188 -1.969 -2.328	0.4936 0.2011 5.87 -3.09
10400	5.836 1.907 1.189 2.144	2.896 -1.415 0.4429 -2.689	3.284 -4.22 -1.991 -2.076	0.6482 0.3834 5.541 -3.364
10500	5.708 1.769 1.468 1.77	2.906 -1.411 0.5461 -2.99	3.237 -4.247 -1.849 -2.313	0.5719 -0.07576 5.423 -3.378
10600	5.832 1.752 1.522 1.553	3.092 -1.5 0.2768 -3.26	3.423 -4.795 -1.929 -1.998	0.436 -0.181 5.419 -3.015
10700	5.743 1.659 1.875 1.593	3.02 -1.177 0.3464 -3.446	3.737 -5.082 -1.912 -2.056	0.153 -0.2135 5.498 -3.002
10800	5.971 1.461 2.004 1.459	2.731 -0.9164 0.2943 -3.399	3.628 -5.151 -1.747 -2.337	0.3953 -0.02561 5.331 -3.181
10900	5.867 1.579 1.994 1.301	3.004 -1.03 0.02915 -3.374	3.757 -5.048 -1.888 -2.517	0.2985 0.1109 5.616 -2.972
11000	5.702 1.395 1.96 0.6281	2.958 -0.9877 -0.205 -3.039	3.569 -4.84 -1.769 -2.239	0.2648 -0.1701 5.614 -2.883
11100	5.605 1.142 1.837 0.7846	2.9 -1.039 -0.3788 -3.084	3.436 -4.797 -1.878 -2.496	0.122 -0.2144 5.788 -2.761
11200	5.628 1.116 1.61 0.7604	3.018 -1.164 -0.08713 -2.967	3.572 -5.201 -1.75 -2.61	0.1101 -0.4116 5.808 -2.822
11300	5.609 1.414 1.661 0.6917	2.86 -0.844 0.01874 -3.035	3.651 -5.561 -1.663 -2.635	0.2267 -0.4045 5.863 -2.905
11400	5.749 1.644 1.882 0.4353	2.447 -0.5657 -0.0421 -3.41	3.72 -5.658 -1.914 -2.67	0.152 -0.6456 5.897 -2.921
11500	5.78 1.193 1.893 0.2358	2.3 -0.3594 -0.06385 -3.254	4.017 -6.051 -2.037 -2.101	0.1252 -0.2842 5.951 -3.073
11600	5.898 1.4 1.803 0.2115	2.294 -0.2738 -0.3194 -3.203	3.994 -5.898 -1.913 -1.791	0.3083 -0.1999 5.768 -3.367
11700	5.854 1.225 1.831 0.5205	1.984 -0.203 -0.3339 -3.307	4.048 -5.502 -2.332 -1.432	0.127 0.1424 5.639 -3.388
11800	6.083 0.9641 2.046 0.3841	2.147 -0.4401 -0.3429 -3.246	4.246 -5.66 -2.399 -1.232	0.08882 0.1221 5.535 -3.599
11900	5.743 0.8016 2.314 0.1966	2.23 -0.5797 -0.2929 -3.199	4.061 -5.745 -2.246 -1.241	0.3064 0.4424 5.437 -4.054
12000	6.044 1.171 2.439 0.1417	2.371 -0.5337 -0.263 -3.298	4.298 -5.608 -2.451 -1.332	0.4251 0.4606 5.452 -3.854
12100	5.744 0.9847 2.661 -0.01776	2.423 -0.6211 -0.06544 -3.446	4.318 -5.676 -2.232 -1.518	0.4788 0.7783 5.633 -3.699
12200	5.978 0.9592 2.998 -0.3462	2.363 -0.2721 -0.08189 -3.412	4.49 -5.784 -2.308 -1.421	0.2355 1.081 5.971 -3.876
12300	5.881 1.174 3.112 -0.523	2.386 -0.2355 -0.2888 -3.385	4.398 -5.637 -2.27 -1.638	0.2113 0.703 6.329 -3.699
12400	5.822 1.072 3.643 -0.7689	2.81 -0.09419 -0.3323 -3.534	4.473 -5.581 -2.021 -1.501	0.3348 0.8808 6.23 -3.549
12500	5.293 0.8913 3.598 -0.1721	2.782 -0.2733 -0.3445 -3.059	4.496 -5.519 -2.094 -1.606	0.525 0.6824 6.409 -3.545
12600	5.235 1.115 3.404 -0.05187	2.732 -0.2333 0.1964 -2.882	4.672 -5.655 -2.103 -1.577	0.6067 0.5732 6.324 -3.468
12700	5.052 1.375 3.639 -0.06099	2.776 -0.4796 0.01862 -3.226	4.612 -5.545 -1.974 -1.703	0.9712 0.7298 6.158 -3.847
12800	4.836 1.379 3.745 -0.01215	2.688 -0.3228 0.204 -3.52	4.536 -5.577 -1.903 -1.782	1.021 0.6711 6.241 -3.983
12900	4.682 1.687 3.903 0.2682	2.662 -0.2654 0.06635 -3.816	4.367 -5.334 -1.957 -2.105	0.9943 0.7937 6.081 -3.929
13000	4.619 1.542 4.075 0.04019	2.667 -0.2597 -0.1143 -4.068	4.354 -5.672 -1.799 -1.93	0.5204 1.33 6.231 -4.133
13100	4.742 1.484 4.428 0.05989	2.574 -0.372 -0.2057 -4.309	4.291 -5.886 -2.077 -2.235	0.2455 1.316 6.024 -4.129
13200	4.689 1.173 4.602 0.4547	2.54 -0.6109 -0.2375 -4.318	4.19 -5.747 -2.048 -2.004	0.2583 1.42 5.758 -3.983
13300	4.864 1.068 4.762 0.7348	2.5 -0.7921 -0.008971 -4.132	3.965 -5.646 -1.91 -2.303	0.2548 1.577 5.325 -3.707
13400	4.463 0.8487 4.593 0.5496	2.745 -0.7515 -0.1267 -3.802	3.861 -5.552 -1.847 -2.233	0.2365 1.429 5.705 -3.486
13500	4.581 1.025 4.688 0.3441	2.579 -0.5694 0.4573 -3.616	4.296 -5.602 -2.137 -2.402	0.4786 1.396 6.165 -3.991
13600	4.825 0.8852 4.737 -0.02767	2.396 -0.4031 0.463 -3.617	4.154 -5.699 -1.961 -2.247	0.4913 1.456 6.002 -3.95
13700	4.653 0.7581 4.537 0.09838	2.775 -0.7745 0.2443 -3.518	3.948 -5.756 -1.772 -2.228	0.5026 1.315 5.384 -3.761
13800	4.926 0.4293 4.518 0.2826	2.293 -0.5526 0.07904 -3.53	3.653 -6.041 -1.69 -2.406	0.5729 1.018 5.37 -3.825
13900	4.867 0.3653 4.734 0.198	2.342 -0.5871 -0.1142 -3.55	3.416 -5.712 -1.534 -2.499	0.5131 0.9607 5.37 -3.853
14000	4.883 0.08389 4.607 0.1891	2.454 -0.5775 -0.5307 -3.051	3.059 -5.286 -1.095 -2.686	0.7712 0.5126 5.173 -4.119
14100	5.176 0.1588 4.748 -0.5304	2.517 -0.3972 -0.7253 -3.165	3.21 -5.182 -1.162 -2.649	1.097 0.7639 5.158 -4.259
14200	4.987 -0.0468 4.775 -0.6094	2.623 -0.3958 -0.7449 -3.009	3.331 -5.172 -1.139 -2.522	1.212 1.016 5.446 -4.3
14300	4.982 -0.2553 4.779 -0.4932	2.974 -0.461 -0.9554 -2.907	3.347 -5.036 -0.852 -2.525	1.139 0.7298 5.443 -4.063
14400	4.808 -0.4728 4.742 -0.1888	2.711 -0.09882 -1.126 -2.653	3.324 -5.322 -0.7947 -2.554	1.444 0.6684 5.264 -4.327
14500	5.152 -0.8323 4.729 0.06693	2.592 -0.08278 -1.292 -3.03	3.227 -5.11 -0.7705 -2.284	1.379 0.84 5.558 -4.879
14600	5.147 -0.5828 4.748 0.1221	2.376 -0.2022 -0.9884 -3.262	3.314 -5.639 -0.9162 -2.051	1.406 1.049 5.802 -5.323
14700	5.023 -0.6332 4.995 -0.1805	2.377 -0.444 -1.117 -2.794	2.876 -5.725 -0.8939 -1.561	1.029 1.011 5.699 -5.108
14800	5.257 -0.3512 5.265 -0.2666	2.314 -0.4548 -0.9688 -2.814	2.738 -5.919 -0.9055 -2.028	1.189 0.7405 5.578 -4.828
14900	5.402 0.02003 5.279 0.3479	2.319 -0.4324 -0.7167 -3.039	2.774 -5.665 -0.9094 -2.295	1.266 1.042 5.39 -4.928
15000	5.287 -0.05284 5.489 0.2687	2.388 -0.5175 -0.9557 -3.417	2.328 -5.389 -0.5607 -2.823	1.074 0.85 5.4 -4.964
15100	4.976 -0.1374 5.4 0.5104	2.43 -0.4024 -1.053 -3.281	2.23 -5.342 -0.3315 -2.604	1.027 0.9855 5.615 -4.934
15200	5.297 -0.1182 5.296 0.4324	2.403 -0.7952 -1.148 -3.637	2.44 -5.329 -0.609 -2.46	0.7967 1.011 5.637 -4.618
15300	5.338 -0.3261 5.382 0.7632	2.327 -0.7227 -0.921 -3.443	2.443 -5.691 -0.7025 -2.39	0.8065 1 5.679 -4.87
15400	5.32 -0.3075 5.482 0.8208	2.466 -0.648 -0.9014 -3.201	2.432 -5.668 -0.7454 -2.421	0.8629 0.8935 5.825 -5.113
15500	5.018 -0.2965 5.634 0.7242	2.236 -0.636 -1.334 -2.913	2.488 -5.487 -0.9476 -2.401	0.6897 0.7405 5.843 -4.847
15600	5.01 -0.2541 6.21 1.133	2.453 -0.6429 -1.034 -3.393	2.583 -5.454 -0.8894 -2.815	0.6695 1.148 5.535 -4.802
15700	5.224 -0.1231 6.383 0.9871	2.147 -0.6462 -0.9934 -3.72	2.57 -5.288 -1.044 -3.034	0.4795 1.281 6.002 -5.014
15800	5.395 -0.2705 6.126 0.823	2.029 -0.7241 -0.9078 -3.58	2.247 -5.299 -0.9529 -3.16	0.2299 1.098 6.148 -5.184
15900	5.419 -0.434 6.206 0.767	1.934 -0.9768 -0.6873 -3.857	1.991 -5.37 -1.203 -3.173	0.4318 0.6292 5.923 -4.969
16000	5.505 -0.6123 6.133 0.7717	1.967 -0.9352 -0.6763 -3.886	1.898 -5.26 -1.096 -2.781	0.3964 0.2471 5.953 -4.859
16100	5.432 -0.647 6.153 0.8201	2.012 -1.028 -0.983 -3.486	1.956 -5.201 -1.215 -2.88	0.2306 0.1721 6.349 -4.848
16200	5.211 -0.8089 5.968 1.015	2.176 -1.006 -1.121 -3.486	2.14 -5.2 -1.084 -2.945	0.3577 0.02032 6.224 -4.596
16300	5.194 -0.8252 5.407 0.9996	2.327 -0.9024 -1.075 -3.56	2.119 -5.535 -1.034 -3.385	0.8027 -0.2032 6.235 -4.673
16400	5.098 -0.5166 5.439 0.8812	2.42 -1.212 -0.9312 -3.393	2.325 -5.721 -1.3 -3.274	0.3868 -0.2897 6.249 -4.793
16500	5.266 -0.4182 5.402 0.6632	2.514 -1.05 -0.4936 -3.282	2.204 -5.961 -0.8761 -3.18	0.4098 -0.3125 6.575 -4.493
16600	5.484 -0.342 5.252 0.9653	2.642 -1.174 -0.4122 -3.23	2.331 -6.049 -0.9854 -3.078	0.6434 0.1101 6.074 -4.563
16700	5.116 -0.5907 5.731 0.8004	2.793 -1.126 -0.2733 -3.278	2.495 -5.971 -0.8228 -3.207	0.3815 0.1149 6.042 -4.51
16800	5.152 -0.2422 5.736 0.9051	2.537 -1.13 -0.224 -3.57	2.483 -6.109 -1.064 -3.163	0.3986 0.2978 6.093 -4.595
16900	5.519 -0.3009 5.611 1.054	2.588 -0.9639 0.1769 -3.45	2.372 -6.056 -0.7319 -3.11	0.3874 0.1044 5.984 -4.225
17000	5.675 -0.3845 5.874 1.37	2.656 -1.024 0.4659 -3.345	2.698 -6.218 -0.9328 -2.981	0.5749 0.2817 5.861 -4.286
17100	5.209 -0.3863 5.688 1.4	2.277 -0.8601 0.199 -3.591	2.436 -6.134 -1.002 -3.108	0.5162 -0.07212 5.75 -4.175
17200	5.338 -0.4903 5.547 1.375	2.358 -0.7351 0.2791 -3.425	2.603 -6.323 -1.082 -3.328	0.7759 -0.1958 5.512 -4.226
17300	5.602 -0.2444 5.652 1.803	2.51 -1.262 0.1958 -3.829	2.658 -6.289 -1.242 -3.541	0.9205 -0.3795 5.356 -4.238
17400	5.431 -0.3999 5.568 2.206	2.634 -1.383 0.36 -4.137	2.561 -6.164 -1.23 -3.577	1.023 -0.4456 5.5 -4.43
17500	5.241 -0.5156 5.317 2.397	3.105 -1.605 0.4006 -4.253	2.404 -6.131 -0.9739 -3.405	0.8768 -0.6072 5.815 -4.3
17600	5.799 -0.3602 5.612 2.498	3.358 -1.492 0.1723 -4.348	2.71 -6.157 -0.8025 -3.23	0.8213 -0.5308 6.26 -4.209
17700	5.586 -0.3357 5.294 2.103	3.152 -1.625 0.2401 -4.576	2.609 -6.085 -1.078 -3.018	0.6591 -0.7611 6.243 -4.012
17800	5.135 -0.07077 6.012 1.972	3.29 -1.795 0.19 -4.245	2.674 -6.054 -1.105 -3.022	0.7918 -0.6753 5.951 -3.888
17900	4.919 0.2173 6.102 2.092	3.235 -1.433 0.08466 -4.296	2.635 -5.997 -0.8706 -2.802	0.8991 -0.3712 5.821 -3.828
18000	5.279 0.5298 5.62 2.215	3.494 -1.477 -0.0288 -4.101	2.334 -5.95 -0.6638 -2.571	1.001 -0.7972 6.051 -4.09
18100	5.011 0.4559 5.595 2.091	3.795 -1.543 -0.3033 -4.053	2.59 -6.367 -0.4426 -2.591	1.077 -0.3747 6.277 -4.359
18200	4.743 0.4544 5.392 1.801	3.739 -1.489 0.02506 -4.247	2.657 -6.468 -0.2722 -2.657	1.147 -0.1536 6.387 -4.459
18300	5.06 0.7357 5.255 1.912	3.615 -1.378 -0.1489 -4.28	2.844 -7.176 -0.4874 -2.41	0.9798 -0.07245 6.502 -4.672
18400	5.103 0.4202 5.572 2.217	3.652 -1.636 -0.3657 -4.352	2.778 -6.863 -0.6999 -2.545	0.7226 -0.2421 6.25 -4.611
18500	4.847 0.9219 5.392 2.222	3.601 -1.708 -0.2116 -4.736	2.826 -7.061 -0.8845 -2.455	0.839 -0.3162 6.369 -4.713
18600	5.007 1.065 5.327 1.801	3.415 -1.402 -0.446 -4.855	2.644 -7.013 -0.7118 -2.83	0.6611 0.01698 6.137 -4.973
18700	4.844 1.099 5.192 1.671	3.342 -1.213 -0.836 -4.791	3.015 -6.798 -0.8537 -2.833	0.7308 0.3091 6.147 -5.179
18800	4.976 1.301 4.944 1.581	3.421 -1.201 -1.013 -5.092	3.276 -7.109 -1.006 -2.677	0.8962 0.06963 5.68 -5.149
18900	4.81 1.288 4.712 1.9	3.34 -1.019 -1.538 -4.875	3.135 -7.133 -0.8424 -2.721	0.549 0.02945 5.622 -5.102
19000	4.805 1.512 4.67 1.975	3.714 -1.415 -1.772 -4.494	2.928 -7.089 -0.6374 -2.842	0.5444 0.2929 5.835 -4.99
19100	4.768 1.357 4.581 1.971	3.96 -1.726 -1.636 -4.793	2.891 -7.073 -0.5327 -2.738	0.6353 0.3936 5.922 -5.143
19200	4.648 1.578 4.49 1.711	4.317 -2.008 -1.512 -4.755	3.015 -7.192 -0.7085 -2.777	0.6468 0.3724 5.845 -5.064
19300	4.649 1.714 4.128 1.501	4.319 -1.761 -1.671 -4.549	3.241 -7.165 -0.5718 -2.564	0.6581 0.5248 6.32 -5.103
19400	4.754 1.647 4.267 0.9856	4.401 -1.913 -1.679 -4.613	3.233 -7.354 -0.7708 -2.535	0.3008 0.7823 6.069 -5.181
19500	4.66 1.318 4.505 0.469	4.594 -2.18 -1.311 -4.375	3.647 -7.141 -0.9694 -2.159	0.4856 0.9897 6.208 -4.952
19600	4.85 0.8579 4.35 0.64	4.665 -2.346 -1.198 -4.222	3.492 -6.933 -1.16 -1.686	0.586 0.8484 6.163 -5.148
19700	4.716 0.7245 4.482 0.7526	4.578 -2.465 -0.8966 -4.298	3.712 -7.085 -1.554 -1.801	0.5853 0.7694 6.186 -5.246
19800	4.788 0.6907 4.539 1.151	4.62 -2.519 -1.088 -4.146	3.693 -6.959 -1.42 -1.628	0.2812 0.7491 6.415 -4.837
19900	4.528 0.367 4.736 1.012	4.925 -2.497 -1.191 -4.311	3.916 -6.993 -1.411 -1.623	0.503 0.9138 6.296 -4.84
20000	4.411 0.5753 4.961 0.9624	4.794 -2.38 -0.9787 -4.482	3.672 -7.333 -1.238 -1.636	0.5005 0.7464 6.329 -4.961
20100	4.637 0.1662 4.378 0.8858	4.909 -2.406 -0.8718 -4.489	3.921 -7.36 -1.25 -1.619	0.559 0.7861 6.409 -4.938
20200	4.851 0.221 4.342 1.024	5.145 -2.497 -0.9362 -4.555	3.973 -6.961 -1.357 -1.085	0.6844 0.8083 6.609 -4.999
20300	4.57 -0.1515 4.172 0.9375	4.896 -2.323 -0.7348 -4.779	4.111 -7.041 -1.496 -1.197	0.7768 1.034 6.605 -4.946
20400	5.134 -0.5081 4.564 1.122	4.74 -1.797 -0.9606 -4.691	4.608 -7.018 -1.473 -0.7468	0.6678 1.033 6.49 -4.797
20500	5.182 -0.6831 4.643 1.475	5.061 -1.933 -1.029 -4.772	4.765 -7.127 -1.504 -0.5248	0.7478 0.8977 6.457 -4.802
20600	4.943 -0.448 4.343 1.517	4.832 -1.752 -1.285 -5.38	4.67 -7.261 -1.489 -0.6767	0.6829 1.09 6.401 -4.834
20700	4.912 -0.6947 4.824 1.512	4.815 -1.497 -1.102 -4.992	4.894 -6.944 -1.488 -0.2022	1.229 1.194 6.67 -4.984
20800	5.038 -0.4605 4.63 1.463	5.247 -1.722 -0.7299 -4.984	4.93 -6.963 -1.334 0.1423	1.859 0.7668 6.754 -5.046
20900	4.915 -0.4915 4.116 1.988	5.2 -1.649 -0.7867 -5.013	4.974 -6.941 -1.34 0.134	1.939 1.055 6.41 -5.265
21000	5.334 -0.4398 4.002 2.144	5.296 -1.571 -0.6765 -5.05	4.625 -6.609 -0.9336 -0.01409	1.804 1.467 6.437 -5.198
21100	5.988 -0.5456 3.989 1.987	5.001 -1.708 -0.6588 -4.76	4.464 -6.712 -1.099 -0.2294	1.999 1.261 6.731 -5.609
21200	5.38 -0.6546 4.247 2.255	4.941 -1.643 -0.3178 -4.605	4.498 -6.907 -1.168 -0.09452	2.086 1.488 6.369 -5.499
21300	5.455 -0.7019 4.296 2.364	5.016 -1.966 -0.5351 -4.571	4.516 -7.053 -1.311 -0.02129	2.219 1.622 6.24 -5.884
21400	5.059 -0.5114 3.919 2.737	5.317 -2.038 -0.5307 -4.021	4.646 -6.817 -1.199 -0.1485	2.181 1.559 6.363 -5.868
21500	5.169 -0.3555 4.064 3.546	5.243 -2.134 -0.6892 -4.131	4.623 -6.704 -1.37 -0.1209	2.392 1.572 6.687 -6.287
21600	5.149 -0.1536 4.009 3.294	5.25 -1.864 -0.8426 -3.711	4.537 -6.713 -1.285 -0.1917	2.396 1.522 6.602 -6.146
21700	5.356 -0.1554 4.215 2.811	5.287 -1.601 -1.242 -3.827	4.53 -6.637 -0.9386 -0.233	2.602 1.386 6.834 -6.188
21800	5.548 -0.6911 4.218 3.076	5.322 -1.314 -1.537 -4.004	4.756 -6.589 -0.8244 -0.4265	2.585 1.586 7.08 -6.361
21900	5.853 -0.5564 3.814 2.98	4.902 -1.075 -1.468 -3.608	4.492 -7.085 -0.6976 -0.1352	2.415 1.851 6.843 -6.395
22000	5.994 0.07279 3.496 2.988	4.854 -1.105 -1.546 -3.789	4.586 -7.469 -0.7317 -0.2851	2.193 1.991 6.641 -6.443
22100	6.367 0.2806 3.424 3.411	4.823 -1.288 -1.627 -3.762	4.797 -7.642 -1.088 -0.4027	2.261 1.704 6.276 -6.68
22200	6.079 0.4126 3.089 3.45	4.604 -1.303 -1.512 -3.926	4.775 -7.69 -1.327 -0.374	2.059 1.842 6.59 -6.669
22300	6.183 0.1394 3.303 3.362	4.792 -1.292 -1.369 -4.327	4.981 -7.913 -1.298 -0.2029	2.201 2.06 6.783 -6.694
22400	6.137 0.07468 3.523 3.107	4.946 -1.248 -1.425 -4.617	5.277 -8.091 -1.434 -0.3184	2.154 1.848 7.075 -6.742
22500	6.106 0.2301 3.887 3.267	5.132 -1.295 -1.595 -4.571	5.363 -8.224 -1.258 -0.1528	2.078 2.044 7.255 -6.971
22600	6.062 -0.01572 3.834 3.271	5.493 -1.575 -1.66 -4.616	5.259 -8.344 -1.223 -0.2734	2.36 2.12 7.114 -6.749
22700	6.045 0.3104 3.896 3.056	5.355 -1.498 -1.718 -4.51	5.288 -8.084 -1.209 0.1998	2.067 2.297 7.062 -6.724
22800	6.132 0.143 4.096 3.385	5.537 -1.174 -1.675 -4.746	5.496 -8.286 -0.9859 0.5752	2.118 2.335 7.266 -6.728
22900	5.713 -0.4548 3.952 3.48	5.377 -1.252 -1.78 -4.794	5.411 -8.486 -0.9696 0.477	2.357 2.328 7.4 -6.989
23000	5.622 -0.137 4.078 3.766	5.027 -1.156 -1.433 -4.808	5.238 -8.268 -1.203 0.2763	2.051 2.29 7.494 -7.024
23100	5.715 -0.3498 4.031 3.638	5.424 -1.3 -1.638 -4.803	5.313 -8.215 -1.079 0.2276	2.288 2.098 7.77 -7.22
23200	5.811 -0.2708 4.138 3.418	5.303 -1.2 -1.632 -4.81	4.967 -8.116 -0.9134 0.1001	2.236 1.845 7.614 -7.041
23300	5.787 -0.4113 4.228 3.916	5.378 -1.437 -1.309 -4.734	4.904 -8.171 -0.7623 0.1456	2.164 2.218 7.707 -6.885
23400	5.973 -0.3236 4.255 4.033	5.409 -1.529 -1.409 -4.794	4.791 -7.956 -0.9228 -0.09326	2.16 2.052 7.425 -7.006
23500	6.009 -0.2009 4.199 4.222	5.417 -1.808 -1.387 -4.992	4.555 -8.345 -0.9288 0.2656	2.097 1.837 7.461 -6.915
23600	6.163 -0.1059 3.912 4.692	5.354 -1.786 -1.194 -5.03	4.467 -8.314 -0.6383 0.04539	2.255 2.142 7.341 -7.027
23700	5.918 0.343 4.045 4.501	5.526 -1.742 -1.453 -5.183	4.292 -8.473 -0.2306 0.112	2.346 1.924 7.313 -7.085
23800	5.901 0.1801 4.145 4.445	5.136 -1.33 -1.467 -5.602	4.129 -8.303 -0.06766 0.4507	2.484 2.274 7.521 -7.453
23900	5.749 0.0973 4.181 4.565	4.82 -1.501 -1.478 -5.595	3.929 -7.866 -0.3298 0.1897	2.554 2.411 7.3 -7.303
24000	5.881 0.03751 4.487 4.686	4.978 -1.49 -1.581 -5.448	4.032 -7.72 -0.3533 0.2535	2.368 2.497 7.12 -7.469
24100	5.97 0.1567 3.918 4.695	5.008 -1.321 -1.905 -5.295	4.017 -7.756 -0.2219 0.3365	2.229 2.672 7.168 -7.352
24200	6.052 0.1462 4.214 4.485	5.136 -1.154 -1.861 -5.53	4.175 -8.027 0.01435 -0.01012	2.585 2.668 7.328 -7.534
24300	6.348 0.008362 4.28 4.456	4.846 -0.9482 -2.053 -5.48	3.817 -7.635 0.2689 -0.1277	2.33 2.832 7.521 -7.256
24400	6.541 0.2118 4.024 4.71	5.308 -1.435 -1.613 -5.737	3.645 -7.695 0.2689 0.1336	2.221 2.737 7.76 -7.471
24500	6.694 0.2006 3.974 5.039	5.192 -1.299 -1.976 -5.749	3.848 -7.152 -0.0003551 0.02882	2.321 2.827 8.142 -7.805
24600	6.761 0.3008 3.83 5.298	5.182 -1.319 -2.583 -5.952	3.713 -7.324 0.03263 0.3401	2.315 3.001 7.98 -7.983
24700	6.829 0.6286 3.966 5.376	5.118 -1.555 -2.619 -6.59	3.807 -7.053 -0.2223 0.1899	2.146 3.051 7.865 -8.265
24800	6.95 0.8013 4.033 5.356	5.49 -1.483 -2.748 -6.522	3.851 -7.673 0.0154 0.07009	2.011 3.318 7.994 -8.307
24900	7.059 0.6775 3.549 5.268	5.352 -1.325 -2.785 -6.518	4.256 -7.677 -0.02458 0.01349	2.478 3.534 7.848 -8.621
25000	6.931 0.8554 3.553 5.62	4.963 -1.141 -2.629 -6.763	4.084 -7.52 -0.1085 0.01201	2.577 3.299 7.918 -8.741
25100	7.037 0.7208 3.393 5.619	4.731 -1.194 -2.304 -7.102	3.924 -7.717 -0.4162 0.1934	2.605 3.487 7.916 -9.026
25200	7.151 0.9168 3.205 5.727	5.018 -1.502 -2.116 -7.431	3.979 -7.78 -0.368 0.5448	2.778 3.419 7.736 -9.115
25300	7.025 0.5764 3.15 6.244	4.726 -1.191 -2.46 -7.219	4.407 -7.35 -0.8773 0.9316	2.545 3.749 7.444 -8.783
25400	6.793 0.3613 3.361 6.359	4.452 -0.9854 -2.794 -7.372	4.422 -7.583 -0.7434 0.4923	2.505 3.976 7.5 -8.919
25500	7.091 0.6549 3.622 6.577	4.85 -1.328 -2.777 -7.643	4.458 -7.11 -0.9433 0.827	2.403 3.803 7.578 -8.904
25600	6.715 0.7322 3.976 6.606	4.701 -1.379 -2.891 -7.935	4.476 -6.548 -1.199 0.9512	2.385 3.616 7.625 -8.713
25700	6.723 0.7407 4.046 6.628	4.822 -1.009 -2.91 -8.076	4.664 -6.475 -0.9531 0.805	2.44 3.908 7.547 -8.585
25800	6.884 0.9234 4.481 6.519	4.866 -0.9882 -3.174 -7.944	4.846 -6.592 -0.9788 0.6981	2.587 4.009 7.497 -8.807
25900	6.83 0.8256 3.984 6.313	4.758 -0.7666 -3.022 -8.086	5.055 -7.113 -0.8035 0.3434	2.767 3.828 7.574 -8.815
26000	6.904 0.9518 4.058 6.674	4.718 -0.2714 -2.77 -8.141	5.409 -7.029 -0.8619 0.3013	3.003 3.844 7.808 -8.584
26100	6.818 1.186 4.183 7.057	4.596 -0.3402 -2.437 -8.326	5.472 -6.993 -1.334 0.1305	2.818 3.547 8.132 -8.462
26200	6.983 0.8758 4.378 7.29	4.864 -0.3384 -2.444 -8.312	5.329 -6.883 -0.8194 0.07007	2.636 4.084 8.49 -8.286
26300	7.081 1.102 4.119 7.289	4.754 -0.1629 -2.404 -8.518	5.596 -6.796 -1.013 -0.255	2.795 3.913 8.574 -8.442
26400	6.762 1.113 4.402 7.132	5.105 -0.01935 -2.006 -8.426	5.719 -6.817 -0.4949 -0.4647	2.649 3.933 8.663 -7.92
26500	6.796 1.119 4.147 7.204	5.03 -0.1952 -2.153 -8.527	5.816 -6.648 -0.9498 -0.5067	2.543 4.049 8.648 -7.932
26600	7.006 1.237 4.162 7.172	5.157 -0.2743 -2.288 -8.529	5.881 -6.497 -1.057 -0.6368	2.64 4.145 8.607 -8.078
26700	6.807 1.278 4.261 7.451	5.486 -0.4298 -2.441 -8.444	6.069 -6.78 -1.158 -0.5056	2.483 3.969 8.433 -7.596
26800	6.983 1.093 4.3 7.639	5.431 -0.5914 -2.594 -8.555	5.535 -6.815 -0.96 -0.256	2.608 3.914 8.459 -7.716
26900	6.98 0.9995 4.433 7.622	5.546 -0.9003 -2.601 -8.74	5.432 -6.444 -0.8799 0.2922	2.618 3.801 8.564 -7.877
27000	6.783 0.9151 4.511 7.617	5.772 -1.078 -2.43 -8.8	5.481 -6.469 -0.7124 0.02629	2.91 3.807 8.215 -8.056
27100	6.572 0.6616 4.825 7.608	5.834 -1.184 -2.772 -8.655	5.371 -6.773 -0.7061 0.008374	2.852 3.914 8.212 -8.403
27200	6.336 0.4989 4.897 7.562	6.069 -1.107 -3.06 -8.768	5.723 -7.229 -0.7698 -0.3716	2.762 4.079 8.226 -8.299
27300	6.327 0.5358 4.881 7.435	5.728 -1.013 -2.993 -8.782	5.521 -7.259 -0.7322 -0.3411	2.774 3.9 7.903 -8.377
27400	6.453 0.8833 4.763 7.43	5.756 -1.087 -2.842 -8.434	5.36 -7.579 -0.7463 -0.6788	2.892 3.414 7.774 -8.392
27500	6.81 1.067 4.365 7.517	5.961 -1.116 -2.912 -8.763	5.737 -7.77 -1.049 -0.6779	3.092 3.132 7.816 -8.387
27600	6.996 1.085 4.211 7.746	5.877 -1.155 -2.72 -8.775	6.011 -7.996 -1.151 -0.6714	2.951 2.904 7.977 -8.38
27700	7.247 0.949 3.821 8.023	5.636 -1.173 -2.432 -9.054	6.072 -8.135 -1.591 -0.4124	3.033 2.709 7.887 -8.559
27800	7.278 0.6277 3.985 7.797	5.516 -1.153 -2.44 -8.706	5.933 -7.774 -1.686 -0.6258	3.116 2.518 8.119 -8.754
27900	7.32 0.2398 4.145 7.606	5.596 -1.24 -2.417 -8.701	6.163 -7.53 -1.636 -0.4383	3.235 3.053 8.129 -8.615
28000	7.168 0.3156 4.061 7.368	5.839 -1.126 -2.478 -8.763	6.09 -7.497 -1.398 -0.6561	2.947 3.134 8.23 -8.483
28100	6.82 -0.01814 4.189 7.576	5.878 -0.9962 -2.34 -8.6	6.204 -7.558 -1.345 -0.6782	3.343 3.298 8.029 -8.474
28200	6.944 -0.02731 4.064 7.702	5.865 -1.069 -2.364 -8.568	6.286 -7.83 -1.214 -0.9124	3.447 3.641 7.941 -8.757
28300	6.715 -0.0897 3.91 7.75	5.754 -1.026 -2.366 -8.567	6.257 -7.728 -1.211 -0.769	3.382 3.882 8.032 -8.783
28400	6.433 -0.1102 4.1 7.553	5.699 -0.9981 -2.299 -8.457	6.325 -7.621 -1.259 -0.8337	3.728 3.969 7.672 -8.794
28500	6.476 -0.3032 4.313 7.939	5.647 -1.141 -2.018 -7.905	5.99 -7.772 -1.347 -0.7992	3.848 3.956 7.723 -9.063
28600	6.331 -0.4841 4.034 7.865	5.481 -1.02 -1.836 -8.142	5.88 -7.966 -1.273 -1.036	3.793 4.038 7.614 -8.785
28700	6.501 -0.2405 4.057 7.976	5.486 -0.8365 -2.044 -8.406	5.979 -7.762 -1.062 -0.9214	4.045 4.173 7.721 -8.794
28800	6.329 -0.1633 4.24 7.7	5.951 -1.153 -1.873 -8.442	5.963 -7.852 -0.8697 -1.038	4.165 4.181 7.725 -9.055
28900	6.508 -0.3602 4.229 7.541	5.876 -1.097 -1.56 -8.415	5.923 -7.78 -0.8912 -0.8423	4.184 3.777 7.988 -8.674
29000	6.248 -0.5106 4.283 7.575	5.845 -0.7789 -1.521 -8.63	5.9 -7.239 -0.7158 -1.007	4.478 3.778 8.299 -9.005
29100	6.194 -0.1202 3.872 7.604	5.921 -0.7225 -1.625 -8.341	5.971 -7.179 -0.637 -1.161	4.423 4.267 8.491 -9.025
29200	6.397 0.04178 4.104 7.532	6.022 -0.7055 -1.514 -8.092	6.142 -7.556 -0.6502 -1.071	4.089 4.661 8.587 -8.721
29300	6.214 -0.4146 3.772 7.42	5.702 -0.8446 -1.55 -8.214	6.006 -7.768 -0.6478 -0.8974	4.065 5.072 8.594 -8.818
29400	6.329 -0.2856 4.118 7.159	5.739 -0.5827 -1.443 -7.918	6.156 -7.434 -0.6556 -0.8658	4.084 4.93 8.554 -8.749
29500	6.334 -0.3306 3.905 6.711	5.977 -0.6139 -1.553 -7.613	6.193 -7.3 -0.5745 -0.8012	4.433 4.875 8.541 -9.116
29600	6.301 -0.2759 3.74 6.811	5.773 -0.4326 -1.629 -7.535	6.23 -7.059 -0.856 -0.5474	4.195 4.922 8.724 -9.021
29700	6.374 -0.4017 3.912 6.967	6.016 -0.4787 -1.648 -7.296	6.259 -6.845 -0.7268 -0.4191	4.217 4.942 8.949 -9.093
29800	6.454 -0.7591 3.863 6.867	5.841 -0.5732 -1.941 -7.26	6.299 -6.732 -0.7714 -0.6125	3.84 5.204 8.943 -9.034
29900	6.784 -0.8087 3.518 7.216	5.769 -0.6126 -2.21 -7.437	5.812 -7.11 -0.7163 -0.2358	3.964 4.777 8.709 -9.089
30000	6.937 -0.9461 3.994 7.127	5.777 -0.6708 -2.061 -7.869	5.936 -6.758 -0.6402 -0.4184	3.797 4.789 8.459 -8.829
30100	7.117 -1.018 4.127 7.353	5.834 -0.4842 -2.103 -7.884	5.899 -6.454 -0.6707 -0.5195	3.603 4.853 8.524 -8.786
30200	7.45 -1.116 4.02 7.379	5.807 -0.5313 -2.3 -8.227	5.655 -5.997 -0.2958 -0.3489	4.047 4.752 8.623 -8.868
30300	7.289 -0.9917 4.351 7.303	5.795 -0.5554 -2.281 -7.753	5.284 -6.191 -0.05525 -0.4552	4.247 4.347 8.424 -8.886
30400	7.688 -0.7669 4.332 7.21	5.631 -0.5572 -2.175 -7.792	5.311 -6.238 -0.3135 -0.804	3.948 4.063 8.916 -8.949
30500	7.643 -0.6335 4.382 7.118	5.726 -0.4084 -2.567 -7.777	5.323 -6.074 -0.1982 -0.8182	3.838 4.261 9.063 -8.805
30600	8.078 -0.5287 4.432 7.372	5.592 -0.3182 -2.234 -7.704	5.228 -6.23 -0.09943 -0.72	3.963 4.279 9.276 -8.804
30700	8.041 -0.455 4.756 7.382	5.245 -0.3016 -2.061 -7.633	4.885 -5.964 -0.08162 -0.4886	3.746 4.369 9.173 -8.806
30800	8.023 -0.4511 4.713 7.353	5.351 -0.2729 -1.548 -7.677	4.794 -5.962 -0.0198 -0.5405	3.712 3.997 8.998 -8.478
30900	8.13 -0.4345 4.735 7.33	5.259 -0.2281 -1.504 -7.781	4.821 -5.948 0.1063 -0.5158	3.847 4.152 8.941 -8.416
31000	8.036 -0.6274 4.509 7.137	4.966 -0.524 -1.304 -7.808	4.728 -6.245 0.1166 -0.2517	3.699 4.497 8.701 -8.903
31100	8.018 -0.9684 4.367 7.108	4.874 -0.6141 -1.174 -7.699	4.45 -6.278 -0.231 -0.1849	3.546 4.572 8.419 -8.844
31200	8.394 -1.034 4.46 7.027	4.836 -0.5488 -1.48 -7.354	4.303 -6.425 0.02665 0.08339	3.466 4.532 8.191 -8.83
31300	8.101 -1.079 4.543 6.873	4.984 -0.5667 -1.711 -7.071	4.575 -6.759 0.0684 -0.0461	3.45 4.658 8.242 -8.77
31400	7.939 -1.049 4.56 6.675	4.934 -0.5496 -1.869 -7.103	4.588 -7.057 -0.05883 0.1102	3.458 4.397 8.376 -9.03
31500	8.124 -1.076 4.384 6.59	4.949 -0.6238 -1.898 -7.102	4.474 -7.296 -0.04824 -0.07112	3.719 3.942 8.516 -9.177
31600	8.138 -1.034 4.483 6.873	5.062 -0.9267 -1.603 -7.435	4.511 -7.224 -0.2046 0.1934	3.421 4.297 8.368 -9.433
31700	8.05 -1.378 4.74 6.704	5.063 -0.7305 -1.848 -7.468	4.705 -7.461 -0.3181 0.4883	3.24 4.545 8.526 -9.317
31800	7.928 -1.393 4.653 6.276	4.995 -0.652 -2.182 -7.345	4.803 -7.629 -0.4377 0.4486	2.936 4.278 8.694 -9.079
31900	8 -0.8921 4.804 6.313	5.018 -0.6098 -2.458 -7.191	4.602 -7.549 -0.2541 1.013	2.78 4.604 8.601 -9.134
32000	8.369 -1.384 4.747 6.54	4.911 -0.4737 -2.422 -7.095	4.311 -7.627 0.2512 0.8885	3.06 3.98 8.645 -9.188
32100	8.581 -1.45 4.626 6.903	5.219 -0.6127 -2.705 -6.822	4.312 -7.852 0.2959 0.5807	3.122 4.295 8.551 -9.47
32200	8.59 -1.062 4.547 7.332	5.394 -0.8746 -2.977 -6.5	4.044 -7.533 0.4272 0.6305	3.306 4.237 8.612 -9.556
32300	8.88 -1.055 4.733 7.225	5.26 -0.5983 -3.163 -6.455	4.147 -7.431 0.5803 1.003	3.373 4.249 9.088 -9.473
32400	8.579 -1.145 4.683 6.983	5.588 -0.7525 -2.987 -6.501	4.06 -7.284 0.5469 0.9528	3.465 3.654 9.404 -9.597
32500	8.531 -1.033 4.842 6.816	5.364 -0.6583 -2.979 -6.666	4.184 -7.238 0.3823 0.7944	3.714 4.066 9.382 -9.719
32600	8.7 -1.063 4.954 7.161	5.442 -0.6055 -2.84 -6.938	4.25 -7.358 0.4587 0.7212	4.125 3.679 9.441 -9.96
32700	8.607 -1.236 5.121 7.156	5.793 -0.8869 -2.945 -7.205	4.18 -7.312 0.5114 0.718	3.883 3.845 9.033 -9.739
32800	8.356 -1.109 5.024 6.996	5.639 -0.7951 -3.247 -7.057	4.387 -7.353 0.5113 0.7851	3.497 3.831 8.942 -9.496
32900	7.987 -0.8658 5.261 7.002	5.407 -0.325 -3.238 -7.312	4.752 -7.262 0.3115 0.6797	3.5 3.921 8.597 -9.242
33000	8.099 -1.18 5.075 7.156	5.21 -0.1042 -3.351 -7.187	4.894 -7.061 0.1376 0.8896	3.539 3.762 8.641 -9.165
33100	8.123 -1.412 4.793 7.545	5.226 -0.05858 -3.707 -6.855	4.714 -7.23 0.4818 0.7508	3.782 3.712 8.473 -9.335
33200	8.388 -1.276 4.715 7.398	5.308 -0.09009 -3.336 -6.781	4.667 -7.371 0.4873 0.632	3.415 3.909 8.554 -9.098
33300	8.329 -1.086 4.494 7.471	5.031 -0.08168 -3.338 -6.834	4.324 -7.152 0.5704 0.8837	3.274 3.748 8.774 -9.082
33400	8.778 -0.9614 4.445 7.168	4.667 0.2715 -3.164 -6.872	4.28 -7.238 0.5073 0.8982	3.09 3.965 9 -9.06
33500	8.556 -0.7419 4.74 6.874	4.577 0.3246 -3.074 -7.191	4.273 -7.178 0.5316 0.3983	3.207 3.841 8.772 -9.259
33600	8.609 -0.4043 4.582 7.065	4.642 0.6453 -3.019 -7.035	4.418 -7.157 0.7588 0.402	3.509 3.625 8.635 -8.9
33700	8.296 -0.5888 4.579 6.946	4.677 0.473 -2.703 -6.804	4.308 -7.063 0.6211 0.539	3.518 3.708 9.083 -8.603
33800	8.279 -0.8698 4.607 6.86	4.444 0.5191 -2.526 -7.007	3.978 -7.187 0.7561 0.5271	3.648 3.154 9.12 -8.668
33900	8.153 -0.7307 4.877 6.543	4.541 0.4468 -2.416 -6.967	3.985 -7.093 0.6354 0.8586	3.713 2.793 8.824 -8.505
34000	8.121 -0.4661 4.733 6.319	4.388 0.5036 -2.353 -7.326	4.004 -7.243 0.7382 1.187	3.692 2.742 8.772 -8.182
34100	7.931 -0.2275 4.588 6.487	4.971 0.2997 -2.48 -6.839	4.176 -6.893 0.9751 1.11	3.985 3.114 8.39 -8.521
34200	7.748 -0.2456 4.753 6.883	5.19 0.6172 -2.783 -6.382	4.458 -6.731 1.174 1.006	4.106 3.717 8.279 -8.576
34300	8.023 -0.7574 5.015 6.783	5.38 0.7193 -2.239 -6.437	4.519 -6.867 1.404 0.959	4.322 4.062 8.888 -8.665
34400	7.881 -1.075 4.818 6.258	5.258 0.7457 -2.409 -6.514	4.136 -7.022 1.712 0.7767	4.214 3.867 8.397 -8.467
34500	7.584 -0.9658 4.801 6.308	5.35 0.7446 -2.036 -6.459	4.176 -7.256 1.922 0.4818	4.286 4.15 8.416 -8.446
34600	7.553 -0.7664 4.72 6.576	5.071 0.7101 -2.341 -6.415	4.281 -7.295 1.66 0.381	4.155 4.071 8.086 -8.127
34700	7.404 -1.567 4.814 6.671	5.285 0.6252 -2.269 -6.449	4.636 -7.179 1.33 0.5194	4.093 4.221 8.09 -7.989
34800	7.398 -1.408 4.919 6.234	4.978 0.6462 -2.052 -6.025	4.691 -6.986 1.076 0.6057	4.031 4.285 7.91 -8.259
34900	7.91 -1.344 5.099 6.409	5.037 0.2737 -2.097 -6.334	4.668 -7.38 0.8106 0.4636	4.057 3.777 7.781 -8.172
35000	7.763 -1.703 4.801 6.313	5.202 0.4168 -2.169 -6.106	4.747 -7.78 1.218 0.8712	3.924 3.656 7.698 -7.938
35100	7.674 -1.701 4.835 6.566	5.254 0.6911 -2.096 -6.284	4.597 -7.96 1.619 1.105	4.164 3.664 7.8 -7.914
35200	7.684 -1.72 4.798 6.776	5.281 0.8149 -2.103 -5.723	4.643 -7.886 1.721 1.067	4.381 3.593 7.858 -7.828
35300	7.35 -1.414 4.898 6.859	5.249 1.053 -2.315 -5.692	4.824 -7.579 1.651 1.02	4.619 3.399 7.683 -7.839
35400	7.764 -1.442 5.2 6.776	5.272 0.9017 -2.636 -5.313	4.958 -7.672 1.348 1.012	4.094 3.579 7.7 -7.716
35500	7.624 -1.668 5.437 6.889	5.364 0.5144 -2.729 -5.338	4.63 -7.817 1.256 1.362	3.715 3.358 8.045 -7.973
35600	7.575 -1.676 5.224 6.878	5.322 0.4479 -2.884 -5.623	4.544 -7.91 1.196 1.028	3.603 3.104 7.879 -7.945
35700	7.605 -1.495 5.488 6.972	4.91 0.5089 -2.942 -6.07	4.465 -8.021 0.9297 1.358	3.196 2.915 7.65 -8.069
35800	7.898 -1.416 5.228 7.42	5.041 0.6762 -3.232 -6.07	4.602 -8.424 1.015 1.52	3.375 3.202 7.759 -8.201
35900	7.894 -1.204 5.732 7.499	5.083 0.3939 -3.49 -5.931	4.863 -8.399 0.6323 1.365	3.035 3.056 7.657 -8.23
36000	7.676 -1.402 5.956 7.326	4.615 0.4109 -3.441 -6.342	4.536 -8.5 0.5565 1.388	2.854 2.536 7.639 -8.098
36100	7.418 -1.243 6.042 7.514	4.783 0.7049 -3.294 -6.123	4.723 -8.272 0.7056 1.306	2.428 3.205 7.829 -7.877
36200	7.294 -1.23 6.193 7.359	4.655 0.5413 -3.191 -6.05	4.74 -8.266 0.635 1.367	2.659 3.145 8.001 -7.922
36300	7.221 -1.412 6.202 7.487	4.509 1.057 -2.853 -6.309	5.158 -8.401 0.3401 1.538	2.645 3.216 7.878 -7.724
36400	7.459 -1.663 6.41 7.496	4.421 0.9489 -2.682 -6.087	5.671 -8.641 0.02743 1.609	2.65 3.083 7.87 -7.665
36500	7.663 -1.716 6.212 7.207	4.468 0.8812 -2.736 -6.032	5.56 -8.984 -0.006003 1.633	2.586 3.301 7.564 -7.498
36600	7.639 -1.759 6.416 7.377	4.254 0.9524 -2.907 -5.665	5.309 -8.943 0.1151 1.508	2.375 3.358 7.44 -7.573
36700	7.56 -1.987 6.185 7.317	4.439 0.9283 -2.884 -5.561	5.28 -9.151 0.2983 1.58	2.354 3.407 7.667 -7.611
36800	7.577 -2.285 6.318 6.88	4.029 1.132 -2.885 -5.602	5.171 -8.986 0.1361 1.841	2.586 3.583 7.558 -7.776
36900	7.469 -2.124 6.34 6.805	4.147 1.053 -2.977 -5.79	5.174 -9.083 0.2467 1.826	2.427 3.561 7.195 -7.551
37000	7.372 -1.991 6.191 6.988	4.142 0.9665 -3.021 -5.713	5.302 -8.817 0.219 1.782	2.482 3.64 7.3 -7.404
37100	7.507 -1.636 6.332 6.966	4.097 1.019 -2.724 -5.946	5.096 -8.98 0.451 2.02	2.638 3.681 7.185 -7.485
37200	7.779 -1.662 6.342 6.935	4.184 0.92 -2.991 -6.158	5.085 -9.254 0.2101 2.462	2.858 3.487 7.19 -7.662
37300	8.403 -1.696 6.096 6.76	4.002 1.18 -2.967 -6.253	5.175 -9.212 0.171 2.454	2.918 3.235 7.469 -7.677
37400	8.593 -1.671 5.962 7.012	4.075 1.382 -2.796 -6.217	5.544 -9.419 0.1154 2.578	2.947 3.51 7.647 -8.079
37500	8.816 -1.454 5.804 6.982	3.75 1.522 -3.005 -5.993	5.385 -9.242 0.1389 2.773	3.084 3.063 7.832 -8.31
37600	8.814 -1.363 5.938 7.043	3.631 1.588 -3.477 -5.83	4.995 -9.052 0.2651 3.018	3.144 2.909 7.337 -8.668
37700	8.82 -1.083 6.171 7.003	3.585 1.426 -3.46 -5.846	4.942 -9.381 0.2212 3.348	3.329 2.588 6.995 -8.658
37800	9.092 -1.05 6.278 6.823	3.701 1.454 -3.685 -5.69	5.004 -9.623 0.2296 3.318	3.483 2.239 6.836 -8.823
37900	9.122 -1.252 6.182 7.097	3.703 1.54 -4.285 -5.754	5.013 -9.713 0.3032 3.634	3.369 2.253 6.604 -8.686
38000	9.399 -1.398 6.025 7.05	4.03 1.637 -4.215 -5.397	5.12 -9.735 0.5144 3.576	3.506 2.189 6.577 -8.425
38100	9.562 -1.27 6.171 7.157	4.28 1.478 -3.805 -5.42	4.881 -9.589 0.8902 3.31	3.664 2.157 6.589 -8.371
38200	9.476 -1.075 6.109 7.058	4.094 1.129 -3.918 -5.251	4.642 -9.651 0.7831 3.36	3.51 2.518 6.629 -8.323
38300	9.44 -1.059 6.045 7.011	4.091 1.284 -3.718 -5.226	4.495 -9.869 0.9827 3.233	3.488 2.298 6.784 -8.238
38400	9.404 -1.136 6.002 7.17	4.419 1.188 -3.61 -5.217	4.547 -9.518 1.202 3.519	3.644 2.3 6.813 -8.011
38500	9.354 -0.966 6.074 7.086	4.411 1.308 -3.528 -5.317	4.4 -9.559 1.501 3.373	3.831 2.176 6.685 -8.143
38600	9.204 -0.5519 6.146 6.878	4.356 1.521 -3.876 -5.471	4.44 -9.182 1.657 3.231	3.614 2.207 6.711 -7.904
38700	9.32 -0.5349 6.103 7.286	4.309 1.465 -3.852 -5.485	4.437 -9.128 1.48 3.205	3.686 2.275 6.629 -8.169
38800	9.275 -0.542 6.108 7.251	4.577 1.387 -3.985 -5.194	4.579 -8.881 1.457 3.554	3.814 2.279 6.534 -8.091
38900	9.448 -0.756 5.9 7.417	4.621 1.024 -3.907 -5.105	4.459 -8.679 1.327 3.449	3.785 2.028 6.385 -7.953
39000	9.549 -0.7588 6.179 7.666	4.501 1.248 -4.17 -5.14	4.44 -8.751 1.185 3.238	4.056 2.125 6.091 -8.214
39100	9.346 -0.4949 6.063 7.943	4.64 1.238 -4.252 -5.073	4.613 -8.27 1.241 3.152	4.182 2.296 5.807 -7.862
39200	8.995 -0.3555 6.17 7.722	4.693 1.399 -4.389 -5.468	4.886 -8.299 1.356 3.138	4.022 2.263 6.043 -7.69
39300	8.96 -0.3041 6.238 7.489	4.859 1.101 -4.143 -5.338	4.598 -7.983 1.54 3.314	4.461 2.264 5.736 -7.588
39400	8.915 -0.3937 6.304 7.748	5.044 1.046 -4.323 -5.361	4.57 -8.185 1.564 3.237	4.215 2.289 5.476 -7.614
39500	9.243 -0.07086 6.146 7.756	4.833 1.162 -4.538 -5.748	4.624 -8.026 1.418 3.478	4.306 2.346 5.683 -7.72
39600	9.469 -0.2435 6.525 7.824	4.935 1.01 -4.752 -6.014	4.399 -7.792 1.529 3.38	4.537 2.056 5.391 -7.884
39700	9.571 0.1414 6.844 7.891	5.06 0.9086 -5.153 -5.582	4.296 -7.968 1.595 3.69	4.485 2.275 5.255 -8.104
39800	9.434 0.1002 6.945 8.266	4.931 0.7437 -5.101 -5.724	4.097 -7.96 1.705 4.006	4.521 2.197 5.084 -8.061
39900	9.349 0.1824 7.236 8.012	4.935 0.8101 -4.997 -6.307	4.176 -8.312 1.657 4.136	4.688 2.282 5.301 -8.306
40000	9.633 -0.02336 7.388 8.41	4.53 1.153 -5.19 -6.295	4.171 -8.342 1.249 4.277	4.87 2.156 5.248 -8.791
40100	9.461 -0.01233 6.906 8.499	4.763 1.085 -5.026 -6.392	4.421 -8.251 1.34 4.292	4.516 2.1 5.368 -8.622
40200	9.571 -0.02162 7.084 8.26	5.043 0.8767 -4.814 -6.512	4.562 -8.327 1.278 4.417	4.364 2.321 5.477 -8.169
40300	9.747 0.103 7.041 7.934	4.888 0.8523 -4.852 -6.872	4.581 -7.744 1.262 4.305	4.54 2.137 5.525 -8.169
40400	9.682 -0.2151 7.074 7.971	4.847 0.9683 -4.586 -6.854	4.866 -7.853 1.013 4.41	4.276 2.405 5.481 -8.037
40500	9.805 -0.3932 7.117 7.859	4.7 1.002 -4.544 -7.143	4.739 -7.61 0.8361 4.681	4.311 2.276 5.637 -7.754
40600	10.06 -0.6638 7.12 7.946	4.428 0.8407 -4.632 -6.601	4.743 -7.839 0.6024 4.667	4.141 1.808 5.498 -7.873
40700	10.03 -0.5097 6.982 7.557	4.266 0.8911 -4.226 -6.459	4.747 -8.15 0.3564 4.249	4.304 1.257 5.435 -7.851
40800	10.46 -0.4736 6.919 7.415	4.373 0.9256 -4.168 -6.419	4.958 -8.529 0.3006 4.459	4.466 1.098 5.644 -8.024
40900	10.24 -0.797 7.218 7.451	4.041 1.504 -4.222 -6.769	5.114 -8.343 0.3295 4.874	4.38 1.075 5.648 -8.1
41000	10.19 -0.709 6.99 7.115	4 1.527 -4.39 -6.754	5.155 -8.444 0.2105 4.504	4.489 1.01 5.73 -8.002
41100	9.852 -0.7401 6.979 6.992	4.01 1.592 -4.628 -6.705	5.066 -8.175 0.2754 4.152	4.526 1.357 5.397 -8.374
41200	9.941 -0.6879 7.118 6.959	4.072 1.442 -4.282 -6.805	4.926 -7.999 0.5164 3.946	4.612 1.361 5.534 -8.21
41300	9.958 -0.5641 6.911 7.449	4.164 1.392 -4.383 -6.769	4.93 -7.922 0.6256 3.722	4.691 1.455 5.389 -8.117
41400	9.963 -0.6327 6.739 7.391	4.253 1.246 -4.495 -6.836	5.345 -7.674 0.1108 4.009	4.667 1.729 5.072 -8.234
41500	10.18 -0.7673 6.754 7.454	4.206 0.8154 -4.176 -6.947	5.16 -7.917 -0.1349 3.771	4.675 1.659 4.983 -8.283
41600	10.24 -0.5892 6.846 7.665	4.16 1.168 -4.236 -6.868	5.144 -8.381 0.2538 3.909	4.819 1.581 5.149 -8.369
41700	10.43 -0.5385 6.637 7.56	4.298 0.9016 -4.335 -6.645	5.18 -8.489 0.09495 4.059	4.653 1.692 5.523 -8.612
41800	10.62 -0.5193 6.707 7.466	4.081 1.005 -4.427 -6.458	5.082 -8.274 0.03756 4.303	4.436 1.881 5.802 -8.842
41900	10.62 -0.4127 6.488 7.547	4.153 1.07 -4.825 -6.618	5.018 -8.324 0.1344 4.248	3.961 1.761 5.84 -8.501
42000	10.72 -0.1277 6.441 7.419	4.207 1.428 -4.857 -6.913	5.21 -8.246 0.2886 4.651	4.357 1.82 5.709 -8.392
42100	10.84 -0.2193 6.452 6.828	4.156 1.51 -4.98 -6.899	5.276 -8.243 0.3559 4.177	4.295 2.395 6.012 -8.743
42200	10.65 -0.4487 6.214 6.735	4.115 1.665 -4.844 -6.539	5.086 -8.339 0.5773 4.423	4.436 2.289 6.322 -8.743
42300	10.89 -0.7095 6.443 6.809	4.101 1.552 -4.479 -6.267	4.728 -8.086 0.9348 4.55	4.511 2.473 6.151 -8.724
42400	10.86 -0.6275 6.565 6.826	4.14 1.429 -4.856 -6.074	4.899 -7.826 0.6063 4.732	4.217 2.559 6.227 -8.528
42500	11.2 -0.5798 6.564 6.627	3.959 1.393 -5.058 -6.3	4.599 -8.019 0.9059 4.61	3.812 2.483 6.133 -8.832
42600	11.23 -0.7047 6.552 6.889	4.172 1.262 -5.185 -6.361	4.596 -8.162 0.7714 4.69	3.884 2.643 6.097 -8.798
42700	11.4 -0.9504 6.376 6.7	3.97 1.386 -5.334 -6.183	4.523 -7.95 0.7393 4.653	4.029 2.626 6.185 -9.042
42800	11.54 -0.4224 6.706 6.852	4.11 1.222 -5.199 -6.45	4.646 -8.273 0.7652 4.6	4.189 2.852 6.155 -9.147
42900	11.87 -0.4795 6.814 7.253	4.059 1.409 -5.032 -6.654	4.684 -7.853 0.6767 4.737	4.196 3.081 6.471 -9.204
43000	11.68 -0.5874 6.768 7.399	4.195 1.212 -5.304 -6.721	4.743 -7.863 0.5127 4.248	3.904 2.919 6.809 -9.254
43100	11.73 -0.5664 6.671 7.402	4.168 1.067 -5.391 -6.557	4.586 -8.062 0.547 4.401	3.932 2.897 6.74 -9.418
43200	11.77 -0.5154 6.6 7.836	4.182 0.9447 -5.762 -6.551	4.652 -8.287 0.3794 4.548	3.804 2.805 6.844 -9.487
43300	11.6 -0.7929 6.656 7.881	4.2 0.7641 -5.628 -6.447	4.765 -8.516 0.3148 4.234	3.549 3.081 6.799 -9.655
43400	11.67 -0.6252 6.766 8.155	3.827 0.9854 -5.484 -6.242	4.653 -8.626 0.2359 4.168	3.204 2.977 6.67 -9.886
43500	11.66 -0.2441 6.469 7.65	3.767 0.9048 -5.8 -6.015	4.69 -8.458 0.1542 4.272	3.304 3.336 6.271 -9.782
43600	11.47 -0.2814 6.339 8.028	3.925 0.9999 -6.066 -6.219	4.689 -8.661 0.08097 4.187	3.099 3.475 6.346 -9.917
43700	11.37 0.06386 6.398 8.354	4.111 0.4218 -6.061 -6.298	4.502 -8.617 -0.07754 4.249	2.981 3.508 6.297 -9.968
43800	10.87 0.1593 6.387 8.001	3.913 0.4615 -6.125 -6.135	4.414 -8.639 -0.1092 4.05	2.709 3.354 5.971 -9.912
43900	10.95 0.3397 6.3 8.183	3.789 0.7829 -5.847 -6.22	4.884 -8.576 -0.2403 4.091	2.911 3.529 6.37 -9.59
44000	11.44 0.3432 6.299 8.433	4.001 0.9133 -5.682 -6.417	4.975 -9.075 0.05034 4.369	2.871 3.278 6.379 -9.507
44100	11.18 0.3945 6.145 7.987	4.048 0.9604 -5.852 -5.949	5.05 -8.98 -0.04814 4.177	2.891 3.309 6.378 -9.508
44200	11.26 0.3737 6.343 8.088	3.923 0.8758 -5.704 -5.984	5.03 -8.856 -0.367 4.672	2.871 3.113 6.731 -9.697
44300	11.66 0.4191 6.21 8.18	3.684 0.8934 -5.465 -5.767	5.24 -8.486 -0.5486 4.769	2.999 2.953 6.759 -9.544
44400	11.79 0.2951 6.134 8.377	3.578 0.9287 -5.188 -5.88	5.308 -8.551 -0.7927 4.986	3.031 3.152 6.713 -9.524
44500	11.85 0.5357 6.016 8.541	3.729 1.043 -5.196 -6.022	5.503 -8.521 -0.8827 5.238	3.071 3.42 6.301 -9.395
44600	12.23 0.5414 5.738 8.645	3.794 0.9655 -4.843 -6.234	5.612 -8.722 -0.6861 5.261	3.304 3.298 6.527 -9.532
44700	12.23 0.6112 5.357 9.084	3.647 1.27 -4.935 -6.225	5.414 -8.633 -0.5657 4.845	3.251 2.979 6.868 -9.352
44800	12.35 0.6403 5.25 8.795	3.665 1.398 -4.927 -6.327	5.59 -8.552 -0.6484 5.031	3.713 3.053 7.065 -9.693
44900	12.44 0.1007 5.248 8.818	3.946 1.259 -4.854 -6.57	5.718 -8.395 -0.6899 5.207	3.7 3.331 7.373 -9.88
45000	12.7 0.039 5.138 8.872	3.473 1.511 -4.652 -6.42	5.989 -8.253 -0.8245 5.142	3.584 3.705 7.243 -9.52
45100	12.88 -0.2755 5.239 8.693	3.355 1.549 -4.431 -6.036	5.665 -8.088 -0.9186 4.848	3.362 3.687 7.444 -9.564
45200	13.06 -0.4762 5.723 9.076	3.275 1.424 -4.757 -5.718	5.565 -8.17 -0.8945 4.719	3.256 3.585 7.371 -9.84
45300	13.22 -0.4923 5.885 9.014	3.524 1.011 -4.931 -5.759	5.386 -8.374 -0.8267 4.717	3.413 3.902 7.789 -10.16
45400	12.95 -0.5083 5.781 9.029	3.688 1.27 -5.337 -5.709	5.562 -8.282 -0.8554 4.58	3.253 3.565 7.856 -9.892
45500	12.89 -0.2159 5.849 9.13	3.748 1.412 -5.216 -5.311	5.218 -8.408 -0.3121 4.4	3.312 3.455 7.776 -9.924
45600	12.94 -0.2149 5.696 8.981	3.818 1.536 -5.42 -4.924	5.376 -8.119 -0.2461 4.776	3.196 3.366 8.101 -9.616
45700	12.69 -0.4819 5.702 8.813	3.805 1.369 -5.622 -4.635	5.556 -8.301 -0.5636 4.63	3.068 3.294 8.357 -9.495
45800	12.58 -0.4638 5.471 8.985	4.072 1.268 -5.398 -4.844	5.483 -8.221 -0.3481 4.754	3.352 3.169 8.548 -9.642
45900	12.75 -0.3693 5.528 8.7	3.95 1.295 -5.438 -4.731	5.284 -8.411 -0.3032 4.488	3.264 3.376 8.51 -9.503
46000	12.83 -0.1732 5.225 8.488	3.914 1.329 -5.159 -4.474	5.338 -7.981 -0.2749 4.441	3.206 3.325 8.971 -9.631
46100	12.67 -0.2969 5.295 8.642	3.857 1.282 -5.328 -4.369	5.32 -7.979 -0.256 4.473	3.306 3.278 8.745 -9.286
46200	12.91 -0.423 5.558 8.348	3.74 1.394 -5.189 -4.647	5.516 -7.953 -0.6721 4.794	2.998 3.014 9.042 -9.363
46300	13.1 -0.4614 5.872 8.8	3.845 1.122 -5.391 -4.823	5.59 -8.004 -0.6856 5.112	3.025 2.928 9.335 -9.526
46400	13.1 -0.5323 5.535 8.867	3.97 1.266 -5.185 -5.018	5.604 -8.176 -0.5501 4.864	3.227 3.113 9.037 -9.547
46500	13.36 -0.3963 5.48 9.021	4.164 0.9269 -4.789 -5.233	5.715 -8.392 -0.8529 4.861	3.084 3.493 8.865 -9.541
46600	13.3 -0.2882 5.425 9.107	4.248 0.8953 -4.892 -5.101	5.812 -8.26 -0.826 4.892	2.915 3.478 8.927 -9.504
46700	13.2 0.09808 5.336 8.852	4.389 0.6619 -4.871 -5.472	5.617 -8.302 -0.7707 5.102	2.649 3.542 9.08 -9.632
46800	13.21 0.09073 5.247 8.723	4.394 0.6057 -4.097 -5.809	5.631 -8.033 -0.6371 5.231	2.728 3.472 9.054 -9.347
46900	13.15 0.5365 5.126 8.373	4.482 0.8227 -3.93 -5.646	5.673 -7.747 -0.662 5.74	2.502 3.783 9.178 -8.865
47000	13.13 0.5225 5.216 8.355	4.437 0.9009 -3.809 -5.619	5.625 -7.68 -0.766 5.326	2.618 3.611 9.237 -8.995
47100	13.17 0.4802 5.01 7.994	4.396 0.7072 -3.683 -5.616	5.51 -7.901 -0.6811 5.61	2.35 4.187 9.088 -8.854
47200	13.5 0.1817 5.174 7.353	4.228 0.79 -3.862 -5.454	5.472 -7.687 -0.33 5.539	2.203 4.31 9.286 -8.766
47300	13.63 0.1479 5.01 7.564	4.272 1.005 -3.643 -5.44	5.54 -7.846 -0.3022 5.525	2.147 4.325 9.425 -8.704
47400	13.76 0.3175 5.165 7.766	4.01 1.192 -3.479 -5.285	5.561 -7.811 -0.4126 5.572	1.997 4.188 9.406 -8.557
47500	13.91 0.1919 5.131 8.078	3.993 1.367 -3.601 -5.431	5.982 -8.036 -0.7179 5.632	1.891 4.419 9.432 -8.669
47600	13.86 -0.06432 5.211 8.462	3.724 1.697 -3.731 -5.072	6.092 -8.183 -0.5349 5.224	2.031 4.63 9.283 -8.697
47700	14.24 0.1716 5.33 8.613	3.627 1.686 -3.348 -5.005	5.98 -7.958 -0.6866 5.154	1.927 4.582 9.522 -8.84
47800	14.64 -0.2148 5.51 8.263	3.778 1.478 -3.171 -5.424	6.252 -8.362 -0.9254 5.21	1.964 4.64 9.51 -8.715
47900	14.83 -0.1164 6.065 8.257	3.568 1.45 -3.084 -5.537	5.928 -8.347 -0.7666 5.244	1.921 4.658 9.238 -8.57
48000	14.91 0.1883 6.158 8.298	3.558 1.198 -3.095 -5.228	5.609 -8.204 -0.9136 4.831	1.757 4.316 9.425 -8.914
48100	15.07 0.03319 6.444 8.537	3.199 1.514 -3.076 -5.062	5.574 -7.83 -1.083 4.759	1.78 4.485 9.582 -9.147
48200	15.1 0.02752 6.346 8.417	3.236 1.368 -3.344 -4.994	5.198 -8.129 -0.8607 4.981	1.892 4.658 9.14 -9.143
48300	15.29 -0.1511 6.201 8.628	3.162 1.295 -3.415 -4.737	5.442 -7.932 -0.952 4.715	1.903 4.773 9.233 -9.168
48400	15.49 -0.2843 6.612 8.5	3.268 1.131 -3.296 -4.381	5.61 -7.9 -1.041 4.803	1.554 5.043 9.228 -9.239
48500	15.46 -0.04448 6.704 8.194	3.291 1.289 -3.146 -4.405	5.351 -7.88 -0.6946 4.801	1.956 4.971 9.143 -9.318
48600	15.32 -0.0773 6.234 7.915	3.689 0.763 -3.033 -4.293	5.34 -7.894 -0.9419 4.74	1.917 4.901 9.05 -9.164
48700	14.93 -0.1743 6.642 8.086	3.735 0.9617 -3.362 -4.318	5.544 -7.869 -0.8384 4.739	2.142 4.901 8.866 -9.295
48800	14.76 0.3194 6.663 8.202	3.73 0.7957 -3.217 -4.339	5.302 -7.816 -0.7149 4.596	2.519 4.699 8.87 -9.26
48900	14.93 0.4106 6.836 8.686	3.927 1.021 -3.649 -4.479	5.787 -7.69 -0.9407 4.326	2.685 5.074 8.991 -9.622
49000	14.8 0.6026 6.663 8.341	4.012 1.042 -3.5 -4.652	6.132 -7.554 -0.897 4.754	2.787 4.912 8.994 -9.734
49100	14.63 0.8337 7.007 8.701	4.299 0.6839 -3.624 -4.818	5.921 -7.557 -0.7672 4.605	2.943 5.167 8.965 -9.684
49200	14.56 1.002 6.984 8.742	4.598 0.5101 -3.452 -4.653	6.058 -7.828 -0.8765 4.35	3.133 5.392 9.239 -10.05
49300	14.56 0.9994 6.859 8.807	4.959 0.4115 -3.666 -5.114	6.058 -7.721 -0.6969 4.238	3.231 5.272 9.546 -10.12
49400	14.26 0.8855 7.061 8.686	5.289 0.5124 -3.753 -5.039	6.195 -7.326 -0.3732 4.458	2.946 5.628 9.487 -9.835
49500	14.29 0.7045 6.745 9.028	5.525 0.7531 -3.662 -4.747	6.187 -7.198 0.06152 4.308	3.359 6.261 9.845 -9.892
49600	14.23 0.6029 7.16 8.938	5.589 0.679 -3.621 -4.681	6.167 -7.205 0.07672 4.016	3.529 6.143 10.14 -10.03
49700	14.68 0.8759 7.294 8.889	5.718 0.4945 -3.226 -4.849	6.259 -7.417 -0.1085 3.835	3.6 6.117 9.93 -10.05
49800	14.53 0.6162 7.45 9.067	5.585 0.6767 -3.349 -4.882	6.277 -7.158 -0.06572 3.817	3.857 6.366 9.899 -10.4
49900	14.21 0.5987 7.997 9.02	5.757 0.4411 -3.513 -5.269	5.855 -7.542 0.3179 4.016	3.668 6.283 10.14 -10.63
50000	14.19 0.7763 7.714 8.87	5.521 0.3668 -3.868 -5.28	5.327 -7.472 0.5999 4.029	3.932 5.964 9.894 -11
50100	13.83 0.7541 8.107 8.878	5.453 0.5229 -3.899 -5.308	5.451 -7.719 0.5675 3.876	3.767 6.248 9.761 -10.6
