0	0 0 0 0	0 0 0 0	0 0 0 0	0 0 0 0
100	0.1596 0.1519 -0.08266 0.0238	0.2923 -0.005547 0.03657 0.2662	-0.2254 -0.3551 0.2638 0.1209	0.03058 -0.02453 0.06138 -0.6295
200	0.1156 0.5675 0.1442 -0.00766	0.628 0.09952 0.09345 0.4723	-0.4268 -0.5198 0.2484 0.3747	0.05878 0.1429 0.5065 -0.8825
300	0.1086 0.874 0.0984 -0.3052	0.7629 0.1321 -0.2414 0.636	-0.6994 -0.7719 0.542 0.1269	0.2047 0.1735 0.6565 -1.027
400	0.1187 1.025 -0.2416 -0.4432	0.9503 0.2246 -0.3396 0.882	-1.021 -1.255 0.685 0.07305	0.3413 0.2857 0.9731 -1.25
500	0.2066 1.409 -0.4058 -0.2709	1.011 0.1795 -0.4075 0.9328	-0.8541 -1.561 0.7486 0.2396	0.1679 0.4302 1.023 -1.539
600	0.2316 1.606 -0.3999 -0.2828	1.367 0.1895 -0.1779 0.8353	-1.08 -1.836 0.8867 0.115	0.1951 0.4894 1.349 -1.654
700	0.2454 1.614 -0.3337 -0.7828	1.467 0.2773 -0.2767 0.553	-1.284 -1.86 0.8685 0.1586	0.3847 0.473 1.735 -1.979
800	0.1592 1.56 -0.4506 -0.8911	1.388 0.3129 -0.3491 0.6976	-1.308 -1.808 0.8351 0.3159	0.5768 0.5427 1.851 -2.067
900	0.215 1.615 -0.3399 -0.8092	1.289 0.1844 -0.3257 0.7281	-1.553 -1.952 0.8146 0.3704	0.5938 0.6206 1.802 -2.19
1000	0.1702 1.908 -0.6552 -0.6817	1.322 0.09546 -0.353 0.7696	-1.388 -1.995 0.8065 0.6249	0.5151 0.9168 1.985 -2.496
1100	0.2426 2.087 -0.7403 -0.5075	1.017 0.171 -0.3782 0.791	-1.4 -2.024 0.7412 0.5927	0.4297 1.017 2.057 -2.599
1200	0.2422 2.107 -0.7708 -0.4918	1.111 0.05697 -0.421 0.7056	-1.396 -2.114 0.8622 0.53	0.4184 1.008 2.242 -2.654
1300	0.2955 2.006 -0.9097 -0.5067	1.319 0.07392 -0.4402 0.7	-1.431 -2.123 0.8347 0.4367	0.5444 0.6243 2.202 -2.733
1400	0.3386 2.029 -0.9541 -0.5304	1.234 0.2299 -0.6481 0.7143	-1.373 -2.453 0.8306 0.4836	0.8392 0.5887 2.278 -2.78
1500	0.2774 2.119 -1.119 -0.7491	1.439 0.3004 -0.9349 0.7241	-1.664 -2.726 0.9328 0.4844	0.5085 0.6808 2.157 -2.911
1600	0.3627 2.215 -1.118 -0.632	1.666 0.325 -0.8726 0.7634	-1.603 -2.81 0.9949 0.5331	0.3271 0.7972 2.251 -2.951
1700	0.4279 2.377 -1.229 -0.7477	1.62 0.2652 -0.7935 0.5618	-1.616 -2.975 0.9422 0.3789	0.4899 0.9453 2.364 -3.156
1800	0.3741 2.556 -1.202 -0.4632	1.736 0.1668 -0.8223 0.5656	-1.776 -2.902 0.973 0.3348	0.5036 0.7982 2.313 -3.051
1900	0.4955 2.61 -1.24 -0.474	1.883 0.2328 -0.7765 0.5873	-1.724 -3.086 1.027 0.3361	0.4572 0.8013 2.169 -2.909
2000	0.4046 2.56 -1.262 -0.4078	1.671 0.2045 -0.8862 0.7536	-1.586 -3.326 0.9936 0.3878	0.328 0.6772 2.121 -2.852
2100	0.4892 2.567 -1.156 -0.2385	1.644 0.3185 -0.9172 0.6322	-1.73 -3.304 1.048 0.3988	0.3979 0.6718 2.011 -2.831
2200	0.3608 2.544 -1.262 -0.1792	1.684 0.2162 -1.038 0.7713	-1.799 -3.309 1.011 0.4333	0.3257 0.6578 1.944 -2.87
2300	0.3509 2.421 -1.309 -0.1019	1.7 0.2236 -1.107 0.8881	-1.785 -3.043 0.9457 0.5183	0.4608 0.6827 2.039 -2.918
2400	0.4021 2.483 -1.342 -0.1706	1.692 0.2541 -1.077 0.8044	-1.697 -3.06 0.972 0.4231	0.4474 0.5805 2.04 -2.879
2500	0.3536 2.913 -1.209 -0.1397	1.734 0.3546 -1.119 0.6771	-1.694 -3.127 0.9973 0.5118	0.3756 0.5872 2.054 -2.86
2600	0.4026 2.938 -1.235 -0.08642	1.707 0.3108 -1.018 0.5818	-1.58 -3.107 1.037 0.4101	0.4471 0.5757 1.975 -2.815
2700	0.5365 3.232 -1.241 0.08251	1.711 0.4535 -1.138 0.6101	-1.413 -3.169 1.091 0.3254	0.4188 0.3876 1.924 -2.858
2800	0.4876 3.334 -1.329 0.05104	1.75 0.4774 -1.079 0.5756	-1.396 -3.453 1.146 0.3118	0.555 0.5905 2.044 -2.755
2900	0.5226 3.28 -1.31 -0.08337	1.906 0.4493 -1.002 0.6334	-1.446 -3.483 1.135 0.2398	0.4774 0.5308 2.147 -2.793
3000	0.398 3.277 -1.198 -0.09151	1.78 0.4391 -1.088 0.6179	-1.596 -3.5 1.089 0.13	0.5972 0.6813 2.156 -2.856
3100	0.38 3.249 -1.013 0.09023	1.786 0.4235 -0.9183 0.429	-1.71 -3.962 1.087 -0.007603	0.5455 0.498 2.378 -2.949
3200	0.5038 3.232 -0.9839 0.1598	1.745 0.3721 -0.5771 0.3676	-1.585 -4.096 1.227 0.03805	0.4425 0.4751 2.409 -2.902
3300	0.5478 3.277 -0.9708 0.1493	1.86 0.532 -0.6213 0.421	-1.797 -4.276 1.285 0.009326	0.287 0.2766 2.57 -2.883
3400	0.6644 3.208 -0.9173 0.2815	2.039 0.5682 -0.6471 0.3024	-1.707 -4.324 1.33 -0.1006	0.1848 0.06667 2.781 -3.004
3500	0.6911 3.011 -0.8529 0.3312	1.886 0.6662 -0.6666 -0.01954	-1.562 -4.241 1.259 0.04525	0.3684 0.0752 2.895 -2.965
3600	0.5861 2.979 -0.7938 0.1708	2.004 0.565 -0.6437 0.08322	-1.405 -4.362 1.215 0.06357	0.1416 0.1631 2.995 -3.084
3700	0.758 3.021 -0.7105 0.04649	1.952 0.6625 -0.7375 0.05871	-1.485 -4.649 1.409 0.207	0.1496 0.4601 2.873 -2.834
3800	0.7169 2.893 -0.5085 0.375	1.992 0.6877 -0.2878 0.493	-1.701 -4.561 1.424 0.08631	0.2639 0.3647 3.067 -2.858
3900	0.7338 3.026 -0.6806 0.5202	2.07 0.7101 -0.4855 0.6384	-1.616 -4.73 1.384 0.125	0.2923 0.2961 3.125 -2.902
4000	0.7912 3.06 -0.6963 0.5397	2.046 0.6475 -0.5605 0.6582	-1.608 -4.682 1.447 0.2532	0.3691 0.2365 3.15 -3.043
4100	0.7143 3.013 -0.8109 0.4792	2.077 0.7433 -0.5214 0.8112	-1.639 -4.673 1.429 0.2136	0.4587 0.1504 3.122 -3.02
4200	0.8124 2.844 -0.7131 0.4745	2.165 0.8199 -0.6947 1.067	-1.745 -4.675 1.472 0.1136	0.4782 0.4097 3.043 -2.96
4300	0.7576 2.802 -0.5064 0.4374	2.17 0.7373 -0.5283 0.8873	-1.82 -4.612 1.441 0.3339	0.3602 0.5535 3.022 -2.889
4400	0.7233 2.844 -0.5122 0.3998	2.11 0.6273 -0.4935 0.7995	-1.867 -4.602 1.395 0.2927	0.1875 0.4899 3.014 -2.871
4500	0.8518 2.958 -0.7086 0.4814	2.318 0.7446 -0.6156 0.7864	-1.729 -4.487 1.492 0.1912	0.2119 0.4315 3.013 -2.911
4600	0.8236 3.163 -0.9121 0.5527	2.235 0.8101 -0.6675 0.8004	-1.887 -4.58 1.511 0.2578	0.2346 0.3901 2.923 -2.934
4700	0.8656 3.286 -0.7551 0.5388	2.359 0.74 -0.599 0.8557	-1.691 -4.651 1.417 0.2234	0.3805 0.3819 3.113 -3.012
4800	0.8683 3.203 -0.9537 0.4611	2.352 0.7485 -0.6103 0.7857	-1.635 -4.666 1.557 0.223	0.5376 0.2973 3.294 -3.245
4900	0.8581 3.287 -0.8904 0.4725	2.636 0.8381 -0.7055 0.7647	-1.509 -4.794 1.539 0.137	0.5009 0.2879 3.294 -3.23
5000	0.8707 3.443 -0.8759 0.5493	2.513 0.7353 -0.6723 0.6794	-1.453 -5.047 1.435 -0.0004871	0.661 0.3384 3.42 -3.296
5100	0.9028 3.504 -0.7694 0.5852	2.767 0.8017 -0.5267 0.7747	-1.542 -5.178 1.536 -0.02513	0.6742 0.4599 3.42 -3.247
5200	0.9111 3.512 -0.7467 0.5828	2.472 0.8375 -0.4064 0.8135	-1.642 -5.214 1.578 -0.1413	0.7343 0.3783 3.468 -3.234
5300	0.9567 3.543 -0.7409 0.6723	2.474 0.8144 -0.4546 0.8597	-1.613 -5.319 1.622 -0.2955	0.7191 0.3785 3.494 -3.276
5400	0.9128 3.44 -0.7359 0.7609	2.549 0.7595 -0.4868 0.8632	-1.551 -5.357 1.537 -0.3163	0.7981 0.3318 3.515 -3.23
5500	0.8294 3.281 -0.9443 0.9088	2.993 0.7143 -0.7164 1.064	-1.398 -5.549 1.469 -0.4476	0.6571 0.1637 3.321 -3.216
5600	0.8073 3.271 -0.9649 0.8666	2.996 0.7714 -0.8076 0.8195	-1.397 -5.697 1.496 -0.446	0.4766 0.2791 3.299 -3.447
5700	0.7787 3.032 -0.7459 0.8185	3.071 0.848 -0.903 0.9741	-1.504 -5.788 1.588 -0.33	0.661 0.1175 3.283 -3.323
5800	0.6795 2.996 -0.6079 0.8303	3.207 0.8434 -0.7979 0.8941	-1.517 -5.863 1.576 -0.183	0.5069 0.1503 3.237 -3.278
5900	0.6136 3.092 -0.6013 0.7954	3.269 0.6889 -0.8273 0.9806	-1.385 -5.858 1.415 -0.09163	0.4386 0.1783 3.215 -3.291
6000	0.6263 2.85 -0.7615 0.8616	3.405 0.5333 -0.7013 0.7515	-1.462 -6.038 1.296 -0.2076	0.37 0.1132 3.177 -3.229
6100	0.5515 3.174 -0.7226 0.9665	3.237 0.599 -0.686 0.7997	-1.517 -6.11 1.303 -0.201	0.5226 0.03558 3.452 -3.591
6200	0.6318 3.25 -0.7048 0.9808	3.099 0.6753 -0.6963 0.455	-1.392 -6.121 1.41 -0.2516	0.7125 -0.0889 3.289 -3.535
6300	0.6196 3.186 -0.7968 0.98	3.108 0.6617 -0.8838 0.4008	-1.421 -6.102 1.375 -0.305	0.8183 0.2311 3.233 -3.363
6400	0.6482 3.369 -0.8404 1.022	2.942 0.6594 -0.9225 0.3943	-1.178 -6.185 1.436 -0.2713	0.6173 0.233 3.242 -3.399
6500	0.6009 3.512 -0.8306 1.132	3.035 0.6159 -0.8209 0.372	-1.052 -6.262 1.294 -0.3591	0.6952 0.2538 3.071 -3.407
6600	0.643 3.423 -1.087 1.176	2.82 0.4811 -0.7174 0.4416	-1.064 -6.189 1.21 -0.4119	0.8786 0.2792 3.248 -3.523
6700	0.4827 3.434 -0.9754 1.143	2.938 0.3003 -0.7517 0.316	-1.09 -6.187 1.106 -0.4188	1.033 0.2869 3.125 -3.623
6800	0.3656 3.176 -0.9815 1.058	2.735 0.3258 -0.8402 0.4522	-0.9746 -6.06 1.017 -0.5426	1.023 0.1363 3.298 -3.84
6900	0.3402 3.191 -0.8785 1.097	2.878 0.1979 -0.6291 0.563	-0.8333 -6.055 0.9625 -0.4868	0.9796 0.2335 3.337 -3.885
7000	0.2846 3.182 -0.9403 1.18	3.047 0.2336 -0.7294 0.5698	-1.01 -6.052 1.001 -0.4587	0.8461 0.4013 3.28 -3.879
7100	0.2721 3.011 -0.9358 1.133	3.067 0.2211 -0.7171 0.6012	-0.9281 -6.075 0.976 -0.5161	0.903 0.4223 3.247 -3.816
7200	0.286 2.933 -0.9274 1.159	3.062 0.2198 -0.7336 0.6056	-0.9275 -6.116 0.9339 -0.5822	0.9375 0.4417 3.274 -3.856
7300	0.2877 2.847 -0.9944 1.23	3.048 0.1821 -0.742 0.5835	-0.8195 -6.102 0.9898 -0.5839	0.9036 0.428 3.211 -3.871
7400	0.4999 2.846 -1.117 1.235	2.81 0.2959 -0.9271 0.6605	-0.7598 -6.08 1.159 -0.6108	1.161 0.4195 3.212 -3.888
7500	0.3268 2.907 -1.144 1.302	2.807 0.2849 -0.8987 0.6028	-0.7609 -6.094 0.9858 -0.761	1.197 0.4986 3.281 -3.948
7600	0.217 3.06 -1.121 1.329	2.967 0.1604 -0.9485 0.5631	-0.9146 -6.129 0.9023 -0.8618	1.272 0.5768 3.273 -4.167
7700	0.228 2.967 -1.281 1.246	2.787 0.12 -0.9144 0.5062	-0.7913 -6.055 0.8465 -0.8428	1.195 0.6558 3.359 -4.209
7800	0.3362 2.807 -1.123 1.426	2.844 0.1017 -0.8915 0.5463	-0.5436 -5.994 0.901 -0.8905	1.046 0.4467 3.419 -4.212
7900	0.2716 2.783 -1.178 1.462	2.907 0.2049 -1.031 0.4637	-0.5827 -6.219 0.9223 -0.8775	1 0.4465 3.505 -4.425
8000	0.2716 2.783 -1.178 1.462	2.907 0.2049 -1.031 0.4637	-0.5827 -6.219 0.9223 -0.8775	1 0.4465 3.505 -4.425
8100	0.2716 2.783 -1.178 1.462	2.907 0.2049 -1.031 0.4637	-0.5827 -6.219 0.9223 -0.8775	1 0.4465 3.505 -4.425
8200	0.2828 2.771 -1.177 1.452	2.894 0.2193 -1.038 0.5043	-0.5648 -6.252 0.9008 -0.8801	0.9999 0.4681 3.54 -4.408
8300	0.2778 2.68 -1.228 1.478	2.919 0.2877 -1.117 0.3685	-0.5238 -6.191 1.01 -0.6883	1.136 0.433 3.607 -4.483
8400	0.3444 2.448 -1.374 1.572	3.107 0.2183 -1.318 0.3618	-0.5524 -6.402 0.9703 -0.8309	1.155 0.3136 3.539 -4.731
8500	0.1413 2.575 -1.443 1.375	3.298 0.1265 -1.239 -0.04135	-0.4346 -6.339 0.8486 -1.033	1.176 0.4389 3.449 -4.64
8600	0.1783 2.655 -1.436 1.303	3.341 0.1039 -1.226 0.07006	-0.3046 -6.504 0.883 -0.881	1.156 0.4563 3.629 -4.739
8700	0.2376 2.677 -1.32 1.304	3.242 0.1505 -1.16 -0.03728	-0.4125 -6.516 0.8994 -0.936	1.183 0.4197 3.697 -4.77
8800	0.2155 2.698 -1.339 1.32	3.279 0.1449 -1.144 -0.04936	-0.4563 -6.507 0.9005 -0.9268	1.148 0.4235 3.664 -4.747
8900	0.1573 2.623 -1.307 1.261	3.42 0.1815 -1.053 0.02126	-0.6117 -6.664 0.8856 -1.049	1.117 0.3589 3.62 -4.726
9000	0.1207 2.614 -1.284 1.306	3.323 0.009388 -1.004 0.07806	-0.5956 -6.646 0.8023 -0.9184	1.198 0.429 3.639 -4.836
9100	0.1107 2.644 -1.287 1.299	3.286 0.02536 -1.049 0.08449	-0.5796 -6.642 0.8368 -0.9724	1.181 0.5017 3.669 -4.841
9200	-0.009023 2.719 -1.204 1.246	3.196 -0.05765 -1.135 0.008403	-0.5292 -6.799 0.8247 -0.9454	1.256 0.5257 3.61 -4.842
9300	0.09525 2.532 -1.255 1.181	3.135 0.01928 -1.117 0.1192	-0.7671 -6.916 0.7095 -0.991	1.368 0.3213 3.611 -4.805
9400	0.05693 2.66 -1.251 1.122	3.193 -0.06167 -1.047 0.2726	-0.7693 -6.828 0.7108 -0.9208	1.473 0.4463 3.418 -4.649
9500	-0.01876 2.698 -1.073 1.064	3.374 0.03265 -1.077 0.2489	-0.7956 -6.813 0.7205 -0.9156	1.262 0.3969 3.617 -4.649
9600	-0.01749 2.824 -0.971 1.024	3.452 -0.07412 -1.057 0.03208	-0.7836 -6.817 0.6019 -0.8241	1.121 0.3892 3.67 -4.712
9700	0.08608 2.75 -1.06 1.034	3.403 -0.002098 -1.065 -0.01281	-0.5389 -6.738 0.7855 -0.8062	1.033 0.3984 3.689 -4.691
9800	0.01112 2.592 -0.9469 1.011	3.561 0.08871 -0.9675 -0.002413	-0.4735 -6.44 0.6837 -0.8165	1.132 0.3157 3.695 -4.69
9900	-0.08489 2.833 -0.7992 1.015	3.248 -0.1063 -0.7774 -0.2245	-0.1607 -6.272 0.6517 -0.8845	1.291 0.3482 3.777 -4.659
10000	-0.02869 2.776 -0.7209 0.9771	3.051 -0.2279 -0.5795 -0.06953	0.1024 -6.448 0.6106 -0.8042	1.212 0.2007 3.669 -4.654
10100	-0.06779 2.896 -0.6763 1.002	3.152 0.01765 -0.6773 0.2476	0.3719 -6.314 0.56 -0.9872	1.114 0.3166 3.843 -4.569
10200	-0.07771 2.741 -0.7039 0.9679	2.91 -0.01286 -0.6106 0.2739	0.6634 -6.533 0.5635 -0.9915	1.303 0.08954 3.815 -4.518
10300	-0.01055 2.814 -0.7747 0.964	3.035 -0.1197 -0.5948 0.3152	0.4803 -6.384 0.5003 -0.9049	1.494 0.2107 3.829 -4.563
10400	-0.05594 2.808 -0.6845 1.179	2.981 -0.06812 -0.4909 0.02193	0.441 -6.485 0.5742 -0.6089	1.661 0.2842 3.709 -4.44
10500	-0.1239 2.804 -0.4857 1.076	2.937 -0.2008 -0.3299 -0.1078	0.3902 -6.38 0.4726 -0.6753	1.512 0.09563 3.773 -4.411
10600	-0.2345 2.956 -0.4125 0.9663	2.956 -0.297 -0.2459 -0.1472	0.4646 -6.473 0.352 -0.865	1.579 -0.05558 3.965 -4.431
10700	-0.3682 2.977 -0.4048 0.9829	2.847 -0.3109 -0.1232 -0.2318	0.6979 -6.526 0.3458 -0.6313	1.321 0.0004294 3.88 -4.474
10800	-0.09661 2.75 -0.6072 1.091	2.848 -0.2063 -0.2024 -0.3173	0.749 -6.463 0.4739 -0.7747	1.414 -0.02348 3.849 -4.471
10900	-0.2186 2.656 -0.5847 0.9137	3.086 -0.2056 -0.3842 -0.2795	0.7817 -6.574 0.388 -0.7429	1.331 -0.06439 3.868 -4.498
11000	-0.276 2.479 -0.5944 0.6091	2.982 -0.228 -0.4966 -0.2114	0.6308 -6.331 0.3734 -0.5533	1.322 -0.2116 3.764 -4.438
11100	-0.3202 2.512 -0.7162 0.6377	2.811 -0.2769 -0.3704 -0.1251	0.6271 -6.407 0.3277 -0.5034	1.209 -0.08733 3.84 -4.456
11200	-0.3784 2.478 -0.664 0.8182	2.658 -0.5309 -0.08807 -0.2168	0.917 -6.546 0.147 -0.3612	1.091 0.0593 3.907 -4.534
11300	-0.3777 2.816 -0.6625 0.7706	2.434 -0.3736 0.0295 -0.115	1.153 -6.884 0.146 -0.5489	1.057 0.1257 3.883 -4.35
11400	-0.4274 3.055 -0.7135 0.7853	2.286 -0.4502 0.001999 -0.2712	1.302 -6.884 0.0729 -0.3276	1.209 0.08573 3.82 -4.361
11500	-0.4018 3.101 -0.5904 0.78	2.334 -0.5745 0.02662 -0.1002	1.451 -7.128 -0.03963 -0.008954	1.159 0.2515 3.761 -4.303
11600	-0.4503 3.189 -0.6227 0.5105	2.088 -0.3726 -0.04562 -0.04447	1.585 -7.178 0.09129 0.1207	1.214 0.1328 3.782 -4.269
11700	-0.4792 3.079 -0.8952 0.4563	1.834 -0.3907 0.05301 -0.3047	1.689 -7.027 0.02908 0.4279	1.18 0.3699 3.896 -4.309
11800	-0.4046 3.204 -0.8594 0.3453	2.01 -0.4609 0.152 -0.3302	1.632 -7.279 -0.03456 0.5351	1.091 0.3162 3.801 -4.314
11900	-0.5245 3.239 -0.9001 0.2284	2.063 -0.5454 0.2861 -0.3785	1.701 -7.421 -0.1322 0.679	1.128 0.3392 3.889 -4.521
12000	-0.5575 3.297 -0.9303 0.3314	2.151 -0.5909 0.2927 -0.5563	1.781 -7.539 -0.1734 0.8072	1.11 0.2488 3.851 -4.523
12100	-0.6397 3.361 -0.8619 0.4672	2.094 -0.6336 0.3059 -0.6965	1.746 -7.72 -0.1879 0.8132	1.12 0.3816 3.992 -4.53
12200	-0.6218 3.402 -0.7848 0.4547	2.152 -0.6181 0.3023 -0.6977	1.803 -7.673 -0.2388 0.781	1.149 0.3925 4.12 -4.536
12300	-0.6044 3.405 -0.7895 0.3058	2.073 -0.586 0.2834 -0.6487	1.844 -7.676 -0.1989 0.6694	1.108 0.3819 4.184 -4.546
12400	-0.5249 3.487 -0.7874 0.04722	2.15 -0.5529 0.2296 -0.5633	1.81 -7.744 -0.05631 0.9787	1.137 0.3841 4.111 -4.52
12500	-0.5313 3.427 -0.7001 0.1006	2.164 -0.5308 0.213 -0.4046	1.759 -7.764 -0.111 0.8716	1.162 0.37 4.123 -4.56
12600	-0.4667 3.495 -0.9115 0.1992	2.087 -0.4745 0.267 -0.3921	1.802 -7.769 -0.01522 0.9411	1.164 0.2229 4.254 -4.554
12700	-0.5113 3.681 -0.9503 0.0811	2.187 -0.5443 0.08413 -0.6431	1.854 -7.786 -0.04921 0.8756	1.022 0.2722 4.163 -4.799
12800	-0.6041 3.863 -1.029 0.07131	2.24 -0.6054 0.03361 -0.7164	2.02 -7.861 -0.1341 0.7568	0.914 0.34 4.111 -4.647
12900	-0.5499 3.731 -1.084 0.1865	1.992 -0.5991 0.147 -0.8374	1.822 -7.92 -0.1853 0.773	0.9018 0.3319 4.211 -4.681
13000	-0.5272 3.683 -1.115 0.186	1.903 -0.6413 0.2541 -0.7812	1.804 -7.941 -0.2051 0.806	0.879 0.4025 4.201 -4.582
13100	-0.4341 3.703 -1.181 0.1425	1.95 -0.5217 0.2534 -0.8387	1.889 -8.071 -0.1735 0.8094	0.7134 0.494 4.223 -4.691
13200	-0.4202 3.696 -1.177 0.281	1.972 -0.484 0.3222 -0.7664	1.905 -8.12 -0.1306 0.9248	0.7395 0.5285 4.257 -4.74
13300	-0.4326 3.706 -1.193 0.262	1.992 -0.5072 0.2717 -0.7436	1.91 -8.163 -0.08102 0.9163	0.7911 0.5493 4.193 -4.753
13400	-0.4383 3.777 -1.296 0.2033	2.166 -0.5097 0.1478 -0.5575	1.952 -8.164 -0.1149 0.7593	0.9623 0.5648 4.383 -4.736
13500	-0.4352 3.921 -1.12 0.1416	2.087 -0.5976 0.3704 -0.5615	2.045 -8.175 -0.1522 0.6783	1.024 0.5746 4.608 -4.911
13600	-0.4686 3.953 -1.14 0.1456	2.1 -0.5294 0.3785 -0.5798	1.949 -8.263 -0.09281 0.8641	1.061 0.4276 4.523 -4.786
13700	-0.3963 3.834 -1.133 0.1369	2.254 -0.5433 0.3557 -0.6058	1.966 -8.209 -0.09095 1.029	1.034 0.4697 4.477 -4.76
13800	-0.4958 3.594 -1.111 0.1452	2.169 -0.5113 0.2858 -0.6297	1.992 -8.267 -0.1724 0.9493	0.7958 0.4692 4.44 -4.683
13900	-0.4927 3.632 -1.132 0.1437	2.323 -0.595 0.1445 -0.5521	1.993 -8.257 -0.1387 1.009	0.6533 0.6057 4.269 -4.742
14000	-0.5175 3.607 -1.2 0.2412	2.31 -0.5987 0.1668 -0.5898	1.962 -8.182 -0.1676 0.8983	0.6634 0.5353 4.266 -4.7
14100	-0.3431 3.659 -1.17 -0.02645	2.342 -0.512 0.1445 -0.5553	1.854 -8.028 0.03009 0.9834	0.6526 0.6696 4.281 -4.706
14200	-0.349 3.856 -1.289 0.03754	2.269 -0.5046 0.1755 -0.5444	1.856 -7.986 -0.04211 0.9875	0.682 0.6618 4.348 -4.676
14300	-0.2869 3.845 -1.266 0.02748	2.323 -0.4063 0.01119 -0.586	2.039 -7.939 -0.01044 1.081	0.7949 0.5822 4.286 -4.848
14400	-0.3783 3.68 -1.32 -0.0301	2.246 -0.3933 0.08779 -0.7026	1.938 -8.114 -0.06043 1.053	0.7862 0.5432 4.374 -4.962
14500	-0.3601 3.65 -1.452 -0.05294	2.117 -0.4503 0.09094 -0.8523	2.222 -8.184 -0.05963 0.9931	0.7136 0.5324 4.452 -4.869
14600	-0.3418 3.635 -1.322 -0.07865	2.037 -0.3232 0.198 -0.8191	2.149 -8.249 0.005962 0.9827	0.6713 0.4894 4.463 -4.804
14700	-0.3253 3.608 -1.44 -0.09627	1.968 -0.4175 0.1476 -0.7259	2.11 -8.091 -0.01945 1.117	0.7148 0.3223 4.491 -4.778
14800	-0.337 3.461 -1.412 -0.1711	1.938 -0.5043 0.3543 -0.7598	1.947 -8.205 -0.1561 0.9457	1.013 0.2103 4.357 -4.519
14900	-0.2905 3.792 -1.672 0.1196	2.071 -0.4138 0.2952 -1.025	2.062 -8.207 -0.02277 0.9838	1.059 0.4802 4.341 -4.505
15000	-0.3517 3.733 -1.379 -0.05858	2.151 -0.4029 0.2912 -1.104	2.123 -8.155 -0.005478 0.9155	1.047 0.4455 4.328 -4.468
15100	-0.2916 3.571 -1.438 0.1203	2.142 -0.3305 0.1674 -1.086	2.227 -8.25 -0.03351 1.007	1.007 0.4791 4.31 -4.548
15200	-0.3372 3.657 -1.464 0.3785	2.019 -0.2871 0.08146 -1.251	2.578 -8.255 -0.04721 1.047	0.8008 0.5884 4.244 -4.534
15300	-0.378 3.614 -1.452 0.4141	2.053 -0.3067 0.153 -1.28	2.504 -8.218 0.006797 1.062	0.7909 0.6284 4.339 -4.621
15400	-0.3531 3.601 -1.464 0.4087	2.077 -0.2807 0.1378 -1.28	2.489 -8.27 -0.075 1.021	0.8303 0.6954 4.342 -4.61
15500	-0.3905 3.604 -1.462 0.4295	2.117 -0.347 0.1685 -1.206	2.475 -8.309 -0.032 1.075	0.7811 0.6488 4.336 -4.622
15600	-0.3734 3.581 -1.44 0.4368	2.133 -0.3363 0.2088 -1.227	2.468 -8.288 -0.05121 1.054	0.7405 0.6161 4.334 -4.626
15700	-0.1816 3.593 -1.557 0.4837	1.954 -0.2871 0.2675 -1.467	2.119 -8.336 0.04413 1.04	0.5613 0.6477 4.45 -4.49
15800	-0.2592 3.754 -1.49 0.3664	2.027 -0.3925 0.3337 -1.533	2.124 -8.386 0.06175 1.008	0.53 0.4565 4.514 -4.605
15900	-0.1936 3.71 -1.697 0.2904	1.871 -0.2853 0.4526 -1.577	2.007 -8.318 -0.01512 1.01	0.6169 0.2806 4.587 -4.419
16000	-0.275 3.686 -1.517 0.209	1.791 -0.2665 0.453 -1.612	2.02 -8.31 -0.007679 1.046	0.6425 0.2805 4.493 -4.515
16100	-0.2593 3.651 -1.4 0.2008	1.776 -0.2936 0.3612 -1.522	1.899 -8.419 0.1297 1.14	0.7092 0.1259 4.539 -4.404
16200	-0.2144 3.481 -1.406 0.05103	1.867 -0.2533 0.6395 -1.575	2.06 -8.402 0.1045 0.9315	0.7187 0.2085 4.598 -4.28
16300	-0.2144 3.481 -1.406 0.05103	1.867 -0.2533 0.6395 -1.575	2.06 -8.402 0.1045 0.9315	0.7187 0.2085 4.598 -4.28
16400	-0.2827 3.454 -1.237 0.00591	1.94 -0.2606 0.5858 -1.422	2.109 -8.454 0.07204 0.9518	0.5294 0.135 4.644 -4.471
16500	-0.09833 3.451 -1.16 -0.1435	1.903 -0.1809 0.6665 -1.181	2.022 -8.435 0.1725 0.9123	0.381 0.1575 4.754 -4.357
16600	-0.1397 3.449 -1.167 -0.1548	1.927 -0.202 0.691 -1.133	2.001 -8.403 0.159 0.87	0.4024 0.1585 4.713 -4.33
16700	-0.1397 3.449 -1.167 -0.1548	1.927 -0.202 0.691 -1.133	2.001 -8.403 0.159 0.87	0.4024 0.1585 4.713 -4.33
16800	-0.1503 3.487 -1.106 -0.1132	1.933 -0.1461 0.7616 -1.142	1.99 -8.49 0.1294 0.9193	0.4679 0.1449 4.791 -4.292
16900	0.04865 3.412 -1.367 -0.01952	1.817 -0.09019 0.7666 -1.037	1.951 -8.566 0.3024 0.8574	0.4572 0.1475 4.778 -4.179
17000	-0.1127 3.397 -1.277 0.07971	1.815 -0.1572 0.822 -0.9593	2.09 -8.628 0.2177 0.9201	0.5588 0.09111 4.688 -4.368
17100	-0.1864 3.307 -1.297 0.1263	1.762 -0.1282 0.7757 -1.113	2.146 -8.601 0.1312 0.8982	0.5003 -0.06546 4.769 -4.272
17200	-0.1421 3.389 -1.369 0.09984	1.637 -0.1644 0.7229 -1.065	2.163 -8.649 0.1794 0.922	0.5521 -0.008025 4.674 -4.363
17300	-0.2106 3.583 -1.165 0.1936	1.822 -0.1993 0.7062 -1.165	2.118 -8.972 0.1084 0.9538	0.6079 -0.0009691 4.488 -4.208
17400	-0.165 3.658 -1.225 0.4617	1.726 -0.2563 0.7358 -1.231	2.01 -9.04 0.1469 0.9455	0.6869 0.09082 4.499 -4.298
17500	-0.171 3.553 -1.336 0.4724	1.941 -0.2137 0.6938 -1.314	1.904 -8.926 0.1019 1.049	0.6227 0.1426 4.498 -4.32
17600	8.516e-05 3.607 -1.278 0.6348	2.062 -0.1441 0.4941 -1.292	2.116 -9.064 0.2015 1.167	0.6534 0.09853 4.63 -4.33
17700	0.0453 3.533 -1.297 0.6121	2.202 -0.03226 0.5221 -1.333	2.322 -8.96 0.2893 1.191	0.5192 0.03607 4.717 -4.248
17800	-0.04233 3.689 -1.114 0.3978	2.243 -0.01237 0.4711 -1.3	2.31 -9.19 0.3536 1.033	0.2437 0.1325 4.824 -4.231
17900	0.1436 3.818 -1.124 0.4979	2.233 0.02825 0.4848 -1.458	2.192 -9.265 0.4118 1.167	0.3085 0.2516 4.657 -4.2
18000	0.231 3.954 -1.201 0.389	2.294 0.1142 0.4708 -1.245	2.003 -9.398 0.4154 1.147	-0.008793 0.2114 4.618 -4.141
18100	0.1217 3.95 -1.235 0.414	2.232 0.06236 0.3377 -1.319	2.059 -9.446 0.4692 1.21	0.1447 0.168 4.69 -4.3
18200	0.05408 3.939 -1.381 0.4014	2.058 -0.03159 0.5257 -1.202	2.106 -9.441 0.3889 1.226	0.1438 0.2005 4.842 -4.345
18300	0.09532 3.907 -1.362 0.5451	1.952 0.08826 0.4596 -1.154	2.121 -9.546 0.3867 1.23	0.07342 0.1979 4.866 -4.357
18400	0.07393 3.863 -1.506 0.6957	1.891 -0.003268 0.3688 -1.244	2.174 -9.578 0.3147 1.307	-0.1098 0.2002 4.841 -4.377
18500	-0.004517 4.068 -1.484 0.6176	1.759 0.01112 0.485 -1.439	2.069 -9.496 0.3614 1.246	-0.05933 0.247 4.89 -4.381
18600	-0.004517 4.068 -1.484 0.6176	1.759 0.01112 0.485 -1.439	2.069 -9.496 0.3614 1.246	-0.05933 0.247 4.89 -4.381
18700	0.03146 4.053 -1.504 0.6648	1.747 0.01033 0.5137 -1.44	2.103 -9.543 0.3459 1.222	-0.06435 0.25 4.91 -4.388
18800	0.03915 4.022 -1.503 0.6431	1.716 0.06418 0.4701 -1.463	2.076 -9.58 0.323 1.212	-0.04475 0.2427 4.962 -4.405
18900	0.03915 4.022 -1.503 0.6431	1.716 0.06418 0.4701 -1.463	2.076 -9.58 0.323 1.212	-0.04475 0.2427 4.962 -4.405
19000	0.03915 4.022 -1.503 0.6431	1.716 0.06418 0.4701 -1.463	2.076 -9.58 0.323 1.212	-0.04475 0.2427 4.962 -4.405
19100	0.03915 4.022 -1.503 0.6431	1.716 0.06418 0.4701 -1.463	2.076 -9.58 0.323 1.212	-0.04475 0.2427 4.962 -4.405
19200	0.08566 3.984 -1.542 0.6244	1.729 0.02418 0.4991 -1.452	2.098 -9.595 0.3012 1.21	-0.06946 0.2452 4.979 -4.436
19300	0.08566 3.984 -1.542 0.6244	1.729 0.02418 0.4991 -1.452	2.098 -9.595 0.3012 1.21	-0.06946 0.2452 4.979 -4.436
19400	0.1428 4.023 -1.554 0.4722	1.8 0.03392 0.529 -1.593	2.152 -9.689 0.3272 1.071	-0.1594 0.3031 4.861 -4.51
19500	0.08779 3.971 -1.356 0.435	1.815 0.02719 0.5674 -1.448	2.219 -9.735 0.2764 1.051	-0.166 0.248 4.87 -4.425
19600	0.06909 3.963 -1.399 0.4629	1.746 -0.02993 0.4996 -1.526	2.241 -9.808 0.3196 1.044	-0.1917 0.1591 4.777 -4.401
19700	-0.03897 3.768 -1.35 0.5713	1.673 -0.01519 0.656 -1.565	2.24 -9.818 0.2409 0.9689	-0.09844 0.2264 4.844 -4.393
19800	-0.04973 3.707 -1.306 0.6585	1.738 -0.1102 0.5623 -1.527	2.374 -9.671 0.2257 1.06	-0.3157 0.2478 4.883 -4.489
19900	-0.09066 3.559 -1.309 0.4757	1.866 -0.04363 0.495 -1.606	2.396 -9.622 0.2454 1.024	-0.1565 0.2233 4.825 -4.505
20000	-0.04568 3.495 -1.346 0.5226	1.85 -0.07247 0.4859 -1.659	2.22 -9.763 0.291 0.9258	-0.1416 0.1527 4.785 -4.495
20100	0.05937 3.408 -1.419 0.5204	1.97 -0.05436 0.4521 -1.553	2.275 -9.799 0.3493 1.055	-0.01991 0.1003 4.798 -4.457
20200	0.05804 3.461 -1.484 0.547	1.88 -0.05738 0.4827 -1.788	2.396 -9.84 0.2605 1.221	-0.07652 0.07952 4.837 -4.323
20300	-0.001954 3.358 -1.561 0.5737	1.901 -0.004663 0.5924 -1.73	2.457 -9.846 0.2917 1.322	0.06006 0.009404 4.876 -4.389
20400	-0.001954 3.358 -1.561 0.5737	1.901 -0.004663 0.5924 -1.73	2.457 -9.846 0.2917 1.322	0.06006 0.009404 4.876 -4.389
20500	0.01754 3.55 -1.443 0.8362	1.905 -0.05102 0.6283 -1.78	2.45 -9.85 0.2817 1.349	0.08097 -0.09815 4.909 -4.364
20600	0.07803 3.645 -1.477 0.6756	2.062 -0.00572 0.5541 -2.105	2.38 -9.805 0.3902 1.302	0.04948 -0.153 4.813 -4.372
20700	-0.02933 3.44 -1.382 0.7804	2.173 -0.04963 0.5553 -2.027	2.313 -9.847 0.2299 1.334	0.1737 -0.2184 4.943 -4.583
20800	-0.05754 3.357 -1.271 0.9389	2.152 -0.1869 0.5423 -2.088	2.307 -9.85 0.1431 1.285	0.04882 -0.4206 4.922 -4.438
20900	-0.08781 3.296 -1.389 1.03	2.06 -0.1476 0.6302 -2.102	2.211 -9.808 0.2216 1.298	-0.05918 -0.3218 4.914 -4.477
21000	-0.08781 3.296 -1.389 1.03	2.06 -0.1476 0.6302 -2.102	2.211 -9.808 0.2216 1.298	-0.05918 -0.3218 4.914 -4.477
21100	-0.08781 3.296 -1.389 1.03	2.06 -0.1476 0.6302 -2.102	2.211 -9.808 0.2216 1.298	-0.05918 -0.3218 4.914 -4.477
21200	-0.1566 3.305 -1.424 1.061	1.977 -0.1578 0.6994 -2.082	2.305 -9.82 0.1745 1.357	-0.08286 -0.3334 4.823 -4.532
21300	-0.08129 3.289 -1.391 1.051	1.999 -0.1524 0.6826 -2.146	2.181 -9.791 0.1354 1.417	-0.1493 -0.2874 4.908 -4.43
21400	-0.08869 3.392 -1.409 1.018	2.082 -0.1328 0.6336 -2.015	2.273 -9.717 0.1747 1.465	-0.1242 -0.3481 4.912 -4.407
21500	-0.2444 3.326 -1.319 1.096	2.086 -0.212 0.7011 -2.074	2.235 -9.649 0.09771 1.36	0.09607 -0.228 4.895 -4.454
21600	0.008095 3.459 -1.408 1.074	2.208 -0.06704 0.6846 -2.004	2.27 -9.719 0.2074 1.461	0.1395 -0.2431 4.777 -4.474
21700	-0.03351 3.606 -1.389 1.116	2.103 -0.0366 0.6906 -1.914	2.281 -9.772 0.2584 1.501	0.1238 -0.2695 4.91 -4.381
21800	0.007703 3.552 -1.414 1.12	2.15 -0.02829 0.5779 -1.981	2.355 -9.855 0.3199 1.445	0.04668 -0.3739 4.99 -4.481
21900	0.007703 3.552 -1.414 1.12	2.15 -0.02829 0.5779 -1.981	2.355 -9.855 0.3199 1.445	0.04668 -0.3739 4.99 -4.481
22000	0.06049 3.672 -1.363 1.181	2.038 -0.04559 0.4732 -2.042	2.254 -9.956 0.2744 1.433	-0.09484 -0.3812 4.769 -4.413
22100	0.03528 3.627 -1.39 1.171	2.021 -0.05905 0.5101 -2.036	2.201 -9.963 0.3454 1.45	-0.09157 -0.3752 4.787 -4.382
22200	-0.002042 3.65 -1.344 1.13	2.018 -0.05555 0.4498 -2.018	2.191 -10 0.2632 1.428	-0.08884 -0.4498 4.869 -4.4
22300	-0.000918 3.588 -1.452 1.098	2.104 -0.1035 0.4678 -2.037	2.244 -10.1 0.2407 1.57	-0.08303 -0.3752 4.794 -4.347
22400	-0.1106 3.587 -1.319 0.9145	2.251 -0.1134 0.3493 -2.041	2.205 -10.19 0.1961 1.509	0.03197 -0.3328 4.681 -4.381
22500	-0.09905 3.538 -1.232 0.8893	2.197 -0.09432 0.3591 -1.981	2.232 -10.28 0.2626 1.623	-0.04668 -0.1822 4.757 -4.429
22600	-0.1189 3.562 -1.198 0.8615	2.225 -0.1312 0.3493 -1.973	2.363 -10.31 0.2351 1.697	-0.08706 -0.2343 4.714 -4.387
22700	-0.1753 3.622 -1.175 0.9539	2.21 -0.1321 0.3352 -2.006	2.326 -10.22 0.2228 1.774	-0.1292 -0.2106 4.68 -4.502
22800	-0.06282 3.681 -1.131 0.8856	2.262 -0.02847 0.4051 -2.077	2.452 -10.23 0.2617 1.957	-0.03378 -0.2396 4.725 -4.502
22900	-0.1242 3.577 -1.259 0.9919	2.459 -0.1757 0.2446 -2.022	2.459 -10.24 0.1458 1.979	0.1279 -0.1066 4.75 -4.5
23000	-0.06565 3.759 -1.223 0.9468	2.496 -0.1859 0.5076 -2.045	2.352 -10.25 0.2777 2.069	0.1547 -0.03436 4.614 -4.408
23100	0.01151 3.729 -1.241 0.9717	2.596 -0.1254 0.3778 -1.953	2.437 -10.26 0.2547 2.031	0.1475 -0.069 4.474 -4.336
23200	-0.003412 3.82 -1.203 0.9918	2.551 -0.1022 0.4814 -2.075	2.49 -10.14 0.3356 2.059	0.06485 -0.07152 4.57 -4.156
23300	-0.06448 3.743 -1.144 1.179	2.411 -0.1724 0.7072 -1.899	2.523 -10.24 0.2101 2.091	0.07039 -0.1361 4.7 -4.144
23400	-0.03178 3.797 -1.077 1.228	2.322 -0.136 0.6691 -1.767	2.489 -10.26 0.1921 2.089	-0.1459 -0.1488 4.545 -4.046
23500	0.03629 3.96 -1.141 1.142	2.346 -0.1108 0.6797 -1.793	2.499 -10.32 0.2354 2.132	-0.1277 -0.05921 4.626 -3.983
23600	0.03963 3.934 -1.207 1.062	2.276 0.01859 0.5485 -1.796	2.596 -10.28 0.3565 1.974	-0.2493 0.03565 4.633 -3.986
23700	0.1356 4.103 -1.213 0.976	2.398 0.168 0.4976 -1.707	2.519 -10.36 0.4936 2.061	-0.3111 0.05822 4.643 -3.921
23800	0.1759 4.054 -1.26 1.009	2.382 0.149 0.4463 -1.739	2.547 -10.38 0.5142 2.12	-0.2858 0.03655 4.663 -3.915
23900	0.1917 4.038 -1.245 0.9907	2.348 0.1241 0.4859 -1.745	2.583 -10.32 0.5211 2.126	-0.2579 0.03918 4.688 -3.899
24000	0.1917 4.038 -1.245 0.9907	2.348 0.1241 0.4859 -1.745	2.583 -10.32 0.5211 2.126	-0.2579 0.03918 4.688 -3.899
24100	0.1686 4.037 -1.35 1.026	2.384 0.1389 0.4616 -1.795	2.588 -10.28 0.4881 2.127	-0.234 -0.009681 4.688 -3.926
24200	0.2018 4.111 -1.376 0.9895	2.481 0.1596 0.4005 -1.788	2.579 -10.27 0.4977 2.03	-0.1822 -0.08443 4.585 -4.002
24300	0.2018 4.111 -1.376 0.9895	2.481 0.1596 0.4005 -1.788	2.579 -10.27 0.4977 2.03	-0.1822 -0.08443 4.585 -4.002
24400	0.2018 4.111 -1.376 0.9895	2.481 0.1596 0.4005 -1.788	2.579 -10.27 0.4977 2.03	-0.1822 -0.08443 4.585 -4.002
24500	0.2018 4.111 -1.376 0.9895	2.481 0.1596 0.4005 -1.788	2.579 -10.27 0.4977 2.03	-0.1822 -0.08443 4.585 -4.002
24600	0.2018 4.111 -1.376 0.9895	2.481 0.1596 0.4005 -1.788	2.579 -10.27 0.4977 2.03	-0.1822 -0.08443 4.585 -4.002
24700	0.2103 4.177 -1.377 0.9808	2.436 0.08491 0.4542 -1.881	2.609 -10.3 0.5037 2.075	-0.1615 -0.131 4.518 -4.059
24800	0.2351 4.145 -1.419 1.045	2.576 0.1602 0.4127 -1.933	2.699 -10.4 0.5539 2.036	-0.2561 0.05291 4.553 -4.009
24900	0.1696 4.267 -1.464 1.193	2.512 0.1213 0.4139 -1.82	2.824 -10.51 0.521 2.137	0.03151 0.2231 4.464 -4.05
25000	0.1017 4.394 -1.718 1.259	2.448 0.07842 0.3644 -1.89	2.844 -10.56 0.3429 2.037	0.07412 0.1289 4.545 -4.016
25100	0.1135 4.369 -1.749 1.258	2.41 0.1173 0.4023 -1.864	2.84 -10.49 0.3955 2.094	0.03066 0.2258 4.552 -3.975
25200	0.1279 4.41 -1.768 1.194	2.385 0.07527 0.3978 -1.882	2.848 -10.54 0.343 2.124	0.03113 0.2557 4.5 -3.969
25300	0.1585 4.436 -1.748 1.166	2.409 0.2345 0.3923 -1.849	2.922 -10.5 0.4281 2.156	-0.05119 0.315 4.501 -3.991
25400	0.1586 4.452 -1.729 1.151	2.402 0.1757 0.3445 -1.871	2.949 -10.52 0.4365 2.14	-0.1008 0.2996 4.501 -3.98
25500	0.1717 4.505 -1.62 1.174	2.512 0.01416 0.5166 -1.799	3.104 -10.58 0.3727 2.295	-0.2285 0.2272 4.587 -3.985
25600	0.1344 4.621 -1.556 1.182	2.491 0.147 0.507 -1.83	3.114 -10.35 0.4586 2.392	-0.0919 0.3563 4.674 -4.007
25700	0.1587 4.583 -1.541 1.259	2.474 0.217 0.533 -1.929	3.119 -10.38 0.4912 2.383	-0.07433 0.4775 4.652 -3.949
25800	0.2082 4.631 -1.524 1.248	2.51 0.1831 0.526 -1.971	3.084 -10.41 0.4169 2.321	-0.1516 0.5932 4.657 -3.94
25900	0.2557 4.599 -1.677 1.251	2.443 0.2702 0.5036 -1.998	3.076 -10.55 0.489 2.187	-0.1118 0.5101 4.643 -3.994
26000	0.2952 4.639 -1.657 1.188	2.439 0.2604 0.4887 -2.035	3.098 -10.52 0.5152 2.172	-0.1212 0.5023 4.658 -3.964
26100	0.2535 4.483 -1.615 1.215	2.385 0.2354 0.5708 -2.102	3.128 -10.65 0.5355 2.108	-0.05743 0.5882 4.755 -4.003
26200	0.4009 4.452 -1.705 1.315	2.601 0.2466 0.7179 -2.046	3.01 -10.86 0.664 2.093	-0.1574 0.6825 4.741 -3.909
26300	0.3583 4.354 -1.707 1.303	2.651 0.2596 0.658 -2.106	2.938 -10.93 0.6291 2.07	-0.1957 0.594 4.883 -3.981
26400	0.3433 4.489 -1.68 1.266	2.632 0.25 0.7321 -2.011	2.973 -10.97 0.687 1.984	-0.2473 0.5238 4.852 -3.983
26500	0.3469 4.423 -1.896 1.332	2.673 0.2552 0.6902 -1.988	2.901 -10.89 0.5097 1.946	-0.3698 0.6372 4.94 -4.125
26600	0.4216 4.506 -1.82 1.263	2.52 0.2618 0.8562 -2.041	2.954 -10.98 0.5895 1.951	-0.3239 0.7238 4.962 -4.047
26700	0.4216 4.506 -1.82 1.263	2.52 0.2618 0.8562 -2.041	2.954 -10.98 0.5895 1.951	-0.3239 0.7238 4.962 -4.047
26800	0.2897 4.538 -1.765 1.286	2.489 0.2378 0.7598 -2.07	2.925 -11.02 0.5806 1.906	-0.2439 0.8481 4.935 -3.938
26900	0.2032 4.566 -1.75 1.264	2.614 0.1427 0.6219 -2.118	2.935 -10.82 0.4627 1.919	-0.3504 0.7629 4.852 -4.064
27000	0.07329 4.694 -1.804 1.342	2.553 0.1512 0.6276 -2.269	2.959 -10.83 0.4302 2.089	-0.2899 0.5442 4.806 -4.094
27100	0.2107 4.669 -1.673 1.372	2.454 0.1326 0.5284 -2.331	2.972 -10.88 0.4931 2.085	-0.4889 0.6868 4.727 -4.278
27200	0.2692 4.66 -1.43 1.453	2.529 0.1889 0.591 -2.392	2.935 -11.02 0.5032 2.083	-0.4343 0.6638 4.96 -4.186
27300	0.2161 4.666 -1.435 1.459	2.549 0.229 0.5354 -2.45	2.857 -11.01 0.5911 2.241	-0.3762 0.7378 4.971 -4.301
27400	0.263 4.74 -1.5 1.405	2.536 0.1986 0.4829 -2.37	2.853 -10.99 0.4962 2.136	-0.3816 0.7712 4.958 -4.281
27500	0.2813 4.788 -1.581 1.389	2.579 0.1609 0.4895 -2.457	2.82 -11 0.5164 2.086	-0.2897 0.7701 4.937 -4.343
27600	0.2813 4.788 -1.581 1.389	2.579 0.1609 0.4895 -2.457	2.82 -11 0.5164 2.086	-0.2897 0.7701 4.937 -4.343
27700	0.2813 4.788 -1.581 1.389	2.579 0.1609 0.4895 -2.457	2.82 -11 0.5164 2.086	-0.2897 0.7701 4.937 -4.343
27800	0.2094 4.946 -1.424 1.389	2.678 0.133 0.5359 -2.244	2.851 -10.97 0.4865 1.999	-0.2337 0.6501 4.815 -4.321
27900	0.2128 4.923 -1.447 1.386	2.747 0.1049 0.4938 -2.258	2.873 -10.97 0.5172 2.05	-0.2023 0.5977 4.865 -4.311
28000	0.2128 4.923 -1.447 1.386	2.747 0.1049 0.4938 -2.258	2.873 -10.97 0.5172 2.05	-0.2023 0.5977 4.865 -4.311
28100	0.1421 4.956 -1.383 1.409	2.668 0.2061 0.5405 -2.216	2.868 -10.96 0.568 2.059	-0.1821 0.6029 4.869 -4.245
28200	0.1485 4.985 -1.352 1.814	2.658 0.1711 0.445 -2.274	2.935 -11.15 0.5688 2.038	-0.3723 0.771 5.035 -4.301
28300	0.226 4.927 -1.509 1.802	2.491 0.05596 0.4761 -2.076	2.722 -11.28 0.5525 1.966	-0.4519 0.7184 4.939 -4.343
28400	0.2426 4.924 -1.387 1.729	2.41 0.08504 0.6439 -2.144	2.818 -11.3 0.4635 1.895	-0.2108 0.8053 5.07 -4.279
28500	-0.00399 4.991 -1.311 1.723	2.357 0.1101 0.7079 -2.23	3.054 -11.23 0.4224 1.853	-0.2546 0.7632 5.031 -4.26
28600	0.04606 4.878 -1.175 1.86	2.401 0.07898 0.8081 -2.339	3.035 -11.22 0.3427 1.819	-0.2897 0.7435 5.066 -4.245
28700	0.02899 4.925 -1.218 1.989	2.371 0.1328 0.7607 -2.406	3.133 -11.1 0.3733 1.747	-0.1593 0.7841 5.036 -4.053
28800	0.07143 4.85 -1.055 2.093	2.607 0.04488 0.8062 -2.558	3.075 -10.99 0.466 1.809	-0.02519 0.5824 5.048 -4.19
28900	0.1174 4.854 -1.067 2.105	2.661 0.1232 0.8333 -2.636	3.059 -11.07 0.4245 1.92	-0.0301 0.5545 5.086 -4.17
29000	0.1174 4.854 -1.067 2.105	2.661 0.1232 0.8333 -2.636	3.059 -11.07 0.4245 1.92	-0.0301 0.5545 5.086 -4.17
29100	0.1174 4.854 -1.067 2.105	2.661 0.1232 0.8333 -2.636	3.059 -11.07 0.4245 1.92	-0.0301 0.5545 5.086 -4.17
29200	0.1409 4.915 -1.151 2.03	2.653 0.1622 0.8879 -2.52	3.085 -11.06 0.4296 1.902	-0.1444 0.5797 5.123 -4.083
29300	0.1297 4.857 -1.202 1.988	2.624 0.1132 0.8206 -2.538	3.076 -11.01 0.4007 1.956	-0.1887 0.5972 5.026 -4.213
29400	0.22 5.067 -1.086 1.931	2.474 0.1881 0.7441 -2.522	3.079 -11.05 0.5058 2.056	-0.3339 0.6468 5.067 -4.151
29500	0.1722 4.961 -1.106 1.84	2.478 0.2326 0.7826 -2.525	2.904 -11.08 0.5529 2.186	-0.2595 0.594 5.246 -4.236
29600	0.2136 5.012 -1.183 1.822	2.422 0.2425 0.7303 -2.52	2.898 -11.12 0.5633 2.202	-0.3082 0.5639 5.307 -4.229
29700	0.3746 5.074 -1.011 1.68	2.512 0.2845 0.7229 -2.306	2.814 -11.06 0.6193 2.288	-0.2448 0.7119 5.188 -4.221
29800	0.3851 5.11 -1.037 1.677	2.522 0.3125 0.6611 -2.331	2.751 -11.16 0.6314 2.3	-0.2109 0.7274 5.371 -4.313
29900	0.4008 5.147 -1.092 1.717	2.579 0.4044 0.6199 -2.302	2.739 -11.18 0.7491 2.377	-0.2686 0.7442 5.271 -4.36
30000	0.417 4.926 -1.003 1.628	2.423 0.3979 0.5624 -2.372	2.763 -11.07 0.7602 2.466	-0.1688 0.7685 5.354 -4.546
30100	0.417 4.926 -1.003 1.628	2.423 0.3979 0.5624 -2.372	2.763 -11.07 0.7602 2.466	-0.1688 0.7685 5.354 -4.546
30200	0.4813 4.892 -1.087 1.614	2.493 0.4921 0.5206 -2.591	2.74 -10.98 0.7501 2.62	-0.2067 0.8241 5.335 -4.612
30300	0.398 4.853 -1.058 1.617	2.372 0.4265 0.4346 -2.539	2.724 -10.94 0.7754 2.617	-0.1445 0.902 5.315 -4.589
30400	0.3438 4.857 -1.195 1.572	2.422 0.3108 0.4908 -2.526	2.585 -10.99 0.6476 2.717	-0.1064 0.6395 5.554 -4.736
30500	0.4101 4.873 -1.328 1.459	2.482 0.3517 0.4267 -2.523	2.56 -10.8 0.7781 2.613	-0.2071 0.5978 5.475 -4.779
30600	0.4095 4.884 -1.376 1.424	2.391 0.3856 0.4608 -2.531	2.584 -10.69 0.7273 2.502	-0.345 0.4183 5.51 -4.774
30700	0.3845 4.868 -1.313 1.418	2.408 0.3318 0.4417 -2.553	2.519 -10.56 0.6712 2.566	-0.4795 0.6116 5.573 -4.684
30800	0.3959 4.929 -1.447 1.307	2.359 0.2622 0.6144 -2.66	2.449 -10.5 0.576 2.495	-0.4796 0.5401 5.471 -4.596
30900	0.3975 4.937 -1.341 1.325	2.388 0.2492 0.5368 -2.482	2.408 -10.58 0.6189 2.78	-0.4489 0.609 5.446 -4.652
31000	0.472 4.944 -1.285 1.349	2.282 0.2881 0.548 -2.273	2.36 -10.71 0.6348 3.011	-0.4867 0.627 5.514 -4.793
31100	0.3865 4.854 -1.324 1.293	2.18 0.3357 0.5839 -2.205	2.368 -10.52 0.6824 3.094	-0.5124 0.5077 5.491 -4.663
31200	0.4389 4.769 -1.279 1.161	2.225 0.3773 0.5445 -1.972	2.406 -10.69 0.7717 3.11	-0.4199 0.4765 5.378 -4.457
31300	0.4801 4.737 -1.22 0.9679	2.134 0.3065 0.5497 -2.053	2.463 -10.85 0.7169 3.03	-0.5342 0.5678 5.325 -4.536
31400	0.2313 4.748 -1.347 0.9311	2.203 0.2452 0.3677 -2.093	2.522 -10.83 0.5564 3.195	-0.6665 0.4284 5.304 -4.655
31500	0.2749 4.772 -1.38 0.7722	2.221 0.1606 0.294 -2.13	2.594 -11.04 0.4955 3.209	-0.7424 0.1541 5.278 -4.656
31600	0.07869 4.65 -1.328 0.6805	2.207 0.1481 0.5972 -2.194	2.532 -10.98 0.4979 3.176	-0.9308 0.2745 5.192 -4.533
31700	0.09749 4.371 -1.105 0.6563	2.188 0.02982 0.693 -2.01	2.741 -10.92 0.3193 3.117	-1.148 0.3442 5.265 -4.532
31800	0.05029 4.392 -1.201 0.4843	2.122 0.05857 0.6616 -2.041	2.591 -10.9 0.3509 3.255	-1.199 0.2896 5.26 -4.452
31900	0.04672 4.596 -1.156 0.533	2.074 0.02939 0.6731 -2.114	2.591 -10.89 0.3475 3.394	-1.204 0.3759 5.186 -4.302
32000	0.1621 4.542 -1.187 0.5436	2.163 0.1212 0.7231 -2.128	2.669 -11.11 0.4102 3.417	-1.015 0.4166 5.017 -4.254
32100	0.1984 4.545 -1.248 0.5686	2.108 0.1244 0.6863 -2.149	2.692 -11.14 0.4432 3.444	-0.9738 0.5032 5.009 -4.198
32200	0.1555 4.51 -1.316 0.5602	2.227 0.2102 0.7034 -2.067	2.662 -11.19 0.4904 3.406	-0.9098 0.6541 5.051 -4.277
32300	0.3261 4.581 -1.407 0.6747	2.087 0.3132 0.536 -1.837	2.592 -11.28 0.5503 3.543	-0.8981 0.7532 5.252 -4.265
32400	0.3592 4.665 -1.371 0.5625	2.038 0.3837 0.5723 -1.841	2.618 -11.31 0.6541 3.664	-0.8774 0.7297 5.229 -4.273
32500	0.2597 4.697 -1.306 0.6023	2.009 0.2991 0.6377 -1.947	2.561 -11.36 0.5498 3.614	-0.7825 0.7769 5.194 -4.218
32600	0.3093 4.588 -1.223 0.6608	2.069 0.1393 0.712 -2.004	2.56 -11.44 0.4726 3.631	-0.6022 0.6778 5.129 -4.422
32700	0.2935 4.619 -1.287 0.7124	2.059 0.125 0.7095 -2.055	2.541 -11.46 0.5089 3.615	-0.6474 0.6758 5.082 -4.42
32800	0.2713 4.642 -1.252 0.7209	2.041 0.1277 0.7232 -1.995	2.516 -11.46 0.5023 3.632	-0.6804 0.6959 5.107 -4.434
32900	0.2526 4.6 -1.294 0.8744	1.863 0.2365 0.568 -2.001	2.571 -11.58 0.4902 3.617	-0.5452 0.7708 5.1 -4.378
33000	0.2319 4.611 -1.479 0.8683	1.595 0.3182 0.4938 -1.907	2.572 -11.69 0.5143 3.704	-0.7238 0.7331 4.966 -4.318
33100	0.244 4.304 -1.476 0.9871	1.523 0.2659 0.3112 -1.823	2.237 -11.73 0.6182 3.509	-0.8181 0.8109 4.805 -4.181
33200	0.2339 4.281 -1.336 1.055	1.538 0.2424 0.3749 -1.871	2.144 -11.66 0.6426 3.504	-0.8543 0.8018 4.878 -4.134
33300	0.3632 4.176 -1.419 1.094	1.657 0.3544 0.5044 -1.911	2.037 -11.57 0.6469 3.551	-0.8569 0.7318 4.927 -4.273
33400	0.3632 4.176 -1.419 1.094	1.657 0.3544 0.5044 -1.911	2.037 -11.57 0.6469 3.551	-0.8569 0.7318 4.927 -4.273
33500	0.3632 4.176 -1.419 1.094	1.657 0.3544 0.5044 -1.911	2.037 -11.57 0.6469 3.551	-0.8569 0.7318 4.927 -4.273
33600	0.3632 4.176 -1.419 1.094	1.657 0.3544 0.5044 -1.911	2.037 -11.57 0.6469 3.551	-0.8569 0.7318 4.927 -4.273
33700	0.3508 4.109 -1.396 1.053	1.644 0.3774 0.4935 -1.903	2.031 -11.57 0.6721 3.577	-0.8512 0.7461 4.941 -4.276
33800	0.4103 4.168 -1.282 1.069	1.67 0.3554 0.5619 -1.918	1.952 -11.52 0.6595 3.586	-0.9464 0.5536 5.047 -4.301
33900	0.4596 4.058 -1.026 0.7172	1.707 0.3537 0.4348 -1.859	1.713 -11.61 0.787 3.843	-0.9008 0.4552 4.886 -4.276
34000	0.5025 4.171 -1.087 0.7474	1.622 0.4147 0.3669 -1.854	1.775 -11.6 0.8413 3.887	-1.002 0.2442 4.984 -4.28
34100	0.4938 4.202 -1.141 0.7787	1.631 0.4933 0.3212 -1.864	1.799 -11.65 0.8337 3.844	-0.9922 0.2515 5.05 -4.251
34200	0.5019 4.265 -1.148 0.9418	1.744 0.4253 0.5033 -1.713	1.952 -11.44 0.7944 3.863	-1.111 0.4287 5.203 -4.26
34300	0.6132 4.35 -1.068 0.9867	1.728 0.4707 0.5684 -1.932	1.759 -11.33 0.8948 3.864	-0.9145 0.3913 5.326 -4.418
34400	0.6561 4.247 -1.151 0.7947	1.609 0.5728 0.3718 -2.078	1.635 -11.48 0.9478 3.795	-0.8694 0.2664 5.285 -4.564
34500	0.6428 4.186 -1.117 0.8285	1.554 0.5267 0.3532 -2.061	1.658 -11.51 0.9542 3.744	-0.8527 0.2547 5.344 -4.638
34600	0.5868 4.093 -1.226 1.158	1.582 0.5717 0.3035 -2.054	1.763 -11.57 0.8994 3.657	-0.9546 0.1944 5.354 -4.509
34700	0.4975 3.79 -1.145 1.133	1.583 0.6188 0.295 -2.203	1.944 -11.67 0.8573 3.735	-0.934 0.3304 5.48 -4.584
34800	0.5873 3.987 -1.277 1.036	1.408 0.6409 0.4105 -2.156	2.144 -11.58 0.8305 3.853	-1.078 0.4917 5.578 -4.457
34900	0.5663 3.999 -1.281 0.9181	1.431 0.6503 0.4395 -2.144	2.236 -11.57 0.8223 3.82	-1.06 0.4832 5.508 -4.453
35000	0.5367 3.936 -1.341 0.8632	1.405 0.5384 0.5078 -2.091	2.292 -11.66 0.8465 3.928	-1.196 0.5205 5.476 -4.441
35100	0.5152 3.962 -1.345 0.9161	1.442 0.5147 0.4325 -2.224	2.274 -11.6 0.7932 3.967	-1.229 0.5561 5.406 -4.46
35200	0.6966 3.887 -1.423 0.944	1.374 0.6917 0.5857 -2.138	2.283 -11.65 0.9147 4.023	-1.169 0.4569 5.549 -4.303
35300	0.6763 3.944 -1.426 0.981	1.356 0.7613 0.5199 -2.075	2.253 -11.73 0.942 4.021	-1.137 0.4889 5.493 -4.23
35400	0.6763 3.944 -1.426 0.981	1.356 0.7613 0.5199 -2.075	2.253 -11.73 0.942 4.021	-1.137 0.4889 5.493 -4.23
35500	0.6763 3.944 -1.426 0.981	1.356 0.7613 0.5199 -2.075	2.253 -11.73 0.942 4.021	-1.137 0.4889 5.493 -4.23
35600	0.6842 4.065 -1.381 0.947	1.259 0.7321 0.3828 -2.174	2.237 -11.66 0.9592 3.899	-1.094 0.3621 5.419 -4.161
35700	0.6335 4.116 -1.418 0.9554	1.087 0.7163 0.4069 -2.251	2.244 -11.58 0.8862 3.956	-0.9779 0.3443 5.335 -4.202
35800	0.6576 4.14 -1.457 0.9615	1.161 0.7176 0.344 -2.228	2.17 -11.67 0.9003 4.002	-0.903 0.3362 5.294 -4.28
35900	0.6723 4.118 -1.429 1.003	1.144 0.7129 0.2662 -2.222	2.218 -11.7 0.888 4.038	-0.8501 0.3649 5.308 -4.294
36000	0.6723 4.118 -1.429 1.003	1.144 0.7129 0.2662 -2.222	2.218 -11.7 0.888 4.038	-0.8501 0.3649 5.308 -4.294
36100	0.5533 4.189 -1.336 1.104	1.225 0.718 0.205 -2.147	2.183 -11.77 0.9497 4.166	-0.855 0.4374 5.238 -4.324
36200	0.6136 4.222 -1.242 1.134	1.299 0.7511 0.2753 -2.165	2.214 -11.73 1.011 4.263	-0.8602 0.335 5.329 -4.34
36300	0.6326 4.257 -1.241 1.199	1.377 0.8185 0.4112 -2.235	2.281 -11.79 0.9788 4.288	-0.8703 0.3383 5.297 -4.246
36400	0.5812 4.168 -1.225 1.132	1.447 0.7401 0.2525 -2.316	2.336 -11.91 0.9554 4.36	-0.9283 0.2617 5.214 -4.219
36500	0.5812 4.168 -1.225 1.132	1.447 0.7401 0.2525 -2.316	2.336 -11.91 0.9554 4.36	-0.9283 0.2617 5.214 -4.219
36600	0.5812 4.168 -1.225 1.132	1.447 0.7401 0.2525 -2.316	2.336 -11.91 0.9554 4.36	-0.9283 0.2617 5.214 -4.219
36700	0.5812 4.168 -1.225 1.132	1.447 0.7401 0.2525 -2.316	2.336 -11.91 0.9554 4.36	-0.9283 0.2617 5.214 -4.219
36800	0.5812 4.168 -1.225 1.132	1.447 0.7401 0.2525 -2.316	2.336 -11.91 0.9554 4.36	-0.9283 0.2617 5.214 -4.219
36900	0.5893 4.158 -1.24 1.095	1.474 0.7354 0.2985 -2.333	2.349 -11.9 0.9189 4.376	-0.9315 0.3083 5.153 -4.213
37000	0.6126 4.071 -1.278 1.286	1.531 0.7911 0.1953 -2.335	2.436 -11.8 1.03 4.365	-0.8979 0.2547 5.198 -4.15
37100	0.7413 4.269 -1.292 1.314	1.438 0.7462 0.2878 -2.253	2.285 -11.72 1.037 4.317	-0.8338 0.2676 5.114 -4.132
37200	0.7347 4.205 -1.401 1.368	1.33 0.7572 0.1412 -2.314	2.359 -11.77 1.021 4.368	-0.7897 0.3108 5.073 -4.126
37300	0.8171 4.144 -1.71 1.451	1.213 0.8727 0.1989 -2.292	2.351 -11.92 1.049 4.376	-0.9379 0.2783 5.073 -3.934
37400	0.822 4.094 -1.686 1.409	1.18 0.9052 0.262 -2.335	2.335 -11.94 1.059 4.4	-0.9281 0.2422 5.043 -3.917
37500	0.7874 4.063 -1.693 1.399	1.179 0.919 0.2732 -2.327	2.343 -11.93 1.08 4.404	-0.9282 0.2437 5.025 -3.921
37600	0.7874 4.063 -1.693 1.399	1.179 0.919 0.2732 -2.327	2.343 -11.93 1.08 4.404	-0.9282 0.2437 5.025 -3.921
37700	0.8164 4.086 -1.668 1.401	1.152 0.8767 0.2835 -2.325	2.342 -11.97 1.067 4.405	-0.942 0.273 4.992 -3.908
37800	0.8218 4.183 -1.751 1.314	1.188 0.8211 0.1973 -2.377	2.418 -12 1 4.41	-0.9834 0.2468 4.992 -3.938
37900	0.8113 4.222 -1.761 1.259	1.241 0.8645 0.1244 -2.45	2.427 -12.02 1.048 4.549	-1.053 0.1802 4.783 -3.806
38000	0.7248 4.154 -1.75 1.291	1.282 0.92 0.1895 -2.369	2.456 -12.02 1.043 4.528	-1.035 0.1229 4.696 -3.694
38100	0.7446 4.231 -1.628 1.287	1.438 0.9213 0.2705 -2.355	2.463 -11.88 1.127 4.423	-0.9947 0.116 4.71 -3.621
38200	0.7828 4.199 -1.689 1.251	1.536 0.8596 0.2533 -2.277	2.458 -11.85 1.034 4.429	-1.094 0.1373 4.683 -3.545
38300	0.7427 4.211 -1.672 1.245	1.508 0.8772 0.2602 -2.233	2.466 -11.86 1.06 4.376	-1.11 0.1479 4.658 -3.62
38400	0.7427 4.211 -1.672 1.245	1.508 0.8772 0.2602 -2.233	2.466 -11.86 1.06 4.376	-1.11 0.1479 4.658 -3.62
38500	0.7589 4.193 -1.68 1.214	1.504 0.8263 0.2505 -2.224	2.432 -11.86 1.042 4.345	-1.173 0.1407 4.703 -3.642
38600	0.757 4.237 -1.632 1.233	1.568 0.8159 0.3086 -2.248	2.51 -11.86 1.07 4.445	-1.204 0.1655 4.732 -3.653
38700	0.758 4.255 -1.703 1.267	1.516 0.8123 0.2929 -2.255	2.54 -11.88 1.072 4.409	-1.183 0.1526 4.731 -3.601
38800	0.758 4.255 -1.703 1.267	1.516 0.8123 0.2929 -2.255	2.54 -11.88 1.072 4.409	-1.183 0.1526 4.731 -3.601
38900	0.758 4.255 -1.703 1.267	1.516 0.8123 0.2929 -2.255	2.54 -11.88 1.072 4.409	-1.183 0.1526 4.731 -3.601
39000	0.7923 4.145 -1.672 1.228	1.6 0.8058 0.2111 -2.334	2.463 -11.84 1.045 4.352	-1.215 0.1747 4.739 -3.619
39100	0.8105 4.149 -1.656 1.058	1.666 0.7847 0.1953 -2.319	2.447 -11.75 1.121 4.358	-1.228 0.1996 4.694 -3.691
39200	0.7691 4.065 -1.725 0.9667	1.698 0.7938 0.1342 -2.311	2.374 -11.78 1.067 4.445	-1.252 0.2856 4.754 -3.726
39300	0.9233 4.022 -1.772 1.036	1.678 0.7923 0.1412 -2.244	2.392 -11.61 1.1 4.424	-1.184 0.2073 4.587 -3.627
39400	0.8971 3.986 -1.702 1.049	1.716 0.8189 0.08801 -2.413	2.367 -11.61 1.142 4.396	-1.119 0.1297 4.417 -3.63
39500	0.7819 4.215 -1.715 1.019	1.791 0.7868 -0.06779 -2.543	2.351 -11.71 1.092 4.355	-1.081 0.1765 4.682 -3.666
39600	0.7776 4.247 -1.683 1.009	1.769 0.8052 -0.1194 -2.468	2.249 -11.69 1.115 4.347	-1.076 0.1246 4.622 -3.711
39700	0.7727 4.477 -1.534 1.112	1.848 0.6614 0.0202 -2.334	2.081 -11.66 1.031 4.514	-1.092 0.3705 4.493 -3.706
39800	0.5033 4.628 -1.331 1.15	1.763 0.5308 0.09861 -2.382	1.923 -11.83 0.8481 4.467	-1.248 0.2578 4.363 -3.731
39900	0.5675 4.511 -1.393 1.149	1.822 0.5741 0.05739 -2.428	1.972 -11.91 0.9832 4.522	-1.204 0.3804 4.397 -3.774
40000	0.6011 4.512 -1.331 1.061	1.753 0.5855 0.162 -2.468	1.923 -11.89 0.8399 4.493	-1.231 0.3185 4.434 -3.867
40100	0.5868 4.412 -1.551 1.012	1.829 0.5532 0.1983 -2.481	1.944 -11.58 0.8509 4.542	-1.369 0.2398 4.549 -3.797
40200	0.6086 4.332 -1.599 0.9799	1.866 0.5484 0.3003 -2.484	2.016 -11.47 0.8834 4.496	-1.352 0.3628 4.579 -3.753
40300	0.6516 4.418 -1.554 0.9311	1.797 0.5631 0.2497 -2.533	2.09 -11.39 0.9027 4.506	-1.335 0.3107 4.541 -3.743
40400	0.689 4.328 -1.56 0.891	1.853 0.5754 0.2275 -2.602	2.109 -11.49 0.8709 4.483	-1.387 0.3336 4.411 -3.646
40500	0.7275 4.279 -1.639 0.9118	1.749 0.5255 0.2012 -2.62	2.041 -11.54 0.8603 4.566	-1.263 0.2702 4.452 -3.633
40600	0.6731 4.416 -1.727 1.017	1.635 0.594 0.2844 -2.387	1.937 -11.42 0.8719 4.55	-1.282 0.2173 4.419 -3.628
40700	0.6237 4.344 -1.748 0.9826	1.571 0.5124 0.273 -2.328	1.994 -11.49 0.7875 4.59	-1.264 0.23 4.389 -3.606
40800	0.612 4.374 -1.809 1.049	1.589 0.5547 0.272 -2.359	2.065 -11.6 0.8615 4.578	-1.209 0.2918 4.352 -3.589
40900	0.6277 4.385 -1.896 1.056	1.515 0.6563 0.2604 -2.407	2.045 -11.54 0.9309 4.634	-1.191 0.3116 4.336 -3.637
41000	0.663 4.403 -1.899 1.064	1.485 0.661 0.2839 -2.388	2.029 -11.54 0.9244 4.622	-1.191 0.3023 4.371 -3.623
41100	0.663 4.403 -1.899 1.064	1.485 0.661 0.2839 -2.388	2.029 -11.54 0.9244 4.622	-1.191 0.3023 4.371 -3.623
41200	0.625 4.409 -1.942 1.058	1.492 0.6361 0.2772 -2.373	2.016 -11.51 0.8921 4.627	-1.131 0.2816 4.368 -3.653
41300	0.6165 4.481 -1.885 1.159	1.422 0.5818 0.2829 -2.393	2.012 -11.45 0.865 4.688	-1.107 0.2779 4.325 -3.484
41400	0.5953 4.499 -2.02 1.181	1.473 0.5572 0.2374 -2.445	2.101 -11.47 0.8951 4.621	-1.131 0.2167 4.243 -3.532
41500	0.6013 4.413 -2.019 1.11	1.42 0.5589 0.3844 -2.457	2.126 -11.5 0.8085 4.566	-1.192 0.0403 4.208 -3.398
41600	0.6153 4.429 -1.963 1.224	1.451 0.6011 0.3438 -2.452	2.076 -11.52 0.8735 4.548	-1.139 0.04424 4.219 -3.394
41700	0.6358 4.55 -2.032 1.198	1.523 0.5225 0.3026 -2.359	2.135 -11.59 0.7941 4.602	-1.196 0.03386 4.231 -3.454
41800	0.6405 4.539 -1.989 1.213	1.495 0.5162 0.332 -2.365	2.08 -11.55 0.8712 4.589	-1.157 0.003956 4.276 -3.435
41900	0.6376 4.594 -1.967 1.237	1.53 0.5801 0.471 -2.468	2.109 -11.57 0.9157 4.598	-1.08 0.0417 4.306 -3.351
42000	0.714 4.356 -1.994 1.124	1.618 0.5946 0.4881 -2.457	2.093 -11.3 0.8861 4.982	-0.91 -0.05715 4.342 -3.296
42100	0.6531 4.363 -1.98 1.06	1.67 0.6616 0.5414 -2.33	2.145 -11.34 0.9747 5.009	-0.9532 -0.1092 4.379 -3.291
42200	0.6839 4.304 -2.024 1.021	1.672 0.6326 0.522 -2.292	2.137 -11.38 0.9697 5.017	-0.9317 -0.02381 4.407 -3.214
42300	0.7048 4.286 -2.053 1.055	1.704 0.6638 0.5947 -2.193	2.133 -11.34 0.9858 4.928	-0.8523 -0.06021 4.325 -3.362
42400	0.7213 4.272 -2.034 1.21	1.629 0.5974 0.5115 -2.25	2.055 -11.3 0.9219 4.886	-0.9465 -0.153 4.368 -3.3
42500	0.8202 4.314 -2.108 1.104	1.609 0.6723 0.332 -2.264	2.223 -11.37 1.061 4.9	-1.15 -0.1734 4.265 -3.424
42600	0.8136 4.317 -2.089 1.156	1.592 0.7232 0.2986 -2.264	2.203 -11.4 0.9931 4.715	-1.138 -0.06851 4.314 -3.341
42700	0.9206 4.095 -2.091 0.9754	1.613 0.8803 0.2758 -2.144	2.227 -11.5 1.189 4.88	-0.9515 0.134 4.498 -3.4
42800	0.9043 4.252 -2.069 1.021	1.74 0.845 0.4513 -2.303	2.249 -11.6 1.155 4.787	-1.097 0.2009 4.592 -3.454
42900	0.8794 4.3 -2.04 1.034	1.721 0.8343 0.4132 -2.373	2.272 -11.59 1.041 4.908	-1.158 0.1022 4.7 -3.434
43000	0.8339 4.412 -2.06 0.9208	1.765 0.7743 0.4435 -2.38	2.316 -11.55 1.047 4.9	-1.19 0.09527 4.711 -3.475
43100	0.8836 4.36 -2.1 0.8908	1.768 0.7934 0.4588 -2.438	2.31 -11.53 1.008 4.906	-1.156 0.03748 4.717 -3.519
43200	0.7954 4.432 -2.121 0.9847	1.808 0.7421 0.4544 -2.52	2.255 -11.56 0.9624 4.96	-1.163 0.1499 4.664 -3.51
43300	0.7546 4.394 -2.105 0.9464	1.73 0.7183 0.4566 -2.543	2.246 -11.52 1.033 4.855	-1.155 0.08652 4.691 -3.615
43400	0.7492 4.387 -2.095 0.9777	1.766 0.6837 0.5035 -2.515	2.233 -11.58 1.081 4.865	-1.211 0.07458 4.704 -3.562
43500	0.7206 4.417 -2.109 1.009	1.745 0.751 0.5029 -2.479	2.238 -11.57 1.063 4.914	-1.2 0.0602 4.745 -3.549
43600	0.7206 4.417 -2.109 1.009	1.745 0.751 0.5029 -2.479	2.238 -11.57 1.063 4.914	-1.2 0.0602 4.745 -3.549
43700	0.7206 4.417 -2.109 1.009	1.745 0.751 0.5029 -2.479	2.238 -11.57 1.063 4.914	-1.2 0.0602 4.745 -3.549
43800	0.7529 4.436 -2.074 1.009	1.671 0.7379 0.5061 -2.423	2.286 -11.51 0.9842 4.926	-1.299 0.09049 4.71 -3.524
43900	0.8114 4.486 -2.014 1.075	1.734 0.7395 0.5402 -2.341	2.453 -11.46 0.997 4.947	-1.194 0.1018 4.785 -3.576
44000	0.8127 4.588 -2.03 1.184	1.828 0.6922 0.5571 -2.269	2.479 -11.38 0.9542 4.864	-1.164 -0.02776 4.734 -3.544
44100	0.7661 4.436 -1.993 1.282	1.842 0.7239 0.4258 -2.04	2.476 -11.44 1.049 4.81	-1.156 0.02169 4.643 -3.616
44200	0.6368 4.43 -1.907 1.121	1.788 0.7905 0.5692 -1.965	2.512 -11.52 1.009 4.95	-1.205 -0.07761 4.771 -3.639
44300	0.6368 4.43 -1.907 1.121	1.788 0.7905 0.5692 -1.965	2.512 -11.52 1.009 4.95	-1.205 -0.07761 4.771 -3.639
44400	0.6368 4.43 -1.907 1.121	1.788 0.7905 0.5692 -1.965	2.512 -11.52 1.009 4.95	-1.205 -0.07761 4.771 -3.639
44500	0.6368 4.43 -1.907 1.121	1.788 0.7905 0.5692 -1.965	2.512 -11.52 1.009 4.95	-1.205 -0.07761 4.771 -3.639
44600	0.6755 4.441 -1.914 1.138	1.779 0.7631 0.5562 -1.949	2.493 -11.52 0.9751 4.989	-1.159 -0.09222 4.733 -3.647
44700	0.7302 4.384 -1.951 1.191	1.755 0.7188 0.5679 -1.992	2.472 -11.48 0.9377 4.908	-1.207 -0.1134 4.821 -3.527
44800	0.6489 4.381 -1.881 1.263	1.764 0.7085 0.5824 -1.975	2.479 -11.49 0.9174 4.859	-1.196 -0.135 4.775 -3.493
44900	0.6337 4.321 -1.874 1.261	1.872 0.6387 0.6469 -2.001	2.586 -11.44 0.9081 4.948	-1.184 -0.121 4.713 -3.469
45000	0.715 4.148 -1.741 1.183	1.92 0.6756 0.7244 -1.873	2.69 -11.51 0.8411 4.955	-1.091 -0.06587 4.72 -3.4
45100	0.6328 4.154 -1.601 1.122	1.999 0.5984 0.9404 -1.909	2.69 -11.59 0.8615 4.991	-1.219 -0.03264 4.805 -3.382
45200	0.5409 4.096 -1.707 1.368	2.008 0.4722 0.8632 -1.838	2.486 -11.52 0.7796 4.902	-1.146 -0.05615 4.864 -3.514
45300	0.4859 4.161 -1.678 1.425	2.03 0.4942 0.8687 -1.801	2.462 -11.52 0.7957 4.883	-1.143 -0.04219 4.844 -3.52
45400	0.4859 4.161 -1.678 1.425	2.03 0.4942 0.8687 -1.801	2.462 -11.52 0.7957 4.883	-1.143 -0.04219 4.844 -3.52
45500	0.4859 4.161 -1.678 1.425	2.03 0.4942 0.8687 -1.801	2.462 -11.52 0.7957 4.883	-1.143 -0.04219 4.844 -3.52
45600	0.5102 4.148 -1.677 1.443	2.064 0.5268 0.8697 -1.85	2.501 -11.5 0.8606 4.936	-1.122 -0.0687 4.829 -3.563
45700	0.5349 4.11 -1.661 1.475	2.104 0.5395 0.7954 -1.815	2.5 -11.55 0.8752 4.908	-1.173 -0.1185 4.842 -3.491
45800	0.5776 4.087 -1.635 1.474	2.091 0.4808 0.7607 -1.763	2.49 -11.59 0.8826 4.995	-1.156 -0.1114 4.816 -3.53
45900	0.6158 4.211 -1.748 1.465	2.118 0.4639 0.8712 -1.719	2.295 -11.78 0.8002 4.85	-1.099 -0.05206 4.721 -3.463
46000	0.6915 4.281 -1.908 1.402	1.995 0.5109 0.9241 -1.61	2.305 -11.7 0.8976 4.872	-0.9838 -0.06452 4.734 -3.482
46100	0.5007 4.329 -1.782 1.483	1.952 0.4732 0.8661 -1.529	2.382 -11.65 0.8045 4.847	-0.9476 0.01479 4.78 -3.529
46200	0.5184 4.312 -1.726 1.552	1.862 0.51 0.8723 -1.507	2.412 -11.7 0.7844 4.912	-1 0.002115 4.88 -3.616
46300	0.6116 4.286 -1.655 1.582	1.913 0.5485 0.7539 -1.532	2.451 -11.66 0.8521 4.904	-0.9529 0.03563 4.929 -3.743
46400	0.6397 4.246 -1.658 1.566	1.916 0.5837 0.7467 -1.517	2.536 -11.56 0.9329 4.862	-0.9027 0.04937 4.87 -3.548
46500	0.6984 4.377 -1.638 1.655	2.035 0.5111 0.8456 -1.65	2.242 -11.59 0.878 5.017	-0.998 0.05907 4.765 -3.521
46600	0.7623 4.47 -1.652 1.586	2.054 0.5283 0.8541 -1.578	2.261 -11.6 0.9097 5.052	-0.9564 0.08352 4.82 -3.476
46700	0.7216 4.561 -1.663 1.715	2.074 0.5054 0.7578 -1.669	2.225 -11.54 0.939 5.088	-1.019 0.1086 4.74 -3.574
46800	0.6723 4.57 -1.533 1.692	2.182 0.5145 1.006 -1.896	2.279 -11.38 0.9567 5.262	-1.063 0.0776 4.935 -3.478
46900	0.731 4.668 -1.46 1.647	2.293 0.5516 1.125 -1.852	2.309 -11.43 0.8867 5.25	-1.059 -0.01527 4.941 -3.47
47000	0.7257 4.568 -1.299 1.624	2.15 0.5964 1.181 -1.69	2.36 -11.39 0.9423 4.904	-0.8761 -0.008838 5.038 -3.548
47100	0.7336 4.486 -1.388 1.677	2.169 0.5778 1.105 -1.791	2.172 -11.37 0.9521 4.99	-0.8017 -0.06851 5.186 -3.6
47200	0.5551 4.334 -1.274 1.471	2.129 0.491 1.048 -1.927	2.16 -11.39 0.9092 5.028	-0.9678 -0.1856 5.187 -3.606
47300	0.5674 4.351 -1.254 1.463	2.102 0.4971 1.027 -1.837	2.206 -11.44 0.8432 4.972	-0.9337 -0.2016 5.165 -3.633
47400	0.5808 4.382 -1.26 1.476	2.102 0.4844 1.048 -1.792	2.173 -11.47 0.8253 4.994	-0.9665 -0.2055 5.158 -3.637
47500	0.618 4.414 -1.331 1.486	2.097 0.4959 1.058 -1.858	2.163 -11.48 0.8706 4.926	-0.9544 -0.2229 5.164 -3.629
47600	0.7174 4.391 -1.318 1.595	2.103 0.5107 0.9952 -1.829	2.153 -11.47 0.8967 4.878	-0.9431 -0.2038 5.163 -3.643
47700	0.7604 4.404 -1.28 1.702	2.087 0.5819 1.028 -1.865	2.172 -11.44 0.8839 4.878	-0.9651 -0.2753 5.2 -3.633
47800	0.7224 4.34 -1.32 1.662	1.996 0.6525 0.9876 -1.909	2.146 -11.45 0.9911 4.852	-1.038 -0.3738 5.279 -3.585
47900	0.6731 4.34 -1.295 1.757	1.847 0.6048 0.9634 -1.959	2.036 -11.66 1.043 4.843	-1.09 -0.4218 5.329 -3.69
48000	0.8214 4.478 -1.166 1.87	1.786 0.561 0.9765 -1.894	1.91 -11.65 1.022 4.783	-1.087 -0.408 5.354 -3.791
48100	0.7885 4.238 -1.154 1.938	1.725 0.658 0.9809 -1.898	2.031 -11.5 0.9227 4.571	-1.06 -0.4856 5.248 -3.727
48200	0.7398 4.398 -1.153 1.963	1.705 0.7363 0.955 -1.839	1.995 -11.52 1.028 4.546	-0.9993 -0.4629 5.38 -3.635
48300	0.7609 4.303 -1.235 2.012	1.575 0.7579 0.9373 -1.888	2.016 -11.44 1.021 4.557	-0.906 -0.4661 5.384 -3.622
48400	0.7424 4.31 -1.234 2.015	1.508 0.7898 0.9547 -1.904	2.041 -11.43 0.9871 4.557	-0.9375 -0.431 5.39 -3.592
48500	0.8409 4.387 -1.224 1.939	1.426 0.8635 1.035 -1.883	1.953 -11.4 1.166 4.651	-0.9787 -0.3898 5.352 -3.603
48600	0.8091 4.445 -1.311 1.974	1.474 0.8752 0.9451 -1.987	1.979 -11.48 1.115 4.542	-0.9974 -0.3655 5.286 -3.599
48700	0.8396 4.494 -1.291 2.045	1.383 0.8931 0.8247 -1.824	1.879 -11.51 1.161 4.581	-0.8434 -0.2748 5.186 -3.476
48800	0.8931 4.704 -1.229 2.131	1.215 0.8294 0.8426 -1.905	1.911 -11.36 1.086 4.565	-0.8212 -0.1098 5.239 -3.602
48900	0.9306 4.626 -1.312 2.134	1.402 0.8399 0.7119 -1.732	2.005 -11.38 1.109 4.351	-0.8124 -0.02033 5.159 -3.64
49000	0.8407 4.569 -1.341 2.098	1.51 0.8103 0.6938 -1.771	2.047 -11.28 1.106 4.423	-0.861 -0.001185 5.113 -3.648
49100	0.8407 4.569 -1.341 2.098	1.51 0.8103 0.6938 -1.771	2.047 -11.28 1.106 4.423	-0.861 -0.001185 5.113 -3.648
49200	0.8407 4.569 -1.341 2.098	1.51 0.8103 0.6938 -1.771	2.047 -11.28 1.106 4.423	-0.861 -0.001185 5.113 -3.648
49300	0.7902 4.463 -1.343 2.205	1.555 0.7336 0.6607 -1.762	2.071 -11.24 1.073 4.474	-0.8061 0.03353 5.046 -3.614
49400	0.7902 4.463 -1.343 2.205	1.555 0.7336 0.6607 -1.762	2.071 -11.24 1.073 4.474	-0.8061 0.03353 5.046 -3.614
49500	0.803 4.354 -1.402 2.207	1.651 0.7705 0.6859 -1.808	2.094 -11.22 1.091 4.507	-0.7976 0.02262 5.069 -3.571
49600	0.7564 4.297 -1.344 2.194	1.603 0.801 0.7594 -1.755	2.063 -11.25 1.145 4.524	-0.8596 0.017 5.044 -3.612
49700	0.8354 4.384 -1.312 2.128	1.428 0.7883 0.7314 -1.814	2.077 -11.17 1.094 4.578	-0.8877 0.01998 5.087 -3.63
49800	0.844 4.449 -1.274 2.16	1.467 0.8494 0.6581 -1.882	1.976 -11.12 1.154 4.577	-0.9499 0.05914 5.093 -3.706
49900	0.8558 4.491 -1.34 2.264	1.521 0.8329 0.5823 -1.846	1.845 -11.09 1.179 4.583	-0.9914 0.08483 5.09 -3.717
50000	0.8558 4.491 -1.34 2.264	1.521 0.8329 0.5823 -1.846	1.845 -11.09 1.179 4.583	-0.9914 0.08483 5.09 -3.717
50100	0.8558 4.491 -1.34 2.264	1.521 0.8329 0.5823 -1.846	1.845 -11.09 1.179 4.583	-0.9914 0.08483 5.09 -3.717
