0	0 0 0 0	0 0 0 0	0 0 0 0	0 0 0 0
100	0.4209 0.1681 -0.3517 -0.1514	0.306 -0.5093 0.03274 0.1778	-0.2762 -0.2384 0.5371 0.1218	-0.1228 -0.23 0.3051 -0.392
200	0.6016 0.4494 -0.1785 -0.1201	0.9598 -0.5781 -0.02019 0.07466	-0.3545 -0.02842 0.5826 0.5185	-0.4009 -0.4374 0.7876 -0.4458
300	0.9891 0.5369 -0.2617 -0.3248	1.254 -0.8679 -0.6055 0.1892	-0.5383 0.008618 0.8638 0.3781	-0.6906 -0.6502 1.253 -0.6188
400	1.05 0.6163 -0.4376 -0.4274	1.656 -0.7842 -0.9162 0.3903	-0.867 -0.186 0.9341 0.4269	-0.7535 -0.6042 1.729 -0.4941
500	1.217 1.006 -0.6621 -0.3173	2.083 -0.7757 -1.095 0.1261	-0.7983 -0.05202 1.099 0.5424	-1.241 -0.8313 2.134 -0.7172
600	1.209 1.328 -0.7804 -0.4721	2.56 -0.7221 -0.9469 -0.1311	-1.078 -0.2467 1.303 0.4572	-1.267 -1.07 2.69 -0.6165
700	1.476 1.263 -0.5018 -0.7272	2.808 -0.8956 -1.058 -0.3688	-1.367 -0.3865 1.475 0.3853	-1.439 -1.308 3.431 -0.8618
800	1.411 1.356 -0.5777 -0.7721	3.076 -0.9032 -1.291 -0.217	-1.412 -0.4029 1.521 0.5672	-1.628 -1.467 3.737 -0.8961
900	1.568 1.179 -0.4918 -0.838	3.21 -1.249 -1.345 -0.5481	-1.887 -0.4745 1.588 0.5148	-1.578 -1.331 4.013 -1.188
1000	1.502 1.368 -0.8386 -0.7682	3.712 -1.246 -1.572 -0.6982	-1.72 -0.2991 1.613 0.5273	-1.756 -1.161 4.127 -1.427
1100	1.545 1.477 -0.9354 -0.4591	3.859 -1.116 -1.495 -0.6545	-1.75 -0.2789 1.559 0.5791	-1.646 -1.202 4.441 -1.591
1200	1.569 1.64 -1.363 -0.5365	4.335 -1.299 -1.756 -0.7672	-2.049 -0.1292 1.622 0.4388	-1.793 -1.323 4.589 -1.658
1300	1.764 1.437 -1.593 -0.8002	4.878 -1.64 -1.673 -0.7689	-2.048 0.02341 1.828 0.402	-1.711 -1.506 4.802 -1.531
1400	1.901 1.661 -1.736 -0.9047	4.866 -1.703 -1.714 -0.7613	-2.211 -0.1192 1.915 0.4711	-1.668 -1.698 4.983 -1.543
1500	1.847 1.761 -1.845 -0.9919	4.972 -1.735 -1.945 -0.6394	-2.415 0.09895 1.833 0.4624	-1.817 -1.772 5.052 -1.656
1600	1.845 1.677 -1.831 -1.048	5.133 -1.83 -1.815 -0.7503	-2.57 -0.03601 1.846 0.5725	-1.743 -1.759 5.08 -1.827
1700	1.92 1.878 -1.943 -1.237	5.128 -1.868 -1.67 -0.9205	-2.77 0.05698 1.882 0.6256	-1.66 -1.598 4.985 -1.973
1800	1.788 1.925 -1.924 -0.6845	5.358 -2.236 -1.637 -1.022	-2.776 0.1302 1.829 0.5366	-1.446 -1.974 5.082 -2.009
1900	1.9 2.034 -2.092 -0.5811	5.391 -2.46 -1.47 -1.208	-2.848 0.122 1.87 0.438	-1.646 -2.293 5.043 -1.835
2000	1.958 1.869 -2.115 -0.524	5.451 -2.407 -1.344 -1.113	-2.845 0.2261 1.95 0.4762	-1.678 -2.533 5.046 -1.83
2100	2.19 1.659 -2.108 -0.3731	5.252 -2.312 -1.21 -1.048	-2.871 0.1595 2.202 0.4682	-1.66 -2.74 5.142 -2.006
2200	2.177 1.642 -2.215 -0.2725	5.322 -2.439 -1.347 -0.9132	-2.975 0.27 2.272 0.4833	-1.724 -2.802 5.053 -2.067
2300	2.272 1.547 -2.33 -0.3835	5.374 -2.385 -1.406 -0.6993	-3.001 0.5028 2.216 0.523	-1.421 -2.806 5.005 -1.873
2400	2.4 1.497 -2.29 -0.3531	5.36 -2.392 -1.268 -0.7894	-3.065 0.5471 2.371 0.4039	-1.312 -2.877 4.81 -1.889
2500	2.373 1.639 -2.085 -0.4294	5.356 -2.324 -1.236 -0.9314	-2.983 0.6784 2.396 0.4386	-1.419 -3.112 4.7 -1.924
2600	2.363 1.631 -2.177 -0.2039	5.163 -2.397 -1.253 -1.006	-3.122 0.7419 2.319 0.2768	-1.566 -3.146 4.688 -1.96
2700	2.409 1.571 -2.264 0.07054	5.19 -2.346 -1.271 -0.9021	-3.188 0.783 2.408 0.1856	-1.455 -3.367 4.717 -1.903
2800	2.391 1.645 -2.233 -0.05104	5.144 -2.099 -1.145 -1.05	-3.146 0.9811 2.349 0.1382	-1.591 -3.434 4.94 -1.892
2900	2.281 1.381 -2.315 -0.01427	5.317 -2.193 -0.7992 -0.9429	-3.08 1.069 2.283 0.0244	-1.241 -3.452 5.029 -1.843
3000	2.239 1.401 -2.26 0.07613	5.153 -2.279 -0.9011 -0.9322	-3.123 1.051 2.223 -0.03127	-1.219 -3.39 5.2 -1.981
3100	2.177 1.426 -2.038 0.07834	5.208 -2.348 -0.8452 -1.061	-3.291 0.7995 2.174 0.02361	-1.327 -3.553 5.521 -1.781
3200	2.177 1.605 -1.885 0.1257	5.044 -2.395 -0.6536 -1.274	-3.154 0.6749 2.169 0.1982	-1.373 -3.445 5.784 -1.776
3300	2.331 1.631 -1.943 -0.02648	5.151 -2.57 -0.5445 -1.556	-3.132 0.5414 2.387 0.1508	-1.526 -3.383 5.957 -1.69
3400	2.353 1.632 -1.99 0.1438	5.213 -2.502 -0.5855 -1.663	-3.077 0.6275 2.332 -0.1824	-1.555 -3.657 5.959 -1.765
3500	2.395 1.74 -2.096 0.2102	5.364 -2.359 -0.6367 -1.873	-2.996 0.7831 2.354 -0.0204	-1.704 -3.736 5.928 -1.863
3600	2.33 1.474 -2.041 0.09998	5.417 -2.165 -0.504 -1.902	-2.985 0.7539 2.394 0.1994	-1.743 -3.818 6.19 -1.602
3700	2.445 1.632 -2.228 -0.142	5.171 -2.043 -0.4228 -1.739	-3.053 0.6141 2.3 0.2107	-1.72 -3.583 6.301 -1.639
3800	2.268 1.477 -2.11 -0.0467	5.258 -1.972 -0.1151 -1.339	-3.258 0.5803 2.353 0.374	-1.497 -3.789 6.478 -1.643
3900	2.438 1.587 -2.275 -0.05907	5.331 -2.001 0.07289 -1.314	-3.359 0.5892 2.411 0.2814	-1.381 -3.718 6.553 -1.699
4000	2.378 1.503 -2.297 -0.1307	5.357 -2.203 -0.06235 -1.324	-3.372 0.4944 2.426 0.4255	-1.335 -3.833 6.786 -1.543
4100	2.269 1.607 -2.341 0.05671	5.286 -2.201 -0.00198 -1.355	-3.422 0.4694 2.409 0.3451	-1.457 -4.009 6.94 -1.717
4200	2.385 1.426 -2.078 -0.1223	5.323 -2.224 -0.03993 -1.174	-3.364 0.3955 2.43 0.3703	-1.597 -3.905 7.015 -1.698
4300	2.349 1.449 -1.832 -0.128	5.52 -2.428 -0.211 -1.26	-3.538 0.4529 2.299 0.5627	-1.543 -3.845 6.898 -1.763
4400	2.35 1.359 -1.85 -0.3209	5.46 -2.491 -0.1632 -1.302	-3.52 0.5011 2.294 0.6464	-1.542 -3.708 6.852 -1.698
4500	2.607 1.177 -1.713 -0.4055	5.691 -2.431 -0.2486 -1.471	-3.336 0.5792 2.465 0.5479	-1.553 -3.696 6.858 -1.667
4600	2.519 1.205 -1.682 -0.3944	5.668 -2.448 -0.2862 -1.556	-3.621 0.665 2.489 0.5376	-1.649 -3.691 6.887 -1.638
4700	2.244 1.356 -1.521 -0.418	5.898 -2.316 -0.04424 -1.604	-3.453 0.5421 2.268 0.5632	-1.503 -3.373 6.863 -1.556
4800	2.286 1.387 -1.445 -0.5266	5.978 -2.279 -0.05189 -1.665	-3.461 0.4127 2.369 0.5664	-1.478 -3.408 6.798 -1.614
4900	2.299 1.481 -1.303 -0.4391	5.743 -2.241 -0.09038 -1.672	-3.353 0.3464 2.262 0.5222	-1.757 -3.513 6.446 -1.87
5000	2.54 1.499 -1.375 -0.3565	5.633 -2.435 0.119 -1.532	-3.592 0.2198 2.429 0.5329	-2.012 -3.491 6.728 -1.925
5100	2.657 1.611 -1.256 -0.4367	6.035 -2.363 0.3936 -1.376	-3.678 -0.01067 2.622 0.5637	-2.049 -3.558 6.918 -1.652
5200	2.614 1.807 -1.311 -0.4489	5.97 -2.274 0.3469 -1.345	-3.611 -0.07012 2.601 0.5178	-2.005 -3.582 7.086 -1.518
5300	2.592 1.788 -1.305 -0.2508	5.731 -2.572 0.5528 -1.412	-3.563 -0.1848 2.557 0.3291	-1.915 -3.699 6.931 -1.404
5400	2.62 1.693 -1.232 -0.1741	5.797 -2.693 0.5953 -1.37	-3.695 -0.06314 2.611 0.5159	-1.718 -3.717 6.87 -1.402
5500	2.727 1.632 -1.419 0.02316	6.174 -2.962 0.3567 -1.146	-3.676 -0.1506 2.754 0.5156	-1.706 -3.902 6.848 -1.554
5600	2.652 1.627 -1.526 0.1956	6.308 -2.936 0.3325 -1.144	-3.616 -0.07297 2.687 0.5075	-1.749 -3.958 6.915 -1.596
5700	2.633 1.478 -1.151 0.00857	6.516 -3.022 0.2657 -1.141	-3.55 -0.09091 2.622 0.5616	-1.821 -4.06 6.863 -1.514
5800	2.577 1.475 -1.07 0.02377	6.691 -2.767 0.1622 -1.211	-3.625 0.1017 2.662 0.7781	-1.885 -3.935 6.889 -1.583
5900	2.622 1.552 -1.205 0.04944	6.857 -2.82 0.2901 -1.011	-3.663 0.1903 2.576 0.8006	-1.579 -3.933 7.039 -1.499
6000	2.746 1.499 -1.332 0.00457	6.798 -2.717 0.4551 -1.18	-3.674 0.07682 2.669 0.7784	-1.559 -3.973 7.111 -1.346
6100	2.629 1.557 -1.301 -0.007853	6.881 -2.52 0.3732 -1.294	-3.554 -0.01042 2.629 0.8466	-1.331 -4.047 7.173 -1.579
6200	2.714 1.597 -1.236 0.1061	6.861 -2.602 0.4607 -1.498	-3.327 0.2266 2.654 0.8452	-0.8677 -4.102 7.242 -1.472
6300	2.69 1.317 -1.175 0.2153	6.856 -2.542 0.3847 -1.647	-3.468 0.1496 2.69 0.8558	-0.8303 -3.861 7.07 -1.374
6400	2.779 1.367 -1.308 0.3772	6.698 -2.754 0.2205 -1.727	-3.173 -0.1057 2.682 0.8265	-1.094 -4.008 7.055 -1.373
6500	2.659 1.469 -1.296 0.4463	6.673 -2.744 0.09257 -1.981	-3.089 -0.03307 2.612 0.8219	-0.9388 -4.025 7.049 -1.479
6600	2.666 1.504 -1.731 0.6006	6.481 -2.976 0.05431 -1.992	-3.182 0.00803 2.673 0.9282	-0.9142 -4.116 7.142 -1.694
6700	2.754 1.408 -1.539 0.6416	6.611 -3.086 0.2316 -2.207	-3.069 -0.04062 2.78 0.7888	-0.8794 -4.141 7.146 -1.863
6800	2.788 0.9926 -1.733 0.5418	6.499 -3.006 0.1711 -2.263	-3.015 -0.07684 2.786 0.6731	-0.9742 -3.994 7.088 -2.004
6900	2.601 1.017 -1.474 0.5952	6.481 -3.072 0.2224 -2.121	-3.228 -0.02928 2.671 0.4164	-0.9431 -4.059 7.189 -2.017
7000	2.511 1.28 -1.839 0.698	6.592 -3.159 0.3672 -2.041	-3.513 -0.006461 2.522 0.3973	-1.15 -3.953 7.235 -1.91
7100	2.513 1.502 -2.025 0.5474	6.8 -3.319 0.4487 -2.127	-3.701 -0.119 2.469 0.5126	-1.028 -3.806 7.323 -1.858
7200	2.463 1.51 -2.092 0.511	6.833 -3.371 0.4717 -2.188	-3.805 0.05706 2.485 0.6195	-1.021 -3.993 7.275 -1.973
7300	2.516 1.675 -2.175 0.5027	6.857 -3.326 0.534 -2.23	-3.802 -0.01816 2.592 0.7624	-1.014 -4.082 7.315 -2.012
7400	2.599 1.452 -1.983 0.6071	6.804 -3.149 0.5511 -2.009	-3.606 -0.1956 2.695 0.851	-0.998 -4.034 7.413 -2.123
7500	2.556 1.682 -2.137 0.6966	6.643 -3.307 0.4502 -1.986	-3.495 -0.1027 2.626 0.7825	-0.9102 -4.066 7.285 -2.212
7600	2.458 1.715 -1.933 0.6453	6.705 -3.567 0.4789 -1.846	-3.77 -0.1294 2.497 0.6904	-0.9057 -3.875 7.335 -2.29
7700	2.319 1.585 -1.998 0.3191	6.78 -3.727 0.5819 -1.704	-3.656 -0.1869 2.307 0.781	-0.7028 -3.916 7.245 -2.102
7800	2.45 1.548 -2.01 0.2943	6.927 -3.791 0.5296 -1.573	-3.672 -0.2333 2.415 0.8926	-0.6414 -4.061 7.376 -1.958
7900	2.265 1.601 -2.063 0.4367	7.015 -3.886 0.703 -1.646	-3.758 -0.2534 2.295 0.9738	-0.9656 -3.842 7.558 -1.79
8000	2.167 1.585 -2.052 0.3592	7.009 -3.882 0.5977 -1.678	-3.662 -0.4201 2.141 1.09	-1.076 -3.988 7.382 -1.847
8100	2.323 1.645 -2.171 0.4459	6.816 -3.858 0.449 -1.693	-3.695 -0.435 2.265 1.301	-1.222 -3.803 7.418 -1.985
8200	2.164 1.834 -2.281 0.7361	6.756 -3.999 0.7324 -1.717	-3.892 -0.5335 2.169 1.298	-1.067 -4.176 7.487 -2.098
8300	2.2 1.828 -2.182 0.9011	6.628 -4.009 0.605 -1.858	-4.008 -0.5812 2.222 1.576	-1.243 -4.001 7.41 -2.194
8400	2.017 1.812 -2.515 1.1	6.929 -4.096 0.3906 -1.933	-4.148 -0.4711 2.124 1.52	-1.069 -3.995 7.154 -2.57
8500	2.146 1.857 -2.583 1.037	7.009 -4.356 0.593 -2.389	-4.259 -0.2812 2.198 1.516	-0.9276 -3.993 7.049 -2.638
8600	2.076 1.743 -2.617 1.083	7.246 -4.553 0.6654 -2.567	-4.336 -0.2361 2.098 1.728	-0.7736 -3.916 7.047 -2.427
8700	2.078 1.825 -2.57 1.071	7.35 -4.539 0.4606 -2.564	-4.296 -0.174 2.001 1.702	-0.6889 -3.827 6.868 -2.425
8800	2.097 1.644 -2.437 0.9166	7.253 -4.467 0.3715 -2.57	-4.304 0.02732 2.014 1.791	-0.8817 -3.603 6.93 -2.563
8900	2.066 1.382 -2.192 0.9739	7.459 -4.116 0.4134 -2.579	-4.342 -0.2028 2.156 1.821	-1.061 -3.517 7.262 -2.568
9000	2.058 1.265 -2.23 0.8726	7.439 -4.165 0.407 -2.455	-4.147 -0.08235 2.04 1.881	-1.149 -3.597 7.159 -2.583
9100	2.051 1.031 -2.36 1.069	7.517 -4.007 0.2975 -2.372	-3.822 0.08493 2.102 1.706	-1.165 -3.234 7.087 -2.838
9200	1.972 1.061 -2.439 0.9853	7.377 -4.082 0.2157 -2.369	-3.743 -0.09121 2.081 1.608	-1.294 -3.354 7.058 -2.921
9300	2.15 0.8349 -2.186 0.7077	7.359 -4.128 0.1602 -2.156	-4.002 -0.08911 2.089 1.178	-1.336 -3.447 7.031 -2.83
9400	1.932 1.18 -2.328 0.8265	7.532 -4.09 0.395 -1.894	-4.22 -0.1365 1.979 1.213	-1.266 -3.637 7.166 -2.717
9500	1.994 1.258 -2.211 0.7757	7.729 -4 0.5047 -2.14	-4.301 -0.2595 1.99 1.201	-1.337 -3.662 7.467 -2.708
9600	1.878 1.458 -2.337 0.8006	7.78 -3.958 0.5232 -2.189	-4.43 -0.2777 1.753 1.352	-1.34 -3.814 7.398 -2.702
9700	1.936 1.145 -2.423 0.5906	7.793 -3.908 0.3709 -2.242	-4.485 -0.04597 1.942 1.216	-1.331 -3.71 7.432 -2.761
9800	1.917 1.02 -2.454 0.4584	7.903 -4.037 0.3978 -2.121	-4.301 -0.002828 1.968 1.24	-1.388 -3.583 7.634 -2.899
9900	2.036 0.8973 -2.47 0.4154	7.857 -4.232 0.4288 -2.368	-4.442 0.01913 2.04 1.234	-1.407 -3.605 7.542 -2.989
10000	2.106 0.938 -2.242 0.1741	7.797 -4.258 0.3503 -2.178	-4.193 0.005454 2.134 1.293	-1.492 -3.711 7.557 -3.16
10100	2.168 1.11 -2.1 -0.04113	7.984 -4.125 0.4287 -2.003	-4.093 0.4747 2.028 1.532	-1.599 -3.457 7.625 -3.281
10200	1.901 0.8953 -2.07 -0.06619	7.989 -4.119 0.3003 -2.092	-3.954 0.418 2.002 1.629	-1.522 -3.463 7.633 -3.263
10300	1.862 0.6861 -2.156 -0.15	8.048 -4.341 0.1739 -1.981	-4.013 0.4815 1.786 1.996	-1.498 -3.368 7.693 -3.308
10400	1.933 0.73 -2.089 0.2535	8.088 -4.406 0.1778 -2.05	-3.986 0.3295 1.87 2.174	-1.342 -3.131 7.484 -3.443
10500	1.796 0.6424 -2.135 0.2651	7.967 -4.272 0.1762 -2.196	-4.039 0.3531 1.852 2.09	-1.333 -3.31 7.286 -3.468
10600	1.813 0.7504 -2.025 -0.09519	7.783 -4.349 0.05615 -2.293	-3.894 0.228 1.793 2.028	-1.413 -3.401 7.562 -3.34
10700	1.739 0.5108 -1.824 -0.2426	7.721 -4.485 0.2979 -2.369	-3.741 0.1462 1.764 2.137	-1.796 -3.477 7.535 -3.42
10800	1.811 0.3336 -1.668 0.009272	7.922 -4.359 0.4037 -2.369	-3.712 0.1976 1.794 2.003	-1.752 -3.512 7.395 -3.542
10900	1.682 0.2878 -1.573 0.1413	8.249 -4.441 0.1514 -2.248	-3.637 0.3055 1.64 1.947	-1.837 -3.526 7.551 -3.672
11000	1.684 0.1984 -1.441 0.1566	8.22 -4.531 0.18 -2.236	-3.842 0.4664 1.765 2.087	-1.751 -3.637 7.667 -3.63
11100	1.577 0.1273 -1.439 0.1487	8.396 -4.499 0.2483 -2.193	-3.847 0.5541 1.675 2.019	-1.617 -3.768 7.819 -3.743
11200	1.503 0.09475 -1.438 0.0709	8.277 -4.622 0.2588 -2.226	-3.929 0.462 1.627 1.831	-1.493 -3.823 7.922 -3.595
11300	1.522 0.2797 -1.494 -0.007454	8.032 -4.583 0.3445 -2.322	-3.755 0.3439 1.44 1.806	-1.329 -3.793 8.059 -3.573
11400	1.384 0.3862 -1.394 -0.2241	7.822 -4.538 0.4796 -2.474	-3.571 0.2967 1.298 1.727	-1.531 -3.851 8.087 -3.751
11500	1.341 0.3699 -1.365 -0.2266	7.828 -4.528 0.4437 -2.526	-3.547 0.2719 1.304 1.738	-1.593 -3.837 8.066 -3.75
11600	1.292 0.3798 -1.174 -0.2219	7.843 -4.452 0.4322 -2.472	-3.631 0.2803 1.283 1.669	-1.59 -3.882 8.052 -3.714
11700	1.37 0.2815 -1.221 -0.3392	7.754 -4.581 0.305 -2.513	-3.565 0.5945 1.369 1.826	-1.72 -3.79 8.071 -3.803
11800	1.385 0.2201 -1.315 -0.2085	7.876 -4.568 0.005468 -2.477	-3.768 0.619 1.425 2.074	-1.945 -3.859 8.04 -3.839
11900	1.431 0.1759 -1.165 -0.2512	7.837 -4.679 0.09079 -2.507	-3.847 0.6344 1.44 2.152	-1.849 -3.812 8.102 -3.75
12000	1.346 0.3516 -1.113 -0.2679	7.923 -4.504 -0.02449 -2.466	-3.835 0.6697 1.381 2.075	-1.845 -3.575 8.102 -3.731
12100	1.504 0.4585 -1.004 -0.3167	7.789 -4.497 0.1007 -2.659	-3.828 0.62 1.575 1.919	-1.704 -3.325 8.149 -3.616
12200	1.681 0.3043 -0.9464 -0.315	7.798 -4.349 0.2282 -2.504	-3.783 0.5846 1.644 1.874	-1.69 -3.241 8.251 -3.946
12300	1.706 0.3679 -0.905 -0.5733	7.72 -4.266 -0.1208 -2.476	-3.896 0.5818 1.717 1.672	-1.685 -3.548 8.53 -3.883
12400	1.762 0.2705 -0.7887 -0.7208	7.783 -4.476 0.01265 -2.787	-3.834 0.5768 1.688 1.578	-1.565 -3.626 8.43 -3.795
12500	1.596 0.1942 -0.9664 -0.5277	8.03 -4.469 -0.09178 -2.429	-3.727 0.5445 1.553 1.529	-1.626 -3.613 8.705 -3.696
12600	1.603 0.329 -1.075 -0.5383	8.262 -4.373 0.2205 -2.489	-3.687 0.4599 1.668 1.495	-1.574 -3.733 8.553 -3.535
12700	1.573 0.405 -0.9517 -0.4675	8.289 -4.528 0.1005 -2.763	-3.751 0.6008 1.659 1.641	-1.418 -3.647 8.715 -3.629
12800	1.55 0.3229 -0.8705 -0.5608	8.178 -4.637 0.2434 -2.978	-3.55 0.5688 1.538 1.683	-1.602 -3.695 8.625 -3.805
12900	1.581 0.2496 -0.9187 -0.5723	8.218 -4.679 0.1481 -3.016	-3.606 0.6554 1.543 1.328	-1.685 -3.721 8.675 -3.661
13000	1.597 0.1204 -1.015 -0.6769	8.154 -4.558 0.3061 -3.155	-3.706 0.5249 1.645 1.54	-1.829 -3.513 8.937 -3.53
13100	1.479 0.08751 -0.7529 -0.595	8.295 -4.52 0.1285 -3.313	-3.636 0.3773 1.324 1.256	-1.904 -3.746 8.876 -3.585
13200	1.364 -0.1006 -0.81 -0.5293	8.399 -4.417 0.08238 -3.324	-3.632 0.3334 1.518 1.447	-2.001 -3.726 8.877 -3.732
13300	1.638 -0.08708 -0.891 -0.4747	8.61 -4.581 0.5331 -2.964	-3.656 0.3349 1.508 1.184	-1.898 -3.53 8.822 -3.697
13400	1.582 -0.1351 -0.9255 -0.6725	8.782 -4.656 0.4927 -3.046	-3.776 0.491 1.542 1.503	-1.835 -3.611 9.072 -3.539
13500	1.505 -0.08799 -0.7312 -0.8361	8.764 -4.599 0.6652 -2.945	-3.572 0.4683 1.506 1.448	-1.881 -3.604 8.906 -3.6
13600	1.575 -0.0696 -0.6397 -0.708	8.574 -4.535 0.8219 -2.877	-3.602 0.3794 1.571 1.466	-1.834 -3.392 8.849 -3.62
13700	1.607 -0.02456 -0.7452 -0.5947	8.632 -4.864 0.6714 -2.832	-3.638 0.4581 1.634 1.67	-2.02 -3.363 8.871 -3.503
13800	1.587 0.02921 -0.7418 -0.6691	8.577 -4.865 0.5542 -2.847	-3.768 0.3365 1.587 1.71	-1.899 -3.371 8.613 -3.609
13900	1.554 0.04313 -0.7592 -0.6274	8.642 -4.887 0.4133 -2.891	-3.841 0.4796 1.487 1.689	-2.044 -3.341 8.467 -3.467
14000	1.533 0.05213 -0.7393 -0.5937	8.631 -4.77 0.2912 -2.942	-3.836 0.355 1.563 1.71	-2.004 -3.375 8.372 -3.594
14100	1.543 -0.02923 -0.7229 -0.6087	8.668 -4.622 0.2503 -2.879	-3.915 0.2557 1.559 1.698	-2.098 -3.261 8.339 -3.719
14200	1.543 0.0373 -0.6406 -0.5074	8.547 -4.611 0.383 -2.819	-3.859 0.4115 1.617 1.641	-2.201 -3.138 8.376 -3.67
14300	1.518 -0.1304 -0.5717 -0.3289	8.466 -4.513 0.236 -2.772	-3.943 0.3725 1.57 1.507	-2.136 -3.291 8.245 -3.521
14400	1.542 -0.3199 -0.738 -0.133	8.459 -4.453 0.2292 -2.595	-4.015 0.1809 1.63 1.516	-1.948 -3.309 8.411 -3.64
14500	1.488 -0.4216 -0.6974 0.04864	8.355 -4.432 0.243 -2.49	-3.877 0.3354 1.554 1.609	-2.058 -3.299 8.361 -3.598
14600	1.514 -0.2082 -0.7552 -0.167	8.007 -4.557 0.432 -2.518	-3.669 0.09646 1.596 1.643	-2.063 -3.208 8.516 -3.91
14700	1.563 -0.1937 -0.6077 -0.17	7.903 -4.481 0.2857 -2.396	-3.649 0.01719 1.607 1.755	-2.071 -3.069 8.638 -3.798
14800	1.513 -0.175 -0.5768 0.06375	7.682 -4.633 0.3117 -2.242	-3.615 -0.01667 1.57 1.741	-1.959 -3.026 8.732 -3.782
14900	1.438 0.05927 -0.5934 0.243	7.652 -4.623 0.3222 -2.362	-3.579 -0.04307 1.445 1.66	-1.948 -2.992 8.798 -3.743
15000	1.415 0.1965 -0.4991 0.1733	7.761 -4.601 0.3566 -2.448	-3.727 -0.06433 1.462 1.332	-1.998 -3.101 8.891 -3.742
15100	1.31 -0.04899 -0.5797 0.2774	7.729 -4.463 0.5296 -2.13	-3.733 -0.03586 1.35 1.414	-2.123 -2.984 8.94 -3.79
15200	1.428 0.1158 -0.4809 0.2792	7.727 -4.715 0.5946 -2.266	-3.529 0.06121 1.473 1.383	-2.071 -2.998 8.927 -3.712
15300	1.478 0.08481 -0.423 0.2741	7.52 -4.756 0.5757 -2.159	-3.284 0.07276 1.439 1.557	-1.924 -3.049 9.174 -3.79
15400	1.471 0.01225 -0.2872 0.01409	7.637 -4.667 0.6801 -2.184	-3.287 0.1268 1.453 1.69	-1.826 -3.139 9.217 -3.741
15500	1.483 -0.07634 -0.2693 -0.1004	7.446 -4.704 0.4599 -2.083	-3.285 0.02814 1.572 1.654	-2.032 -3.122 9.194 -3.518
15600	1.597 -0.1029 0.06665 0.2013	7.464 -4.759 0.6715 -2.413	-3.355 0.045 1.582 1.645	-2.187 -2.936 9.2 -3.488
15700	1.624 -0.1782 -0.1116 0.2276	7.231 -4.679 0.5504 -2.648	-3.32 0.06857 1.611 1.436	-2.166 -3.108 9.355 -3.407
15800	1.773 0.0586 -0.2195 0.2332	7.164 -4.61 0.5896 -2.587	-3.395 0.1035 1.783 1.485	-2.192 -3.202 9.523 -3.251
15900	1.833 0.04828 -0.2075 0.4121	7.045 -4.721 0.5857 -2.741	-3.713 -0.07332 1.716 1.401	-2.021 -3.627 9.648 -3.294
16000	1.785 0.04248 -0.4064 0.3084	7.042 -4.671 0.5331 -2.632	-3.803 -0.009306 1.818 1.442	-1.951 -3.68 9.723 -3.437
16100	1.73 0.03082 -0.383 0.347	7.004 -4.696 0.4071 -2.565	-3.679 0.03285 1.699 1.608	-1.967 -3.741 9.743 -3.488
16200	1.618 0.08085 -0.5856 0.5533	7.076 -4.745 0.2648 -2.433	-3.618 -0.1391 1.755 1.612	-2.041 -3.915 9.801 -3.371
16300	1.587 0.1885 -0.6293 0.6649	6.981 -4.589 0.3138 -2.604	-3.721 -0.1025 1.544 1.56	-2.016 -3.823 9.662 -3.457
16400	1.297 0.3805 -0.7615 0.6095	7.019 -4.554 0.4346 -2.667	-3.635 -0.07875 1.313 1.768	-2.216 -3.949 9.667 -3.544
16500	1.477 0.05652 -0.7668 0.6755	6.892 -4.57 0.5547 -2.569	-3.727 -0.1133 1.535 1.77	-2.416 -3.902 10.05 -3.459
16600	1.638 0.008049 -0.7956 0.8363	6.943 -4.709 0.7105 -2.584	-3.816 -0.2318 1.657 1.761	-2.525 -3.787 9.948 -3.511
16700	1.655 -0.06294 -0.8059 0.7632	6.965 -4.708 0.7536 -2.505	-3.74 -0.194 1.631 1.779	-2.57 -3.762 9.856 -3.522
16800	1.739 0.1547 -0.9762 0.683	6.942 -4.62 0.585 -2.785	-3.416 -0.3051 1.57 1.826	-2.35 -3.861 9.876 -3.71
16900	1.79 -0.001194 -1.139 0.5679	7.07 -4.63 0.7658 -2.664	-3.29 -0.392 1.761 1.81	-2.47 -3.871 9.876 -3.603
17000	1.765 -0.1042 -1.065 0.784	7.01 -4.694 1.018 -2.571	-3.041 -0.6647 1.729 1.849	-2.494 -3.836 9.656 -3.837
17100	1.747 -0.1441 -0.9973 1.008	6.867 -4.594 1.045 -2.827	-3.331 -0.6757 1.725 1.834	-2.743 -3.989 9.841 -4.05
17200	1.832 -0.07384 -1.04 0.9375	7.154 -4.65 0.9646 -2.622	-3.131 -0.8483 1.734 1.743	-2.548 -3.805 9.848 -4.073
17300	1.768 -0.1387 -0.9093 0.9724	7.331 -4.772 0.925 -2.721	-3.282 -0.9586 1.722 1.485	-2.683 -3.869 9.884 -4.021
17400	1.602 -0.1474 -0.9011 1.072	7.339 -4.877 1.054 -2.494	-3.279 -1.055 1.589 1.33	-2.387 -3.715 9.87 -4.037
17500	1.588 -0.26 -1.039 1.137	7.562 -4.838 1.133 -2.602	-3.416 -0.9245 1.53 1.506	-2.367 -3.731 9.938 -3.99
17600	1.591 -0.1577 -0.9382 1.332	7.522 -4.753 1.016 -2.533	-3.411 -1.131 1.627 1.474	-2.399 -3.702 10.08 -3.946
17700	1.441 -0.09496 -0.8881 1.117	7.565 -4.872 0.9813 -2.71	-3.299 -0.7271 1.409 1.423	-2.176 -3.778 10.26 -3.88
17800	1.267 0.0813 -0.7338 1.079	7.617 -4.947 1.083 -2.482	-3.251 -0.886 1.384 1.379	-2.195 -3.71 10.29 -3.869
17900	1.356 0.1657 -0.484 1.04	7.548 -4.735 0.974 -2.216	-2.952 -0.8853 1.441 1.391	-2.113 -3.462 10.47 -3.935
18000	1.379 0.2328 -0.5587 1.003	7.566 -4.565 1.072 -2.242	-3.124 -0.9385 1.407 1.419	-2.083 -3.518 10.48 -3.833
18100	1.312 0.2012 -0.6472 1.054	7.607 -4.62 0.8879 -2.193	-3.298 -0.9745 1.293 1.585	-1.938 -3.567 10.53 -3.889
18200	1.148 0.2292 -0.8674 0.974	7.754 -4.788 1.03 -2.23	-3.094 -1.03 1.129 1.522	-1.878 -3.628 10.66 -4.004
18300	1.206 0.1748 -0.8564 0.9303	7.612 -4.843 0.7919 -2.257	-2.991 -1.074 1.086 1.704	-1.663 -3.632 10.86 -4.004
18400	0.9423 0.139 -0.8066 1.077	7.801 -4.872 0.8649 -2.324	-2.822 -0.9757 0.9558 1.621	-1.85 -3.746 11.09 -4.073
18500	0.9197 0.4233 -0.9009 0.8759	7.757 -4.806 0.8646 -2.544	-2.849 -1.31 0.8971 1.734	-1.717 -3.714 11.39 -4.141
18600	0.7881 0.5915 -0.8458 0.8097	7.565 -4.702 0.8668 -2.735	-2.946 -1.024 0.7795 1.657	-1.706 -3.52 11.17 -4.399
18700	0.8155 0.6862 -0.7519 0.7681	7.509 -4.62 0.6724 -2.61	-2.87 -0.9767 0.8501 1.792	-1.767 -3.386 11.34 -4.418
18800	0.9465 0.9894 -0.7946 0.8276	7.773 -4.523 0.5673 -2.56	-2.763 -1.029 0.9169 2.023	-1.706 -3.561 11.15 -4.512
18900	0.7974 1.014 -0.9021 0.9096	8.02 -4.33 0.2964 -2.497	-2.875 -0.9695 0.8311 2.116	-1.847 -3.464 11.34 -4.72
19000	0.7264 1.029 -0.8948 1.06	7.977 -4.374 0.2745 -2.561	-2.921 -1.011 0.8158 2.149	-1.86 -3.403 11.3 -4.599
19100	0.7508 1.017 -0.7193 0.9259	8.06 -4.434 0.1561 -2.552	-2.786 -1.164 0.7922 2.344	-1.764 -3.308 11.53 -4.617
19200	0.799 1.163 -0.6455 0.8387	8.272 -4.522 0.1556 -2.642	-2.807 -1.238 0.7084 2.404	-1.82 -3.49 11.4 -4.496
19300	0.6389 1.141 -0.8071 0.9326	8.277 -4.506 0.2172 -2.749	-2.815 -1.315 0.6752 2.36	-1.806 -3.425 11.5 -4.485
19400	0.6964 0.9539 -0.9343 0.7183	8.165 -4.42 0.2141 -2.874	-2.716 -1.309 0.6293 2.405	-1.965 -3.256 11.52 -4.477
19500	0.7813 0.6437 -0.7661 0.6011	8.137 -4.478 0.4569 -2.846	-2.561 -1.432 0.7921 2.549	-1.704 -3.131 11.73 -4.454
19600	0.7528 0.6578 -0.8169 0.6426	8.056 -4.592 0.4188 -2.794	-2.584 -1.54 0.7986 2.696	-1.671 -3.243 11.69 -4.68
19700	0.7151 0.7194 -0.4621 0.6501	8.069 -4.619 0.5 -2.837	-2.395 -1.61 0.6715 2.648	-1.729 -3.353 11.75 -4.645
19800	0.8122 0.4524 -0.6104 0.6736	8.154 -4.782 0.3652 -2.743	-2.212 -1.68 0.8338 2.697	-2.081 -3.329 11.87 -4.615
19900	0.8875 0.2917 -0.476 0.6518	8.298 -4.739 0.3992 -2.772	-2.206 -1.654 0.8448 2.703	-1.908 -3.52 11.9 -4.654
20000	0.8173 0.3383 -0.3454 0.6697	8.31 -4.863 0.3905 -2.584	-2.3 -1.764 0.8168 2.759	-2.032 -3.283 11.81 -4.819
20100	0.7637 0.3162 -0.4128 0.7104	8.428 -5.003 0.4524 -2.831	-2.336 -1.948 0.7815 2.734	-1.961 -3.107 11.94 -4.709
20200	0.9003 0.4223 -0.3929 0.9666	8.514 -5.285 0.4068 -3.018	-2.272 -1.719 0.7544 3.098	-1.992 -2.951 12.17 -4.953
20300	0.903 0.3922 -0.4554 0.96	8.288 -5.391 0.4493 -2.969	-2.09 -1.714 0.8796 3.109	-2.021 -2.942 12.16 -4.886
20400	0.951 0.3683 -0.1765 1.184	8.363 -5.214 0.2755 -2.814	-2.25 -1.698 0.9569 3.119	-2.023 -2.77 12.06 -4.826
20500	0.9381 0.376 -0.05686 1.418	8.348 -5.162 0.1998 -2.918	-2.442 -1.569 0.8734 3.088	-2.006 -2.716 12.1 -4.854
20600	0.9245 0.4286 -0.2492 1.46	8.421 -4.764 0.0564 -3.427	-2.329 -1.411 0.9274 3.022	-1.877 -2.795 12.18 -4.647
20700	0.9726 0.4105 -0.05846 1.558	8.509 -4.751 0.03964 -3.186	-2.17 -1.324 0.9722 3.142	-1.579 -2.74 12.48 -4.693
20800	1.058 0.5722 0.08355 1.482	8.739 -4.899 0.2855 -3.125	-2.208 -1.29 0.9425 3.156	-1.359 -2.905 12.52 -4.727
20900	0.8756 0.5263 -0.06552 1.765	8.577 -5.065 0.1076 -3.113	-2.208 -1.237 0.9435 3.335	-1.17 -3.019 12.42 -5.062
21000	1.034 0.772 -0.02405 1.856	8.823 -5.094 0.4718 -2.971	-2.453 -1.377 1.006 3.305	-1.308 -2.893 12.38 -4.948
21100	1.063 0.6458 0.114 1.83	8.585 -5.146 0.4658 -2.953	-2.665 -1.333 0.966 3.135	-1.11 -3.122 12.36 -4.998
21200	1.015 0.7691 0.245 1.948	8.52 -5.18 0.5687 -2.963	-2.752 -1.365 0.9996 3.07	-1.094 -3.092 12.13 -5.014
21300	0.972 0.8489 0.269 1.946	8.39 -5.137 0.4725 -2.922	-2.615 -1.572 0.9636 3.023	-1.093 -3.019 12.11 -4.993
21400	1.023 0.8842 0.06187 2.085	8.66 -4.95 0.4404 -2.712	-2.735 -1.601 1.096 2.933	-1.033 -2.925 12.22 -5.002
21500	0.9626 0.9728 0.01973 2.448	8.78 -4.959 0.4553 -2.873	-2.765 -1.718 0.9719 2.915	-0.9153 -2.83 12.25 -5.164
21600	1.068 1.027 0.04223 2.4	8.715 -4.749 0.2347 -2.599	-2.789 -1.759 1.076 2.685	-0.8842 -2.804 12.52 -5.375
21700	1.07 1.002 -0.1795 2.393	8.707 -4.822 0.09742 -2.68	-2.684 -1.739 1.109 2.741	-1.005 -2.784 12.44 -5.284
21800	1.089 0.9995 -0.4086 2.558	8.744 -4.473 -0.1008 -2.969	-2.891 -1.631 1.031 2.839	-1.036 -2.764 12.61 -5.602
21900	1.054 0.9059 -0.7789 2.614	8.59 -4.247 0.05575 -3.003	-2.904 -1.728 1.015 2.899	-1.318 -2.573 12.47 -5.913
22000	1.126 1.046 -0.9991 2.516	8.616 -4.526 0.0136 -2.996	-2.958 -1.899 1.161 2.893	-1.321 -2.509 12.52 -5.79
22100	1.057 1.324 -0.9379 2.627	8.596 -4.32 0.08018 -2.96	-2.83 -2.084 1.05 2.886	-1.461 -2.711 12.46 -5.929
22200	0.9812 1.242 -1.159 2.843	8.547 -4.286 0.1704 -2.876	-2.818 -1.972 1.027 2.937	-1.685 -2.51 12.52 -5.873
22300	0.9945 1.185 -1.116 2.761	8.652 -4.334 0.2196 -2.947	-2.774 -2.056 1.003 2.933	-1.669 -2.489 12.67 -5.802
22400	0.8822 1.205 -1.192 2.568	8.829 -4.359 0.2026 -3.034	-2.598 -2.247 0.847 2.865	-1.529 -2.546 12.72 -5.76
22500	0.8999 1.286 -0.9103 2.555	9.033 -4.191 0.2925 -3.078	-2.615 -2.352 0.9771 2.795	-1.63 -2.48 12.79 -5.895
22600	1.045 1.287 -0.9344 2.603	8.888 -4.368 0.2058 -3.146	-2.653 -2.435 1.028 2.754	-1.577 -2.635 12.74 -5.8
22700	1.021 1.178 -1.111 2.677	9.024 -4.343 0.3245 -3.204	-2.553 -2.441 1.008 2.887	-1.636 -2.642 12.91 -5.696
22800	0.9621 1.254 -1.026 2.813	9.154 -4.163 0.3112 -3.479	-2.637 -2.49 0.9873 2.942	-1.773 -2.526 13.11 -5.886
22900	1.053 1.157 -1.107 2.746	9.198 -4.108 0.2291 -3.397	-2.66 -2.63 1.072 2.854	-1.738 -2.488 12.98 -5.887
23000	1.004 1.176 -1.11 2.748	9.182 -4.052 0.2618 -3.51	-2.65 -2.409 1.03 2.548	-1.979 -2.51 12.91 -5.629
23100	0.9441 1.217 -1.109 2.729	9.419 -3.879 0.09384 -3.46	-2.528 -2.411 0.957 2.435	-2.039 -2.545 12.95 -5.417
23200	1.024 1.34 -0.9005 2.613	9.352 -3.849 0.1248 -3.79	-2.59 -2.361 1.063 2.33	-2.037 -2.46 12.94 -5.379
23300	1.2 1.275 -0.7421 2.822	9.687 -3.99 0.2503 -3.776	-2.705 -2.6 1.158 2.244	-1.964 -2.312 13.11 -5.519
23400	1.276 1.126 -0.5212 2.957	9.75 -3.947 0.3129 -3.817	-2.753 -2.581 1.228 2.168	-2.18 -2.232 12.55 -5.564
23500	1.152 1.051 -0.5098 3.067	9.733 -4.092 0.2524 -3.836	-2.75 -2.588 1.097 2.163	-2.315 -2.343 12.42 -5.466
23600	1.197 1.162 -0.6909 3.14	9.887 -4.014 0.2573 -3.989	-2.845 -2.5 1.19 2.028	-2.065 -2.093 12.46 -5.531
23700	1.224 1.377 -0.5731 3.038	9.874 -4.237 0.05709 -3.916	-2.975 -2.628 1.284 2.277	-2.01 -2.041 12.41 -5.552
23800	1.487 1.102 -0.5307 2.921	9.672 -4.272 0.04789 -3.987	-2.986 -2.627 1.418 2.411	-1.79 -1.959 12.43 -5.872
23900	1.314 1.134 -0.6607 2.965	9.297 -4.3 -0.2616 -4.033	-2.616 -2.443 1.357 2.144	-1.662 -1.741 12.19 -5.75
24000	1.213 1.271 -0.5412 3.107	9.262 -4.345 -0.3142 -3.854	-2.699 -2.354 1.287 2.186	-1.895 -1.239 12.06 -5.881
24100	1.206 1.068 -0.6921 3.164	9.451 -4.514 -0.5371 -3.874	-2.888 -2.432 1.241 2.327	-2.161 -1.366 12.26 -5.646
24200	1.208 1.046 -0.5818 2.964	9.333 -4.392 -0.4367 -3.884	-2.888 -2.422 1.215 2.103	-1.811 -1.278 12.29 -5.73
24300	1.45 1.112 -0.7276 2.872	9.071 -4.478 -0.6707 -3.68	-2.669 -2.211 1.391 2.043	-1.731 -1.356 12.28 -5.416
24400	1.465 1.288 -0.7006 3.215	9.181 -4.665 -0.5541 -3.992	-2.826 -2.159 1.464 2.061	-1.647 -1.392 12.57 -5.471
24500	1.487 1.112 -0.8254 3.366	9.033 -4.651 -0.7192 -4.056	-2.762 -1.973 1.469 2.134	-1.582 -1.084 12.86 -5.635
24600	1.451 1.163 -0.8999 3.449	8.995 -4.578 -0.825 -4.182	-2.964 -2.029 1.338 2.159	-1.573 -1.009 12.91 -5.578
24700	1.53 1.522 -0.8506 3.394	9.049 -4.798 -0.7552 -4.344	-2.821 -2.083 1.614 2.079	-1.603 -1.083 12.87 -5.592
24800	1.442 1.356 -0.6256 3.494	9.382 -4.575 -0.8345 -4.564	-3.016 -2.427 1.53 1.987	-1.945 -1.095 12.93 -5.64
24900	1.35 1.251 -0.7429 3.587	9.346 -4.6 -0.9941 -4.58	-2.855 -2.455 1.377 2.013	-1.71 -1.251 12.81 -5.599
25000	1.223 1.23 -1.072 3.712	9.254 -4.534 -0.8948 -4.444	-2.745 -2.205 1.302 2.028	-1.609 -1.319 12.9 -5.655
25100	1.203 1.216 -1.202 3.645	9.047 -4.558 -0.7903 -4.489	-2.787 -2.171 1.234 2.136	-1.605 -1.117 12.89 -5.633
25200	1.298 1.541 -1.214 3.849	9.238 -4.813 -0.7064 -4.976	-2.73 -2.344 1.253 2.258	-1.207 -1.205 12.85 -5.565
25300	1.179 1.593 -1.218 4.087	9.364 -4.768 -0.5133 -4.972	-2.518 -2.296 1.161 2.453	-1.386 -1.272 12.7 -5.342
25400	1.217 1.516 -1.064 4.364	9.2 -4.567 -0.728 -5.111	-2.427 -2.245 1.179 2.047	-1.452 -1.152 12.83 -5.296
25500	1.141 1.658 -0.836 4.192	9.576 -4.716 -0.6129 -5.012	-2.336 -1.871 1.152 2.197	-1.446 -1.265 12.6 -5.4
25600	0.9241 1.714 -0.6281 3.999	9.751 -4.565 -0.6481 -5.06	-2.581 -1.791 0.9994 2.233	-1.489 -1.415 12.63 -5.481
25700	0.912 1.771 -0.6875 4.026	9.672 -4.573 -0.6473 -5.131	-2.578 -1.765 0.9032 2.294	-1.533 -1.334 12.66 -5.64
25800	0.9767 1.839 -0.6047 4.045	9.702 -4.694 -0.6882 -5.023	-2.567 -1.756 0.9603 2.177	-1.477 -1.272 12.68 -5.642
25900	0.8742 1.899 -0.5872 3.88	9.535 -4.505 -0.602 -5.052	-2.493 -1.559 1 2.13	-1.314 -1.252 12.67 -5.679
26000	0.9323 2.021 -0.5848 3.944	9.381 -4.131 -0.5724 -4.945	-2.029 -1.602 0.9672 1.994	-0.9991 -1.174 12.79 -5.464
26100	0.8691 2.143 -0.617 4.176	9.458 -4.118 -0.5621 -5.011	-2.071 -1.819 0.8621 1.859	-1.021 -1.397 12.88 -5.449
26200	0.8258 2.086 -0.6577 4.293	9.482 -4.144 -0.4931 -4.874	-2.142 -1.824 0.7915 1.778	-0.8833 -1.05 12.87 -5.37
26300	0.7069 2.051 -0.6343 4.171	9.597 -3.611 -0.4515 -5.003	-2.167 -1.894 0.6956 1.719	-0.6577 -1.293 12.68 -5.623
26400	0.7386 2.107 -0.5153 3.974	9.594 -3.363 -0.1678 -5.006	-2.206 -1.68 0.7701 1.642	-0.8046 -1.449 12.52 -5.498
26500	0.6906 2.077 -0.5362 4.158	9.624 -3.563 -0.306 -5.148	-2.173 -1.649 0.6826 1.767	-0.7178 -1.452 12.61 -5.394
26600	0.6517 2.252 -0.4436 4.101	9.688 -3.456 -0.324 -5.315	-1.938 -1.689 0.645 1.683	-0.6982 -1.598 12.57 -5.476
26700	0.6127 2.163 -0.4754 4.341	9.812 -3.462 -0.2277 -5.189	-1.759 -1.748 0.5819 1.808	-0.6317 -1.785 12.56 -5.45
26800	0.8281 2.057 -0.2163 4.618	9.681 -3.766 -0.5573 -5.396	-2.145 -1.86 0.8694 1.917	-0.6093 -1.802 12.57 -5.488
26900	0.9763 1.979 -0.1697 4.696	9.723 -3.855 -0.546 -5.433	-2.29 -1.758 1.054 2.158	-0.6342 -1.81 12.89 -5.431
27000	1.024 1.808 -0.001392 4.598	9.604 -3.984 -0.3081 -5.433	-2.198 -1.735 1.103 1.952	-0.3203 -1.769 13.12 -5.428
27100	1.081 1.889 0.174 4.507	9.572 -4.087 -0.2684 -5.534	-2.184 -1.774 1.146 1.952	-0.3538 -1.638 13.18 -5.612
27200	1.193 1.772 0.1541 4.372	9.628 -4.209 -0.3466 -5.607	-2.136 -1.796 1.101 1.991	-0.4952 -1.474 13.14 -5.521
27300	1.056 1.826 0.158 4.349	9.637 -4.141 -0.3217 -5.732	-2.12 -1.738 1.043 1.856	-0.5033 -1.413 13.13 -5.5
27400	1.211 1.931 -0.04266 4.16	9.45 -4.348 -0.3413 -5.584	-2.001 -1.783 1.187 1.683	-0.6334 -1.473 13.03 -5.288
27500	1.153 2.182 -0.08298 4.206	9.688 -4.179 -0.334 -5.829	-1.968 -1.736 0.9942 1.55	-0.4426 -1.432 12.83 -5.353
27600	1.202 1.87 -0.0618 4.368	9.391 -4.213 -0.2228 -6.062	-1.912 -1.943 1.139 1.515	-0.5811 -1.688 13.04 -5.531
27700	1.193 1.775 -0.3483 4.339	9.498 -4.118 -0.007687 -5.919	-1.954 -1.74 1.076 1.699	-0.5977 -1.764 12.96 -5.711
27800	1.199 1.613 -0.2902 4.261	9.471 -4.275 0.03103 -5.573	-2.185 -1.473 1.12 1.467	-0.7905 -1.695 13.13 -5.814
27900	1.111 1.646 -0.2271 4.041	9.598 -4.321 0.08107 -5.45	-2.365 -1.484 1.093 1.635	-0.8405 -1.542 13.17 -5.847
28000	1.091 1.596 -0.3211 3.953	9.605 -4.431 0.009393 -5.418	-2.391 -1.49 1.059 1.592	-0.89 -1.602 13.17 -5.804
28100	0.9975 1.417 -0.3476 4.047	9.619 -4.247 0.2106 -5.32	-2.304 -1.544 1.036 1.741	-0.8196 -1.7 13.09 -5.768
28200	0.9401 1.446 -0.4794 4.19	9.491 -4.176 0.1298 -5.243	-2.253 -1.699 1.07 1.722	-1.114 -1.63 12.87 -5.923
28300	0.8784 1.571 -0.4496 4.336	9.404 -4.249 0.04302 -5.147	-2.419 -1.77 0.9343 1.758	-1.075 -1.384 12.84 -6.089
28400	0.7931 1.731 -0.3626 4.289	9.35 -4.05 0.1652 -5.238	-2.438 -1.754 0.7632 1.732	-0.9452 -1.417 12.72 -6.045
28500	0.7348 1.715 -0.1275 4.433	9.159 -4.209 0.429 -5.014	-2.375 -1.888 0.7956 1.754	-0.8313 -1.361 12.69 -6.201
28600	0.7824 1.654 0.07314 4.427	9.328 -4.183 0.3429 -4.913	-2.406 -1.921 0.717 1.624	-0.8814 -1.121 12.62 -6.045
28700	0.6802 1.671 0.01218 4.671	9.287 -4.08 0.2438 -5.147	-2.196 -1.775 0.7531 1.53	-0.6689 -1.103 12.68 -5.716
28800	0.8596 1.534 0.2324 4.546	9.468 -4.463 0.4056 -5.191	-2.195 -1.81 0.9358 1.443	-0.4564 -0.8812 12.45 -5.626
28900	1.003 1.315 0.3261 4.56	9.52 -4.493 0.3733 -5.146	-2.184 -1.742 0.9743 1.584	-0.475 -0.9787 12.52 -5.656
29000	1.095 1.175 0.32 4.578	9.672 -4.406 0.3953 -5.11	-1.917 -1.566 1.071 1.587	-0.4662 -0.9383 12.72 -5.884
29100	1.191 1.234 0.07415 4.682	9.695 -4.406 0.3555 -5.052	-1.884 -1.525 1.168 1.559	-0.5059 -0.6719 12.76 -5.905
29200	1.237 1.277 0.1025 4.57	9.892 -4.266 0.4553 -4.825	-2.023 -1.477 1.248 1.576	-0.6452 -0.5896 12.64 -5.747
29300	1.381 1.15 0.04835 4.556	9.333 -4.397 0.6288 -4.857	-1.789 -1.213 1.427 1.679	-0.598 -0.4193 12.79 -5.676
29400	1.289 1.278 0.3236 4.54	9.357 -4.34 0.6162 -4.858	-1.746 -1.124 1.285 1.785	-0.5985 -0.426 12.88 -5.641
29500	1.326 1.173 0.3474 4.225	9.519 -4.39 0.5176 -4.87	-1.885 -1.017 1.374 1.879	-0.6806 -0.5255 12.71 -5.819
29600	1.321 1.266 0.148 4.426	9.222 -4.301 0.5942 -4.945	-1.854 -0.8875 1.337 2.237	-0.8865 -0.5578 13.03 -5.862
29700	1.369 1.432 0.2168 4.368	9.28 -4.203 0.5118 -4.906	-1.956 -1.038 1.393 2.412	-0.7814 -0.6696 12.94 -5.933
29800	1.415 1.189 0.1509 4.468	9.247 -4.477 0.504 -4.91	-1.931 -0.943 1.396 2.364	-1.074 -0.7763 12.94 -6
29900	1.607 1.044 -0.004461 4.634	9.314 -4.518 0.2636 -4.939	-2.239 -1.14 1.525 2.659	-1.081 -0.8027 12.87 -6.253
30000	1.56 0.8828 0.1333 4.474	9.39 -4.423 0.3638 -4.967	-2.219 -1.045 1.53 2.604	-1.17 -0.7813 12.85 -6.287
30100	1.42 0.8251 0.1572 4.552	9.558 -4.581 0.5257 -4.967	-2.289 -0.9095 1.404 2.556	-1.468 -0.7506 12.62 -6.239
30200	1.559 0.6231 -0.01833 4.729	9.726 -4.599 0.6122 -5.027	-2.371 -0.7725 1.515 2.526	-1.36 -0.533 12.6 -6.309
30300	1.566 0.6324 0.1179 4.636	9.702 -4.609 0.3758 -4.876	-2.206 -0.7858 1.601 2.435	-1.334 -0.4268 12.5 -6.298
30400	1.721 0.6075 0.07222 4.511	9.598 -4.448 0.3076 -4.762	-2.149 -0.7149 1.653 2.208	-1.498 -0.6746 12.58 -6.186
30500	1.594 0.5397 0.06132 4.545	9.71 -4.507 0.2226 -4.559	-2.067 -0.6866 1.638 2.038	-1.645 -0.8011 12.59 -6.212
30600	1.629 0.5084 0.07765 4.811	9.816 -4.363 0.2186 -4.676	-1.949 -0.6909 1.674 2.103	-1.682 -0.9841 12.74 -6.356
30700	1.676 0.709 0.2346 4.622	9.73 -4.317 0.227 -4.611	-2.276 -0.6705 1.618 2.236	-1.635 -1.034 12.71 -6.343
30800	1.534 0.5714 0.2108 4.609	9.835 -4.259 0.3554 -4.731	-2.286 -0.6816 1.637 2.233	-1.839 -1.102 12.81 -6.219
30900	1.553 0.529 0.1895 4.396	9.754 -4.332 0.5486 -4.762	-2.164 -0.6531 1.594 2.291	-1.731 -1.065 12.74 -6.247
31000	1.668 0.5419 0.06971 4.415	9.649 -4.402 0.6675 -4.45	-2.091 -0.632 1.706 2.395	-1.637 -1.127 12.89 -6.459
31100	1.857 0.4934 0.03267 4.428	9.827 -4.503 0.8391 -4.455	-2.16 -0.4461 1.752 2.309	-1.51 -1.211 12.64 -6.561
31200	1.857 0.4934 0.03267 4.428	9.827 -4.503 0.8391 -4.455	-2.16 -0.4461 1.752 2.309	-1.51 -1.211 12.64 -6.561
31300	1.857 0.4934 0.03267 4.428	9.827 -4.503 0.8391 -4.455	-2.16 -0.4461 1.752 2.309	-1.51 -1.211 12.64 -6.561
31400	1.732 0.4452 -0.1193 4.349	9.744 -4.596 0.8169 -4.447	-2.103 -0.4355 1.819 2.374	-1.618 -1.254 12.62 -6.635
31500	1.908 0.5426 -0.1139 4.132	9.742 -4.787 0.6983 -4.504	-2.134 -0.5951 1.778 2.312	-1.551 -1.318 12.75 -6.643
31600	1.842 0.7666 0.01718 4.381	9.905 -4.708 0.8559 -4.753	-2.213 -0.5606 1.924 2.314	-1.674 -1.207 12.78 -6.624
31700	2.067 0.5118 0.0245 4.401	9.959 -4.321 0.8864 -4.954	-2.138 -0.7117 1.97 2.336	-1.764 -1.192 12.85 -6.427
31800	1.861 0.4268 -0.1118 4.255	9.896 -4.094 0.7673 -4.878	-2.21 -0.9567 1.842 2.199	-1.92 -1.446 13 -6.364
31900	1.848 0.5293 -0.05471 4.27	9.978 -4.014 0.8077 -4.884	-2.381 -1.03 1.943 2.556	-1.901 -1.414 13.38 -6.154
32000	2.094 0.4797 -0.0913 4.672	10.09 -4.107 0.967 -4.847	-2.171 -1.035 2.153 2.536	-1.605 -1.619 13.24 -6.112
32100	2.33 0.6216 -0.03587 4.684	10.27 -4.08 0.8802 -4.488	-2.153 -1.316 2.268 2.46	-1.524 -1.423 13.28 -6.269
32200	2.313 0.7034 -0.1608 4.718	10.36 -4.106 0.9719 -4.581	-2.207 -1.191 2.296 2.565	-1.404 -1.375 13.28 -6.302
32300	2.213 0.8875 -0.1735 4.771	10.17 -3.896 0.7884 -4.727	-2.248 -1.256 2.152 2.634	-1.158 -1.22 13.34 -6.129
32400	2.286 0.894 -0.1789 4.68	10.3 -3.924 0.7185 -4.37	-2.065 -1.205 2.207 2.623	-1.268 -1.582 13.34 -6.158
32500	2.133 0.8479 -0.03893 4.682	10.31 -3.777 0.7419 -4.419	-1.939 -1.327 2.112 2.537	-1.226 -1.385 13.37 -6.074
32600	2.124 0.9954 0.0197 4.806	10.28 -3.726 0.6689 -4.518	-2.008 -1.275 2.099 2.395	-1.167 -1.458 13.57 -5.944
32700	2.139 0.9262 0.1467 4.747	10.31 -3.805 0.3621 -4.473	-1.995 -1.169 2.082 2.445	-1.226 -1.437 13.54 -5.671
32800	2.05 1.084 0.1125 4.917	10.31 -3.779 0.4442 -4.337	-1.97 -1.354 1.958 2.605	-1.327 -1.394 13.57 -5.736
32900	1.934 1.134 0.1015 5.386	10.33 -3.445 0.5588 -4.265	-1.831 -1.327 1.958 2.575	-1.138 -1.333 13.54 -5.788
33000	2.082 1.17 -0.00621 5.548	10.29 -3.474 0.5186 -4.298	-1.628 -1.307 2.118 2.632	-1.253 -1.432 13.18 -5.837
33100	2.093 1.071 -0.05902 5.834	10.47 -3.702 0.3182 -4.195	-1.799 -1.381 2.213 2.806	-1.275 -1.322 13.21 -6.061
33200	2.283 1.087 -0.1025 5.593	10.6 -3.686 0.5827 -3.95	-2.059 -1.505 2.224 2.761	-1.38 -1.21 13.29 -5.934
33300	2.184 0.9951 -0.2119 5.585	10.63 -3.704 0.4985 -4.1	-2.228 -1.425 2.159 2.802	-1.555 -1.104 13.22 -5.884
33400	2.219 0.9924 -0.3883 5.391	10.33 -3.397 0.5047 -4.058	-2.279 -1.504 2.241 2.801	-1.63 -0.9774 13.4 -5.9
33500	2.162 1.042 -0.334 5.398	10.45 -3.354 0.4819 -4.159	-2.357 -1.36 2.264 2.78	-1.488 -0.9468 13.47 -6.009
33600	2.242 1.139 -0.5176 5.512	10.46 -3.212 0.4057 -4.25	-2.269 -1.338 2.288 2.791	-1.361 -1.014 13.43 -5.865
33700	2.262 1.046 -0.5581 5.464	10.44 -3.205 0.4087 -4.137	-2.437 -1.35 2.337 2.882	-1.275 -0.9877 13.42 -5.831
33800	2.308 1.02 -0.4555 5.265	10.33 -3.166 0.3369 -4.094	-2.622 -1.462 2.311 2.869	-1.302 -1.147 13.43 -6.003
33900	2.203 1.26 -0.4874 4.956	10.33 -3.195 0.3284 -4.175	-2.6 -1.303 2.234 2.902	-1.343 -1.101 13.26 -5.848
34000	2.284 1.424 -0.6494 4.749	10.39 -2.883 0.4595 -4.227	-2.692 -1.179 2.323 3.025	-1.22 -1.279 13.36 -5.909
34100	2.396 1.341 -0.7456 4.589	10.69 -2.838 0.3848 -4.003	-2.732 -0.9512 2.407 3.102	-1.094 -1.12 13.42 -6.108
34200	2.349 1.232 -0.6592 4.897	10.82 -2.81 0.2392 -3.712	-2.546 -0.8061 2.35 2.927	-1.356 -0.7835 13.27 -6.245
34300	2.487 1.101 -0.3894 4.842	10.88 -2.821 0.662 -3.567	-2.787 -0.76 2.523 2.888	-1.215 -0.6488 13.74 -6.324
34400	2.504 0.7439 -0.4832 4.807	10.82 -2.958 0.6246 -3.658	-2.876 -0.7129 2.56 2.619	-1.212 -0.9887 13.5 -6.212
34500	2.592 0.7799 -0.5793 4.95	10.53 -2.931 0.6428 -3.827	-2.964 -0.8454 2.644 2.407	-1.2 -0.9723 13.62 -6.398
34600	2.521 0.8618 -0.632 5.236	10.37 -2.92 0.405 -3.719	-2.832 -0.6971 2.556 2.459	-1.474 -1.045 13.62 -6.055
34700	2.402 0.4429 -0.6204 5.303	10.69 -2.943 0.3099 -3.939	-2.565 -0.688 2.492 2.356	-1.46 -0.9349 13.58 -5.934
34800	2.387 0.5764 -0.597 4.947	10.64 -2.96 0.247 -3.79	-2.498 -0.7721 2.392 2.573	-1.547 -0.8288 13.52 -5.906
34900	2.435 0.5177 -0.364 4.762	10.77 -3.052 0.2243 -3.964	-2.501 -1.034 2.39 2.5	-1.624 -0.866 13.49 -6.027
35000	2.367 0.3495 -0.4966 4.641	10.99 -3.058 0.2229 -4.125	-2.387 -1.265 2.444 2.88	-1.575 -0.9504 13.53 -6.014
35100	2.482 0.2902 -0.5283 4.661	11.15 -3.09 0.1884 -4.255	-2.298 -1.209 2.509 3.186	-1.473 -1.008 13.55 -5.947
35200	2.56 0.1861 -0.6131 4.743	11.25 -3.215 0.2161 -4.116	-2.228 -1.023 2.533 3.285	-1.507 -1.121 13.42 -5.909
35300	2.424 0.2471 -0.4752 4.817	11.07 -3.362 0.2663 -4.235	-2.179 -0.9184 2.472 3.204	-1.354 -1.203 13.53 -5.541
35400	2.446 0.1277 -0.2976 4.623	11.11 -3.504 0.3084 -4.095	-2.06 -0.9493 2.391 3.372	-1.422 -1.156 13.66 -5.582
35500	2.351 0.09348 -0.1561 4.557	11.14 -3.862 0.1478 -3.983	-2.246 -0.813 2.31 3.51	-1.627 -1.3 13.86 -5.629
35600	2.459 0.02585 -0.2996 4.519	11.18 -4.002 0.07323 -4.01	-2.163 -0.7238 2.508 3.31	-1.541 -1.581 13.78 -5.806
35700	2.523 0.1189 -0.1813 4.556	11.16 -3.909 0.1032 -4.042	-1.892 -0.7609 2.395 3.435	-1.907 -1.624 13.82 -5.935
35800	2.492 0.147 -0.2598 4.609	11.27 -3.941 0.1008 -3.983	-1.984 -0.7999 2.497 3.531	-1.995 -1.619 13.59 -5.909
35900	2.436 0.3644 -0.01155 4.642	11.07 -4.058 -0.02197 -4.016	-1.87 -0.6286 2.429 3.359	-2.15 -1.598 13.76 -5.558
36000	2.417 0.2407 0.006064 4.732	11.11 -4.204 -0.09719 -4.142	-1.902 -0.7327 2.43 3.405	-2.22 -1.611 13.89 -5.506
36100	2.206 0.2353 0.1237 4.884	11.19 -4.008 -0.02269 -4.033	-1.606 -0.6567 2.261 3.372	-2.206 -1.339 13.97 -5.454
36200	2.21 0.2249 0.2139 4.763	11.28 -4.028 0.1571 -4.007	-1.644 -0.6483 2.297 3.515	-2.143 -1.159 13.99 -5.699
36300	2.174 0.06681 0.2529 4.642	11.39 -3.945 0.3775 -4.074	-1.81 -0.7679 2.247 3.569	-2.131 -1.254 13.88 -5.633
36400	1.983 0.08774 0.2788 4.657	11.3 -3.97 0.3699 -4.038	-1.61 -0.9835 2.024 3.455	-2.132 -1.333 13.81 -5.496
36500	2.102 0.09939 0.08819 4.756	11.43 -4.031 0.2848 -3.997	-1.66 -1.073 2.161 3.463	-2.048 -1.364 13.62 -5.431
36600	2.127 0.05766 0.1738 4.737	11.47 -3.855 0.1932 -3.944	-1.66 -1.176 2.158 3.485	-2.069 -1.301 13.53 -5.38
36700	2.177 0.03891 0.09911 4.857	11.52 -4.01 0.259 -3.814	-1.744 -1.28 2.202 3.696	-2.171 -1.233 13.64 -5.371
36800	2.137 -0.09768 0.02783 4.573	11.39 -4.214 0.2521 -3.677	-1.558 -1.134 2.201 3.804	-2.218 -0.9678 13.59 -5.575
36900	2.055 -0.001084 -0.1612 4.533	11.68 -4.259 0.1498 -3.897	-1.442 -1.226 2.019 3.699	-2.304 -1.065 13.28 -5.568
37000	1.91 0.07875 -0.1883 4.765	11.54 -4.383 0.07068 -3.923	-1.336 -1.244 1.967 3.641	-2.234 -1.257 13.21 -5.515
37100	2.002 0.2846 -0.2103 4.88	11.54 -4.272 0.1815 -3.957	-1.374 -1.223 1.965 3.66	-2.408 -0.9833 13.08 -5.444
37200	1.953 0.1048 -0.2225 4.84	11.3 -4.108 0.1431 -3.885	-1.223 -1.399 1.878 3.677	-2.299 -0.9691 13.12 -5.495
37300	2.005 -0.0398 -0.3863 4.904	11.09 -4.045 0.08245 -3.838	-1.182 -1.634 1.939 3.683	-2.299 -1.141 13.35 -5.365
37400	1.932 0.01579 -0.4015 4.809	11.32 -3.865 0.4261 -3.849	-1.132 -1.62 1.965 3.591	-2.214 -0.839 13.53 -5.612
37500	2.016 0.09808 -0.3632 4.999	11 -3.841 0.4058 -3.808	-1.221 -1.479 1.934 3.679	-2.318 -0.942 13.61 -5.828
37600	1.996 0.05559 -0.4032 5.022	10.97 -3.709 0.1428 -3.845	-1.296 -1.32 2.102 3.828	-2.334 -0.8024 13.25 -5.953
37700	1.964 0.1137 -0.3777 5.074	10.92 -3.791 0.3193 -3.906	-1.342 -1.534 1.981 3.939	-2.161 -0.81 13.26 -5.905
37800	2.11 0.2348 -0.4028 4.97	11.09 -3.646 0.02078 -3.755	-1.196 -1.564 2.107 3.708	-2.118 -0.8619 13.24 -5.972
37900	2.268 0.1051 -0.5046 5.307	11.08 -3.583 -0.2712 -3.725	-1.047 -1.586 2.274 3.964	-2.126 -0.8544 13.14 -5.879
38000	2.379 -0.03864 -0.4112 5.112	11.19 -3.459 -0.07529 -3.74	-1.146 -1.524 2.332 3.926	-2.079 -0.9679 12.99 -6.062
38100	2.562 0.08795 -0.1428 5.269	11.43 -3.439 0.08447 -3.538	-1.198 -1.495 2.45 3.744	-1.919 -1.229 12.94 -6.092
38200	2.398 0.2718 -0.06827 5.481	11.28 -3.474 -0.1299 -3.422	-1.253 -1.478 2.328 3.644	-1.767 -1.128 12.99 -5.943
38300	2.474 0.1822 0.3168 5.433	11.19 -3.765 0.0183 -3.617	-1.243 -1.487 2.446 3.621	-1.59 -1.156 13.19 -5.762
38400	2.474 0.1822 0.3168 5.433	11.19 -3.765 0.0183 -3.617	-1.243 -1.487 2.446 3.621	-1.59 -1.156 13.19 -5.762
38500	2.39 0.2099 0.457 5.491	11.18 -3.716 -0.1473 -3.52	-1.231 -1.464 2.492 3.653	-1.608 -1.11 13.22 -5.842
38600	2.48 0.3609 0.473 5.54	11.14 -3.727 -0.04224 -3.677	-1.13 -1.3 2.499 3.632	-1.716 -1.252 13.46 -5.787
38700	2.445 0.3964 0.4277 5.554	11.11 -3.72 0.04901 -3.675	-1.13 -1.325 2.532 3.582	-1.777 -1.297 13.43 -5.754
38800	2.422 0.3998 0.4491 5.591	11.17 -3.678 0.08485 -3.523	-1.036 -1.103 2.417 3.641	-1.629 -1.479 13.31 -5.491
38900	2.382 0.2368 0.4698 5.694	11.08 -3.804 0.2746 -3.439	-1.175 -1.149 2.472 3.552	-1.773 -1.663 13.6 -5.488
39000	2.481 0.1241 0.4876 5.693	11.11 -3.757 0.09519 -3.55	-1.132 -1.238 2.457 3.437	-1.769 -1.737 13.57 -5.587
39100	2.608 0.3305 0.3893 5.737	11.23 -3.839 0.00809 -3.55	-1.193 -1.09 2.607 3.372	-1.649 -1.594 13.39 -5.487
39200	2.49 0.243 0.2145 5.569	11.38 -3.932 0.004772 -3.658	-1.061 -0.9573 2.541 3.377	-1.659 -1.538 13.5 -5.511
39300	2.53 0.2609 0.2591 5.369	11.35 -4.012 0.1616 -3.578	-1.217 -1.076 2.549 3.714	-1.574 -1.649 13.48 -5.209
39400	2.552 0.2146 0.3577 5.508	11.33 -4.13 0.1683 -3.571	-1.048 -1.375 2.54 3.795	-1.625 -1.726 13.41 -5.198
39500	2.309 0.3351 0.2114 5.532	11.42 -4.189 0.2391 -3.747	-1.124 -1.317 2.317 3.72	-1.581 -1.494 13.53 -5.072
39600	2.485 0.2507 0.5854 5.327	11.63 -4.284 0.4142 -3.791	-1.232 -1.262 2.461 3.594	-1.531 -1.53 13.37 -5.307
39700	2.34 0.6553 0.8714 5.338	11.84 -4.487 0.4744 -3.727	-1.166 -1.224 2.332 3.571	-1.88 -1.698 13.27 -5.169
39800	2.151 0.6112 1.001 5.289	11.61 -4.455 0.5625 -3.935	-1.386 -1.258 2.265 3.745	-1.763 -1.762 13.25 -4.928
39900	2.141 0.5327 1.016 5.299	11.6 -4.354 0.5597 -4.121	-1.389 -1.438 2.115 3.513	-1.523 -1.706 13.32 -4.936
40000	2.019 0.4621 1.141 5.397	11.45 -4.471 0.6047 -4.016	-1.414 -1.397 1.974 3.649	-1.263 -1.535 13.26 -4.998
40100	2.028 0.4759 1.039 5.444	11.73 -4.446 0.4565 -3.932	-1.224 -1.402 1.939 3.528	-1.386 -1.621 13.3 -5.009
40200	2.045 0.5022 1.094 5.319	11.62 -4.541 0.7455 -4.075	-1.17 -1.591 1.901 3.576	-1.364 -1.547 13.39 -4.896
40300	1.944 0.5503 1.132 5.188	11.46 -4.543 0.706 -4.313	-1.017 -1.379 1.902 3.479	-1.391 -1.734 13.26 -4.884
40400	1.822 0.3553 1.251 5.038	11.32 -4.573 0.8339 -4.398	-0.8861 -1.538 1.827 3.66	-1.572 -1.571 13.38 -4.771
40500	1.769 0.4325 1.173 4.904	11.32 -4.544 0.8663 -4.509	-0.9195 -1.57 1.74 3.582	-1.492 -1.608 13.3 -4.748
40600	1.614 0.4227 1.169 5.007	11.14 -4.538 0.9044 -4.065	-1.135 -1.671 1.609 3.536	-1.46 -1.632 13.28 -4.608
40700	1.415 0.4389 1.337 4.663	10.93 -4.422 1.163 -4.072	-1.067 -1.579 1.49 3.001	-1.222 -1.888 13.43 -4.657
40800	1.521 0.3332 1.35 4.476	10.91 -4.583 1.223 -3.946	-1.184 -1.894 1.491 2.935	-1.033 -1.731 13.6 -4.883
40900	1.43 0.1475 1.445 4.461	11 -4.373 1.138 -3.866	-1.079 -1.822 1.475 2.874	-0.9655 -1.71 13.51 -4.862
41000	1.454 0.1693 1.385 4.278	10.86 -4.307 1.385 -3.982	-1.168 -1.65 1.549 2.792	-0.8408 -1.792 13.54 -4.915
41100	1.569 0.06098 1.17 4.301	10.74 -4.393 1.282 -3.983	-1.022 -1.649 1.558 2.717	-0.84 -1.728 13.52 -4.821
41200	1.56 0.235 1.418 4.223	10.97 -4.269 1.574 -4.194	-1.152 -1.306 1.609 2.894	-0.8492 -1.881 13.78 -4.568
41300	1.56 0.235 1.418 4.223	10.97 -4.269 1.574 -4.194	-1.152 -1.306 1.609 2.894	-0.8492 -1.881 13.78 -4.568
41400	1.514 0.2344 1.462 4.347	11.17 -4.281 1.481 -4.173	-1.187 -1.453 1.508 3.041	-0.8644 -1.961 13.57 -4.633
41500	1.565 0.2997 1.581 4.357	11.19 -4.51 1.507 -4.093	-1.15 -1.572 1.453 3.06	-0.7751 -1.843 13.7 -4.619
41600	1.688 0.3747 1.623 4.455	11.27 -4.364 1.447 -3.961	-1.206 -1.641 1.757 3.193	-0.6061 -1.738 13.69 -4.688
41700	1.805 0.3267 1.628 4.454	11.44 -4.45 1.381 -3.947	-1.368 -1.689 1.69 3.214	-0.5902 -1.72 13.8 -4.814
41800	1.887 0.3821 1.743 4.447	11.36 -4.672 1.363 -3.758	-1.342 -1.462 1.866 3.354	-0.5452 -1.711 13.93 -4.886
41900	1.877 0.3942 1.591 4.412	11.66 -4.691 1.16 -3.79	-1.352 -1.696 1.852 3.368	-0.6989 -1.891 14.08 -4.785
42000	1.974 0.5153 1.479 4.397	11.66 -4.74 1.25 -3.892	-1.319 -1.595 2.008 3.542	-0.3021 -1.884 14.11 -4.849
42100	1.785 0.4099 1.35 4.194	11.81 -4.808 1.282 -3.821	-1.342 -1.548 1.868 3.58	-0.3238 -1.889 14.12 -4.905
42200	1.752 0.3713 1.39 4.226	11.9 -4.822 1.336 -3.89	-1.534 -1.685 1.676 3.634	-0.2047 -1.888 14.27 -4.938
42300	1.956 0.3318 1.41 4.228	11.95 -4.704 1.525 -3.676	-1.795 -1.602 1.911 3.757	-0.356 -1.729 14.11 -4.969
42400	1.824 0.2741 1.453 4.188	11.83 -4.815 1.176 -3.633	-1.724 -1.51 1.739 3.796	-0.5215 -1.574 14.02 -4.997
42500	1.974 0.02 1.473 4.341	11.72 -4.91 1.214 -3.686	-1.876 -1.432 1.985 3.8	-0.5661 -1.489 14.11 -5.031
42600	2.011 -0.06493 1.347 4.499	11.8 -4.917 1.174 -3.724	-2.028 -1.432 2.012 3.914	-0.4026 -1.381 14.21 -4.957
42700	2.04 -0.1997 1.166 4.32	11.63 -4.936 1.033 -3.655	-2.168 -1.284 2.067 3.946	-0.3502 -1.334 14.29 -5.169
42800	2.033 -0.08806 1.16 4.413	11.75 -4.926 1.052 -3.826	-2.142 -1.394 2.033 4.002	-0.2798 -1.315 14.39 -5.219
42900	1.986 0.05623 1.405 4.405	11.52 -5.065 1.301 -3.979	-2.119 -1.062 2.023 4.044	-0.2275 -1.196 14.72 -5.359
43000	1.884 0.1246 1.425 4.366	11.63 -5.11 1.153 -3.976	-2.142 -0.9434 1.894 3.931	-0.1949 -1.292 14.95 -5.288
43100	1.941 0.09967 1.435 4.319	11.68 -5.246 1.002 -4.067	-2.253 -1.064 1.896 4.206	-0.1453 -1.433 14.88 -5.246
43200	1.816 -0.1124 1.286 4.458	11.71 -5.222 0.7358 -4.08	-2.37 -1.074 1.844 4.004	-0.2708 -1.347 14.94 -5.259
43300	1.776 -0.2346 1.312 4.29	11.58 -5.446 1.007 -3.997	-2.195 -1.218 1.783 3.667	-0.3107 -1.103 14.99 -5.42
43400	1.876 -0.3693 1.334 4.265	11.36 -5.309 1.233 -3.938	-2.199 -1.177 1.843 3.659	-0.3271 -1.255 14.95 -5.407
43500	1.809 -0.07372 1.241 4.154	11.33 -5.34 0.9909 -3.799	-2.141 -1.057 1.846 3.754	-0.1634 -1.034 14.74 -5.466
43600	1.751 -0.05607 1.151 4.152	11.37 -5.236 0.9904 -3.87	-2.211 -1.178 1.826 3.754	-0.2887 -1.143 14.79 -5.37
43700	1.778 0.1463 1.243 4.418	11.45 -5.288 1.088 -3.824	-2.19 -1.055 1.808 3.635	-0.4851 -1.184 14.69 -5.362
43800	1.755 0.2875 1.336 4.493	11.53 -5.265 0.937 -3.794	-2.053 -1.003 1.734 3.509	-0.5825 -1.112 14.62 -5.37
43900	1.9 0.2407 1.397 4.833	11.37 -5.049 1.255 -3.974	-1.768 -0.9837 1.85 3.408	-0.2674 -0.8138 14.75 -5.21
44000	2.011 0.3492 1.352 4.899	11.35 -5.03 1.29 -4.032	-1.898 -1.035 2.069 3.322	0.06054 -0.9538 14.67 -5.259
44100	2.044 0.3506 1.169 4.902	11.42 -4.973 1.159 -3.873	-1.915 -0.9173 2.025 3.18	0.1019 -0.96 14.61 -5.498
44200	1.859 0.5414 1.395 5.103	11.66 -4.787 1.394 -3.879	-2.237 -0.691 1.776 3.332	0.008334 -1.089 14.78 -5.905
44300	1.92 0.5468 1.077 5.137	11.56 -4.642 1.733 -3.837	-2.451 -0.6582 1.822 3.29	0.0899 -1.253 14.79 -5.792
44400	1.632 0.4579 1.105 5.293	11.62 -4.701 1.805 -3.964	-2.459 -0.7485 1.656 3.234	0.01426 -1.143 14.85 -5.672
44500	1.522 0.5337 1.107 5.165	11.77 -4.524 1.98 -4.089	-2.178 -0.8006 1.529 2.98	-0.2092 -1.064 14.94 -5.541
44600	1.662 0.4319 1.173 5.429	11.79 -4.51 2.092 -4.219	-1.981 -0.8929 1.667 2.859	-0.06919 -1.034 14.83 -5.692
44700	1.579 0.3284 0.9361 5.454	11.72 -4.545 2.257 -4.04	-2.114 -0.8618 1.526 2.784	-0.04566 -0.9242 14.91 -5.731
44800	1.535 0.1845 1.027 5.401	11.67 -4.24 2.301 -4.079	-2.162 -0.8785 1.452 2.871	0.1136 -0.8924 15.08 -5.834
44900	1.442 -0.206 0.8877 5.365	11.87 -4.346 2.297 -4.229	-2.191 -0.8231 1.476 3.072	0.2947 -0.8169 15.23 -5.921
45000	1.453 -0.03008 0.8531 5.384	11.39 -4.225 2.313 -4.217	-2.002 -0.5617 1.392 3.179	0.3506 -0.8406 15.6 -5.788
45100	1.357 0.03512 0.8526 5.517	11.45 -4.186 2.518 -4.035	-2.225 -0.3403 1.313 2.759	0.1991 -0.7354 15.59 -5.889
45200	1.337 -0.0004236 0.8215 5.788	11.28 -4.06 2.389 -3.792	-2.357 -0.2102 1.33 2.687	0.1123 -0.6293 15.57 -5.918
45300	1.392 -0.3868 0.8305 5.906	11.33 -4.398 2.26 -3.778	-2.391 -0.4931 1.275 2.704	0.2055 -0.5128 15.7 -5.979
45400	1.326 -0.4811 0.8875 5.776	11.38 -4.421 2.198 -3.798	-2.391 -0.4591 1.282 2.569	0.25 -0.5948 15.75 -5.927
45500	1.286 -0.356 0.8211 5.724	11.55 -4.36 2.303 -3.568	-2.417 -0.5115 1.374 2.604	0.213 -0.4504 15.81 -6.018
45600	1.443 -0.4457 0.7406 5.712	11.47 -4.182 2.216 -3.322	-2.42 -0.2989 1.492 3.117	0.07592 -0.537 15.87 -5.951
45700	1.37 -0.6734 0.5832 5.71	11.52 -4.387 2.18 -3.134	-2.343 -0.3347 1.449 3.098	0.2749 -0.6448 16.09 -5.791
45800	1.546 -0.643 0.6212 5.962	11.75 -4.458 2.149 -3.14	-2.149 -0.1957 1.5 3.148	0.6257 -0.6911 16.19 -6.118
45900	1.677 -0.5221 0.6352 5.827	11.7 -4.624 2.176 -3.07	-2.098 -0.3307 1.598 3.333	0.5619 -0.2718 16.37 -5.934
46000	1.442 -0.4725 0.4572 5.646	11.72 -4.627 2.195 -2.98	-2.014 -0.3633 1.428 3.291	0.5826 -0.2299 16.53 -5.85
46100	1.252 -0.4715 0.5076 5.68	11.8 -4.591 2.02 -2.918	-1.882 -0.5201 1.282 3.17	0.6759 -0.2454 16.3 -5.544
46200	1.259 -0.4039 0.7747 5.528	11.8 -4.305 1.925 -2.991	-1.922 -0.5677 1.277 3.276	0.494 -0.2574 16.59 -5.556
46300	1.221 -0.3372 1.009 5.847	11.73 -4.426 1.787 -2.918	-1.786 -0.5461 1.302 3.587	0.4326 -0.3054 16.66 -5.953
46400	1.41 -0.506 0.9128 6.042	11.65 -4.457 1.876 -3.051	-1.591 -0.5219 1.456 3.437	0.5334 -0.3738 16.51 -6.126
46500	1.418 -0.5443 0.9673 6.027	11.76 -4.698 1.985 -3.26	-1.428 -0.2999 1.318 3.531	0.4803 -0.2476 16.25 -5.982
46600	1.432 -0.4814 0.9202 6.16	11.79 -4.801 1.867 -3.201	-1.283 -0.3729 1.395 3.629	0.3749 -0.3831 16.25 -5.837
46700	1.307 -0.5448 0.8386 6.177	11.91 -4.908 1.705 -3.577	-1.273 -0.2822 1.433 3.681	0.135 -0.2382 16.33 -5.872
46800	1.321 -0.6835 0.679 6.047	11.97 -4.822 2.105 -3.724	-1.144 -0.141 1.387 3.601	0.2622 -0.3352 16.3 -5.9
46900	1.364 -0.5125 0.464 5.904	11.83 -4.962 2.16 -3.553	-1.15 -0.02009 1.398 3.894	0.2129 -0.2544 16.58 -5.791
47000	1.421 -0.5586 0.6875 5.981	11.68 -5.002 2.208 -3.498	-1.201 -0.07361 1.333 3.558	0.4207 -0.378 16.64 -6.085
47100	1.549 -0.5035 0.4563 5.93	11.86 -4.975 2.214 -3.51	-1.465 -0.1383 1.58 3.535	0.3911 -0.4813 16.63 -6.032
47200	1.453 -0.7262 0.5514 5.868	11.84 -5.112 2.096 -3.425	-1.513 0.09005 1.56 3.382	0.3652 -0.2003 16.78 -5.997
47300	1.473 -0.6809 0.4608 5.689	11.87 -5.101 2.298 -3.379	-1.502 -0.1039 1.435 3.32	0.249 -0.1627 16.85 -6.042
47400	1.43 -0.942 0.4155 5.786	11.75 -4.941 2.264 -3.291	-1.53 0.1557 1.397 3.353	0.1671 -0.1009 16.88 -6.041
47500	1.522 -1.022 0.2978 5.832	11.87 -4.751 2.338 -3.163	-1.384 0.2468 1.422 3.4	0.1477 -0.007963 17.05 -6.019
47600	1.43 -0.8664 0.4362 5.865	11.85 -4.81 2.495 -3.162	-1.312 0.2019 1.359 3.237	0.0401 0.02916 17.02 -5.939
47700	1.525 -0.804 0.5779 5.93	11.76 -4.7 2.651 -3.079	-1.315 0.3897 1.45 3.34	-0.2106 0.09382 17.07 -5.861
47800	1.383 -0.7904 0.621 5.892	11.99 -4.788 2.693 -3.158	-1.256 0.2775 1.407 3.347	-0.1358 0.02844 17.34 -5.73
47900	1.442 -0.8052 0.9414 5.89	11.85 -4.742 2.736 -3.111	-1.53 0.2613 1.548 3.373	-0.06229 0.1177 17.12 -5.718
48000	1.469 -0.6428 1.143 5.955	11.8 -4.86 2.793 -3.01	-1.594 0.3376 1.381 3.228	-0.06019 -0.05225 17.32 -5.756
48100	1.359 -0.811 1.248 6.154	11.6 -4.6 2.818 -3.12	-1.544 0.3808 1.399 3.22	-0.06831 -0.2715 17.43 -5.942
48200	1.325 -0.6045 1.182 6.198	11.83 -4.635 2.8 -3.287	-1.738 0.4701 1.378 3.295	0.05642 -0.4463 17.33 -5.899
48300	1.472 -0.5583 1.175 6.29	11.84 -4.737 2.869 -3.324	-1.71 0.4383 1.428 3.196	0.1812 -0.471 17.4 -5.816
48400	1.508 -0.6291 1.168 6.087	11.92 -4.652 2.899 -3.409	-1.592 0.4067 1.455 3.225	0.09507 -0.3514 17.24 -5.952
48500	1.497 -0.5986 1.31 6.111	11.91 -4.595 2.858 -3.412	-1.733 0.4007 1.496 3.196	0.1476 -0.3222 17.15 -5.976
48600	1.402 -0.6387 1.149 6.04	11.94 -4.695 2.967 -3.273	-1.636 0.2281 1.393 3.088	0.2754 -0.2425 17.2 -5.907
48700	1.241 -0.5717 1.403 6.222	11.93 -4.75 2.894 -3.102	-1.683 0.1574 1.256 3.284	0.3491 -0.2059 17.28 -5.926
48800	1.272 -0.2926 1.614 6.418	12.06 -4.671 2.927 -3.173	-1.847 0.3122 1.248 3.179	0.4323 -0.1711 17.32 -5.728
48900	1.277 -0.3219 1.558 6.464	12.09 -4.682 2.941 -3.045	-1.77 0.4324 1.195 2.922	0.3715 -0.05211 17.1 -5.804
49000	1.283 -0.0263 1.451 6.229	12.06 -4.618 3.046 -3.219	-1.556 0.5671 1.242 3.196	0.4592 -0.09475 17.19 -5.739
49100	1.3 -0.02518 1.513 6.479	12.3 -4.839 3.097 -3.145	-1.554 0.6542 1.359 3.19	0.4709 0.04115 17.08 -5.727
49200	1.358 0.04143 1.562 6.477	12.47 -4.822 3.17 -3.067	-1.514 0.5154 1.393 3.199	0.5593 0.3518 17.21 -5.854
49300	1.281 -0.1589 1.651 6.455	12.79 -4.736 3.164 -3.258	-1.708 0.5454 1.282 3.381	0.4522 0.4293 17.31 -6.089
49400	1.283 -0.2139 1.498 6.259	12.85 -4.725 3.244 -3.404	-1.824 0.587 1.356 3.409	0.4021 0.409 17.27 -6.065
49500	1.436 -0.2676 1.162 6.327	12.69 -4.673 3.284 -3.343	-1.745 0.6823 1.603 3.334	0.6522 0.7229 17.33 -6.33
49600	1.564 -0.3874 1.439 6.265	12.65 -4.634 3.237 -3.419	-1.533 0.8867 1.499 3.359	0.7082 0.3327 17.53 -6.118
49700	1.567 -0.324 1.405 6.229	12.61 -4.624 3.311 -3.411	-1.475 0.8346 1.486 3.065	0.7088 0.425 17.44 -6.374
49800	1.654 -0.3023 1.653 6.233	12.69 -4.386 3.281 -3.387	-1.5 0.9162 1.643 2.957	0.7688 0.6645 17.38 -6.523
49900	1.546 -0.196 1.724 6.094	13.01 -4.267 3.213 -3.615	-1.678 0.9107 1.525 3.029	0.5333 0.6377 17.63 -6.579
50000	1.685 -0.1589 1.566 5.901	13.02 -4.53 3.084 -3.548	-1.986 1.018 1.69 3.217	0.6953 0.5565 17.6 -6.726
50100	1.705 -0.1658 1.832 5.754	13.14 -4.238 2.833 -3.577	-2.159 0.8432 1.758 3.15	0.4633 0.7568 17.3 -6.573
