from to weight
0 1 5133
0 2 5442
0 4 1732
0 8 2312
0 16 1824
0 32 10329
0 64 4551
0 128 4146
0 256 1145
0 512 1601
0 1024 2685
1 3 803
1 5 247
1 9 218
1 17 829
1 33 1500
1 65 228
1 129 188
1 257 207
1 513 174
1 1025 739
2 3 809
2 6 858
2 10 858
2 18 574
2 34 416
2 66 571
2 130 196
2 258 145
2 514 204
2 1026 811
3 7 280
3 11 161
3 19 514
3 35 83
3 67 52
3 131 14
3 259 59
3 515 40
3 1027 409
4 5 258
4 6 382
4 12 65
4 20 133
4 36 307
4 68 124
4 132 121
4 260 122
4 516 60
4 1028 160
5 7 122
5 13 25
5 21 99
5 37 83
5 69 11
5 133 14
5 261 55
5 517 7
5 1029 89
6 7 270
6 14 150
6 22 264
6 38 35
6 70 112
6 134 18
6 262 112
6 518 39
6 1030 240
7 15 35
7 23 317
7 39 22
7 71 16
7 135 7
7 263 87
7 519 12
7 1031 176
8 9 218
8 10 88
8 12 106
8 24 13
8 40 1087
8 72 223
8 136 449
8 264 26
8 520 56
8 1032 46
9 11 27
9 13 25
9 25 10
9 41 263
9 73 26
9 137 32
9 265 12
9 521 16
9 1033 25
10 11 179
10 14 271
10 26 15
10 42 155
10 74 112
10 138 109
10 266 17
10 522 38
10 1034 50
11 15 147
11 27 37
11 43 65
11 75 10
11 139 20
11 267 14
11 523 25
11 1035 49
12 13 28
12 14 12
12 28 3
12 44 63
12 76 25
12 140 27
12 268 4
12 524 5
12 1036 4
13 15 18
13 29 9
13 45 24
13 77 7
13 141 6
13 269 7
13 525 2
13 1037 5
14 15 135
14 30 23
14 46 56
14 78 60
14 142 42
14 270 30
14 526 22
14 1038 65
15 31 91
15 47 48
15 79 25
15 143 7
15 271 71
15 527 8
15 1039 85
16 17 269
16 18 84
16 20 171
16 24 380
16 48 13
16 80 489
16 144 152
16 272 54
16 528 195
16 1040 17
17 19 137
17 21 198
17 25 272
17 49 31
17 81 149
17 145 54
17 273 79
17 529 135
17 1041 43
18 19 85
18 22 110
18 26 251
18 50 4
18 82 123
18 146 22
18 274 18
18 530 41
18 1042 4
19 23 241
19 27 290
19 51 6
19 83 68
19 147 8
19 275 34
19 531 39
19 1043 50
20 21 78
20 22 37
20 28 54
20 84 54
20 148 14
20 276 36
20 532 30
20 1044 1
21 23 99
21 29 69
21 53 3
21 85 40
21 149 18
21 277 82
21 533 38
21 1045 26
22 23 104
22 30 133
22 54 1
22 86 86
22 150 8
22 278 46
22 534 25
22 1046 8
23 31 322
23 55 8
23 87 90
23 151 11
23 279 150
23 535 77
23 1047 103
24 25 49
24 26 3
24 28 42
24 56 8
24 88 108
24 152 118
24 280 5
24 536 59
24 1048 1
25 27 8
25 29 79
25 57 15
25 89 62
25 153 57
25 281 10
25 537 94
25 1049 6
26 27 34
26 30 113
26 58 1
26 90 56
26 154 25
26 282 4
26 538 34
26 1050 2
27 31 242
27 59 4
27 91 33
27 155 10
27 283 17
27 539 58
27 1051 5
28 29 26
28 30 8
28 60 3
28 92 19
28 156 31
28 284 5
28 540 7
29 31 30
29 61 16
29 93 43
29 157 25
29 285 26
29 541 37
29 1053 6
30 31 115
30 62 3
30 94 62
30 158 31
30 286 32
30 542 32
30 1054 2
31 63 22
31 95 215
31 159 50
31 287 206
31 543 204
31 1055 103
32 33 2669
32 34 1579
32 36 881
32 40 387
32 48 925
32 96 838
32 160 165
32 288 1177
32 544 500
32 1056 1208
33 35 665
33 37 402
33 41 97
33 49 1192
33 97 130
33 161 24
33 289 678
33 545 159
33 1057 822
34 35 374
34 38 411
34 42 157
34 50 304
34 98 117
34 162 8
34 290 190
34 546 81
34 1058 353
35 39 199
35 43 39
35 51 429
35 99 35
35 291 114
35 547 23
35 1059 283
36 37 263
36 38 228
36 44 32
36 52 159
36 100 44
36 164 14
36 292 279
36 548 26
36 1060 143
37 39 134
37 45 10
37 53 230
37 101 11
37 165 4
37 293 216
37 549 10
37 1061 133
38 39 171
38 46 41
38 54 156
38 102 36
38 166 1
38 294 116
38 550 22
38 1062 131
39 47 14
39 55 267
39 103 6
39 295 98
39 551 8
39 1063 133
40 41 481
40 42 117
40 44 218
40 56 31
40 104 188
40 168 93
40 296 143
40 552 124
40 1064 79
41 43 92
41 45 208
41 57 92
41 105 69
41 169 24
41 297 152
41 553 83
41 1065 121
42 43 109
42 46 142
42 58 18
42 106 61
42 170 5
42 298 35
42 554 22
42 1066 37
43 47 112
43 59 51
43 107 22
43 299 37
43 555 21
43 1067 62
44 45 113
44 46 45
44 60 11
44 108 32
44 172 10
44 300 67
44 556 11
44 1068 24
45 47 75
45 61 49
45 109 35
45 173 2
45 301 101
45 557 25
45 1069 68
46 47 113
46 62 23
46 110 33
46 174 2
46 302 44
46 558 25
46 1070 44
47 63 90
47 111 33
47 175 2
47 303 90
47 559 21
47 1071 126
48 49 231
48 50 38
48 52 137
48 56 103
48 112 154
48 176 21
48 304 97
48 560 147
48 1072 10
49 51 144
49 53 356
49 57 176
49 113 126
49 177 9
49 305 268
49 561 305
49 1073 70
50 51 59
50 54 111
50 58 79
50 114 35
50 306 28
50 562 24
50 1074 10
51 55 301
51 59 123
51 115 20
51 179 1
51 307 85
51 563 74
51 1075 34
52 53 99
52 54 21
52 60 14
52 116 36
52 180 1
52 308 99
52 564 22
52 1076 4
53 55 125
53 61 67
53 117 50
53 181 2
53 309 344
53 565 55
53 1077 45
54 55 114
54 62 51
54 118 31
54 310 61
54 566 23
54 1078 9
55 63 223
55 119 41
55 311 369
55 567 74
55 1079 108
56 57 35
56 58 3
56 60 32
56 120 24
56 184 3
56 312 11
56 568 29
56 1080 5
57 59 16
57 61 127
57 121 34
57 185 7
57 313 43
57 569 80
57 1081 11
58 59 33
58 62 39
58 122 13
58 186 2
58 314 4
58 570 9
58 1082 1
59 63 142
59 123 13
59 187 1
59 315 32
59 571 29
59 1083 10
60 61 29
60 62 4
60 124 10
60 188 2
60 316 6
60 572 8
60 1084 1
61 63 40
61 125 81
61 189 4
61 317 99
61 573 52
61 1085 12
62 63 61
62 126 20
62 190 1
62 318 20
62 574 15
62 1086 3
63 127 124
63 191 4
63 319 250
63 575 128
63 1087 72
64 65 119
64 66 189
64 68 49
64 72 443
64 80 117
64 96 3273
64 192 190
64 320 31
64 576 82
64 1088 58
65 67 16
65 69 4
65 73 27
65 81 41
65 97 242
65 193 5
65 321 1
65 577 4
65 1089 7
66 67 31
66 70 23
66 74 352
66 82 63
66 98 203
66 194 21
66 322 21
66 578 19
66 1090 27
67 71 4
67 75 34
67 83 32
67 99 22
67 323 1
67 1091 6
68 69 14
68 70 30
68 76 16
68 84 11
68 100 87
68 196 7
68 324 3
68 580 2
68 1092 3
69 71 5
69 77 4
69 85 4
69 101 13
69 325 1
69 1093 2
70 71 15
70 78 44
70 86 30
70 102 43
70 198 9
70 326 10
70 582 4
70 1094 10
71 79 9
71 87 19
71 103 4
71 327 4
71 583 1
71 1095 3
72 73 8
72 74 6
72 76 6
72 88 2
72 104 596
72 200 31
72 328 5
72 584 8
72 1096 4
73 75 1
73 77 1
73 89 5
73 105 52
73 201 2
74 75 69
74 78 59
74 90 9
74 106 249
74 202 35
74 330 7
74 586 24
74 1098 18
75 79 15
75 91 13
75 107 67
75 203 3
75 587 7
75 1099 9
76 77 4
76 78 3
76 92 1
76 108 34
76 204 4
76 332 1
77 93 4
77 109 8
77 205 2
77 333 2
78 79 24
78 94 9
78 110 101
78 206 10
78 334 5
78 590 4
78 1102 13
79 95 11
79 111 50
79 335 6
79 1103 6
80 81 44
80 82 21
80 84 20
80 88 433
80 112 18
80 208 22
80 336 5
80 592 39
80 1104 4
81 83 19
81 85 15
81 89 144
81 113 19
81 209 15
81 337 3
81 593 16
81 1105 3
82 83 5
82 86 17
82 90 173
82 114 3
82 210 3
82 594 6
83 87 21
83 91 79
83 115 4
83 211 4
83 339 4
83 595 9
83 1107 3
84 85 15
84 86 10
84 92 39
84 116 5
84 212 4
84 340 4
84 596 8
85 87 12
85 93 42
85 117 3
85 213 5
85 341 4
85 597 4
85 1109 4
86 87 18
86 94 110
86 118 1
86 214 3
86 342 4
86 598 6
86 1110 1
87 95 126
87 119 2
87 215 2
87 343 12
87 599 11
87 1111 7
88 89 82
88 90 13
88 92 51
88 120 55
88 216 169
88 344 5
88 600 167
88 1112 1
89 91 10
89 93 43
89 121 63
89 217 51
89 345 8
89 601 117
89 1113 1
90 91 59
90 94 69
90 122 15
90 218 28
90 346 4
90 602 76
91 95 103
91 123 9
91 219 7
91 347 9
91 603 62
91 1115 4
92 93 26
92 94 11
92 124 14
92 220 35
92 348 2
92 604 21
92 1116 1
93 95 14
93 125 45
93 221 36
93 349 19
93 605 37
93 1117 7
94 95 109
94 126 16
94 222 40
94 350 22
94 606 68
94 1118 6
95 127 76
95 223 78
95 351 133
95 607 248
95 1119 43
96 97 627
96 98 710
96 100 257
96 104 805
96 112 573
96 224 79
96 352 428
96 608 320
96 1120 312
97 99 143
97 101 49
97 105 81
97 113 415
97 225 5
97 353 104
97 609 72
97 1121 130
98 99 108
98 102 132
98 106 343
98 114 216
98 226 2
98 354 84
98 610 42
98 1122 103
99 103 36
99 107 48
99 115 138
99 227 2
99 355 25
99 611 6
99 1123 53
100 101 63
100 102 96
100 108 56
100 116 67
100 228 2
100 356 52
100 612 16
100 1124 36
101 103 20
101 109 10
101 117 58
101 229 1
101 357 22
101 613 6
101 1125 19
102 103 27
102 110 82
102 118 99
102 230 1
102 358 36
102 614 11
102 1126 51
103 111 8
103 119 62
103 359 11
103 615 1
103 1127 11
104 105 419
104 106 223
104 108 233
104 120 83
104 232 129
104 360 179
104 616 243
104 1128 80
105 107 84
105 109 118
105 121 123
105 233 21
105 361 99
105 617 112
105 1129 64
106 107 217
106 110 341
106 122 79
106 234 18
106 362 65
106 618 87
106 1130 69
107 111 175
107 123 108
107 235 6
107 363 47
107 619 42
107 1131 60
108 109 116
108 110 86
108 124 27
108 236 19
108 364 50
108 620 37
108 1132 20
109 111 69
109 125 105
109 237 5
109 365 55
109 621 16
109 1133 37
110 111 206
110 126 129
110 238 22
110 366 101
110 622 93
110 1134 92
111 127 262
111 239 3
111 367 109
111 623 44
111 1135 123
112 113 106
112 114 27
112 116 72
112 120 356
112 240 15
112 368 67
112 624 98
112 1136 4
113 115 47
113 117 113
113 121 290
113 241 9
113 369 87
113 625 106
113 1137 14
114 115 21
114 118 57
114 122 170
114 370 12
114 626 21
115 119 46
115 123 136
115 371 27
115 627 16
115 1139 5
116 117 41
116 118 15
116 124 77
116 244 2
116 372 27
116 628 18
117 119 52
117 125 110
117 245 7
117 373 63
117 629 27
117 1141 6
118 119 33
118 126 109
118 246 4
118 374 32
118 630 19
118 1142 6
119 127 142
119 247 1
119 375 54
119 631 25
119 1143 14
120 121 114
120 122 10
120 124 108
120 248 32
120 376 37
120 632 210
120 1144 7
121 123 36
121 125 230
121 249 19
121 377 93
121 633 239
121 1145 7
122 123 75
122 126 121
122 250 2
122 378 17
122 634 71
122 1146 1
123 127 214
123 251 3
123 379 48
123 635 102
123 1147 10
124 125 92
124 126 22
124 252 11
124 380 39
124 636 71
124 1148 1
125 127 139
125 253 66
125 381 255
125 637 187
125 1149 16
126 127 165
126 254 12
126 382 97
126 638 128
126 1150 15
127 255 49
127 383 547
127 639 427
127 1151 99
128 129 709
128 130 189
128 132 88
128 136 128
128 144 405
128 160 202
128 192 884
128 384 390
128 640 1033
128 1152 118
129 131 59
129 133 39
129 137 25
129 145 268
129 161 36
129 193 87
129 385 124
129 641 203
129 1153 56
130 131 51
130 134 26
130 138 29
130 146 62
130 162 5
130 194 75
130 386 39
130 642 73
130 1154 25
131 135 9
131 139 6
131 147 55
131 163 4
131 195 9
131 387 10
131 643 18
131 1155 13
132 133 49
132 134 18
132 140 3
132 148 29
132 164 5
132 196 31
132 388 36
132 644 25
132 1156 13
133 135 8
133 141 1
133 149 36
133 165 3
133 197 4
133 389 33
133 645 7
133 1157 10
134 135 12
134 142 5
134 150 14
134 166 1
134 198 6
134 390 14
134 646 8
134 1158 2
135 143 1
135 151 23
135 167 1
135 199 2
135 391 3
135 647 4
135 1159 2
136 137 102
136 138 13
136 140 14
136 152 13
136 168 75
136 200 129
136 392 27
136 648 197
136 1160 7
137 139 5
137 141 10
137 153 9
137 169 27
137 201 18
137 393 10
137 649 74
137 1161 6
138 139 33
138 142 18
138 154 7
138 170 2
138 202 29
138 394 6
138 650 53
138 1162 3
139 143 13
139 155 10
139 171 1
139 203 5
139 395 4
139 651 28
139 1163 3
140 141 11
140 142 2
140 156 3
140 172 7
140 204 7
140 396 5
140 652 7
140 1164 2
141 143 1
141 157 6
141 173 4
141 205 4
141 397 8
141 653 4
141 1165 1
142 143 16
142 158 9
142 174 1
142 206 10
142 398 10
142 654 13
142 1166 8
143 159 9
143 175 2
143 207 2
143 399 14
143 655 7
143 1167 4
144 145 68
144 146 4
144 148 16
144 152 34
144 176 2
144 208 178
144 400 39
144 656 216
145 147 12
145 149 17
145 153 46
145 209 53
145 401 48
145 657 207
145 1169 7
146 147 9
146 150 2
146 154 19
146 210 19
146 402 6
146 658 33
147 151 12
147 155 15
147 211 6
147 403 14
147 659 37
148 149 13
148 156 3
148 180 1
148 212 14
148 404 11
148 660 17
149 151 7
149 157 7
149 213 14
149 405 27
149 661 27
149 1173 2
150 151 4
150 158 5
150 214 7
150 406 2
150 662 5
150 1174 1
151 159 18
151 215 5
151 407 15
151 663 19
152 153 11
152 154 1
152 156 6
152 216 45
152 408 2
152 664 99
152 1176 1
153 155 3
153 157 10
153 185 2
153 217 20
153 409 7
153 665 81
154 155 4
154 158 5
154 218 14
154 410 4
154 666 25
155 159 9
155 187 1
155 219 10
155 411 6
155 667 16
156 157 6
156 158 1
156 220 13
156 412 6
156 668 17
157 159 3
157 221 13
157 413 12
157 669 26
158 159 15
158 222 16
158 414 3
158 670 17
159 191 1
159 223 28
159 415 23
159 671 51
159 1183 1
160 161 70
160 162 12
160 164 16
160 168 9
160 176 48
160 224 47
160 416 79
160 672 78
160 1184 8
161 163 8
161 165 1
161 169 1
161 177 38
161 225 6
161 417 43
161 673 28
161 1185 5
162 163 3
162 166 3
162 178 6
162 226 3
162 418 3
162 674 2
162 1186 5
163 167 2
163 171 1
163 179 4
163 419 4
163 675 2
163 1187 2
164 165 4
164 166 5
164 172 2
164 180 6
164 228 1
164 420 13
164 676 2
164 1188 2
165 167 2
165 181 3
165 421 6
165 677 1
166 167 5
166 182 1
166 230 1
166 422 2
166 1190 1
167 183 1
167 231 2
167 423 5
167 679 1
167 1191 1
168 169 44
168 170 6
168 172 8
168 184 5
168 232 23
168 424 43
168 680 45
168 1192 3
169 171 1
169 173 6
169 185 12
169 233 6
169 425 26
169 681 41
169 1193 4
170 171 4
170 174 3
170 234 1
170 426 4
170 682 1
171 175 3
171 427 1
171 683 3
172 173 7
172 188 2
172 236 3
172 428 7
172 684 6
172 1196 2
173 175 1
173 189 3
173 429 12
173 685 3
174 175 1
174 238 1
174 430 1
174 686 2
174 1198 1
175 191 2
175 239 1
175 431 3
175 1199 3
176 177 12
176 180 4
176 184 2
176 240 16
176 432 14
176 688 23
177 181 3
177 185 3
177 241 7
177 433 21
177 689 22
177 1201 3
178 179 1
178 186 1
178 242 1
178 434 1
178 690 2
179 243 1
179 435 2
179 691 3
180 181 2
180 188 1
180 244 2
180 436 5
180 692 2
181 245 2
181 437 7
181 693 1
182 246 1
183 439 1
184 185 1
184 188 2
184 248 3
184 696 4
185 189 2
185 249 5
185 441 4
185 697 14
186 190 1
186 442 1
186 698 1
187 191 1
187 443 1
188 189 2
188 252 1
188 444 1
188 700 3
189 191 2
189 253 2
189 445 5
189 701 2
190 191 1
190 446 1
191 255 6
191 447 3
191 703 2
192 193 87
192 194 36
192 196 12
192 200 153
192 208 100
192 224 359
192 448 60
192 704 255
192 1216 12
193 195 10
193 197 1
193 201 13
193 209 62
193 225 41
193 449 10
193 705 35
193 1217 7
194 195 9
194 198 4
194 202 38
194 210 22
194 226 11
194 450 8
194 706 36
194 1218 4
195 203 7
195 211 13
195 451 1
195 707 6
195 1219 1
196 197 8
196 198 2
196 204 6
196 212 6
196 228 9
196 452 6
196 708 10
196 1220 3
197 205 2
197 213 5
197 229 2
197 453 1
197 709 3
198 199 2
198 206 3
198 214 8
198 454 1
198 710 5
198 1222 2
199 215 3
199 455 1
200 201 17
200 202 2
200 204 1
200 216 7
200 232 201
200 456 12
200 712 72
200 1224 1
201 205 2
201 217 5
201 233 31
201 457 1
201 713 11
202 203 15
202 206 13
202 218 3
202 234 32
202 458 8
202 714 32
202 1226 1
203 207 2
203 219 2
203 235 9
203 459 1
203 715 15
203 1227 1
204 205 2
204 236 10
204 460 2
204 716 4
205 207 4
205 221 3
205 237 4
205 461 1
206 207 9
206 222 5
206 238 7
206 462 6
206 718 5
206 1230 4
207 223 8
207 239 3
207 463 1
207 719 3
207 1231 2
208 209 20
208 210 4
208 212 2
208 216 110
208 240 7
208 464 26
208 720 130
208 1232 1
209 211 6
209 213 8
209 217 58
209 241 5
209 465 22
209 721 51
210 211 4
210 214 1
210 218 24
210 242 1
210 466 5
210 722 12
210 1234 1
211 215 2
211 219 13
211 467 4
211 723 14
212 213 3
212 214 3
212 220 4
212 244 1
212 468 4
212 724 11
213 215 4
213 221 9
213 245 1
213 469 10
213 725 11
214 215 5
214 222 8
214 470 1
214 726 8
215 223 13
215 471 3
215 727 4
215 1239 1
216 217 26
216 218 2
216 220 10
216 248 11
216 472 14
216 728 268
217 219 1
217 221 5
217 249 13
217 473 34
217 729 106
217 1241 1
218 219 4
218 222 5
218 250 2
218 474 7
218 730 53
219 223 8
219 251 1
219 475 6
219 731 22
220 221 17
220 222 2
220 252 1
220 476 7
220 732 35
221 223 4
221 253 11
221 477 28
221 733 38
221 1245 2
222 223 17
222 254 1
222 478 13
222 734 45
223 255 8
223 479 73
223 735 72
223 1247 3
224 225 45
224 226 17
224 228 11
224 232 38
224 240 101
224 480 114
224 736 153
224 1248 6
225 227 5
225 229 2
225 233 4
225 241 39
225 481 17
225 737 23
225 1249 7
226 227 2
226 234 5
226 242 14
226 482 2
226 738 8
226 1250 2
227 231 2
227 243 6
227 483 1
228 229 4
228 230 3
228 236 1
228 244 6
228 484 2
228 740 7
229 231 2
229 237 1
229 245 2
229 485 2
229 741 2
230 246 2
230 486 2
230 1254 1
231 239 2
231 247 3
231 1255 1
232 233 68
232 234 4
232 236 21
232 248 18
232 488 70
232 744 203
232 1256 7
233 235 2
233 237 6
233 249 34
233 489 31
233 745 49
233 1257 8
234 235 11
234 238 11
234 250 8
234 490 16
234 746 13
234 1258 1
235 239 3
235 251 6
235 491 7
235 747 7
235 1259 5
236 237 15
236 238 2
236 252 6
236 492 17
236 748 13
236 1260 1
237 253 12
237 493 12
237 749 4
237 1261 3
238 239 11
238 254 6
238 494 12
238 750 10
238 1262 4
239 255 15
239 495 5
239 1263 3
240 241 18
240 242 1
240 244 11
240 248 17
240 496 29
240 752 61
240 1264 2
241 245 4
241 249 17
241 497 27
241 753 29
241 1265 1
242 243 2
242 246 3
242 250 4
242 498 4
242 754 3
242 1266 1
243 247 2
243 755 6
243 1267 1
244 245 7
244 252 5
244 500 6
244 756 4
245 253 11
245 501 9
245 757 3
246 247 1
246 254 2
246 502 2
246 758 5
247 255 2
247 503 2
247 759 3
248 249 11
248 252 7
248 504 16
248 760 47
249 251 1
249 253 8
249 505 51
249 761 37
249 1273 2
250 251 2
250 254 3
250 506 5
250 762 5
250 1274 1
251 255 2
251 507 4
251 763 6
251 1275 1
252 253 14
252 508 5
252 764 11
252 1276 1
253 255 12
253 509 71
253 765 38
253 1277 3
254 255 7
254 510 11
254 766 6
255 511 60
255 767 33
255 1279 8
256 257 109
256 258 132
256 260 50
256 264 48
256 272 68
256 288 11
256 320 279
256 384 235
256 768 32
256 1280 181
257 259 48
257 261 15
257 265 15
257 273 74
257 289 5
257 321 39
257 385 18
257 769 3
257 1281 99
258 259 19
258 262 47
258 266 34
258 274 34
258 290 2
258 322 57
258 386 18
258 770 13
258 1282 53
259 263 16
259 267 10
259 275 46
259 291 3
259 323 11
259 387 2
259 1283 38
260 261 19
260 262 28
260 268 4
260 276 25
260 292 2
260 324 34
260 388 17
260 772 5
260 1284 38
261 263 21
261 269 1
261 277 31
261 293 2
261 325 4
261 389 5
261 773 1
261 1285 24
262 263 18
262 270 14
262 278 60
262 326 23
262 390 7
262 774 3
262 1286 62
263 271 10
263 279 67
263 327 9
263 391 2
263 775 1
263 1287 53
264 265 2
264 266 3
264 268 7
264 280 1
264 296 1
264 328 24
264 392 30
264 776 1
264 1288 5
265 267 4
265 269 3
265 281 2
265 297 2
265 329 3
265 393 8
265 777 1
265 1289 6
266 267 4
266 270 12
266 282 2
266 298 1
266 330 18
266 394 9
266 778 1
266 1290 7
267 271 13
267 283 2
267 331 6
267 395 1
267 779 3
267 1291 7
268 269 2
268 270 2
268 332 2
268 396 2
268 780 2
268 1292 5
269 271 2
269 333 2
269 397 5
269 1293 4
270 271 12
270 286 8
270 334 15
270 398 11
270 1294 12
271 287 29
271 303 2
271 335 12
271 399 11
271 1295 54
272 273 8
272 274 4
272 276 8
272 280 19
272 304 2
272 336 59
272 400 17
272 784 4
272 1296 1
273 275 17
273 277 31
273 281 31
273 337 54
273 401 14
273 785 7
273 1297 7
274 275 2
274 278 13
274 282 17
274 338 21
274 402 3
275 279 40
275 283 29
275 307 1
275 339 16
275 403 2
275 787 4
275 1299 7
276 277 15
276 278 5
276 284 11
276 340 32
276 404 3
276 788 1
276 1300 2
277 279 31
277 285 27
277 341 64
277 405 12
277 789 7
277 1301 18
278 279 13
278 286 39
278 342 55
278 406 5
278 790 3
278 1302 9
279 287 138
279 311 2
279 343 80
279 407 5
279 791 14
279 1303 62
280 281 1
280 284 7
280 344 13
280 408 4
281 285 16
281 345 15
281 409 9
281 793 2
281 1305 2
282 283 1
282 286 4
282 314 1
282 346 9
282 410 8
283 287 27
283 315 1
283 347 11
283 411 2
283 795 2
283 1307 6
284 285 8
284 286 2
284 348 9
284 412 2
284 796 1
284 1308 1
285 287 12
285 349 31
285 413 20
285 797 9
285 1309 5
286 287 13
286 350 42
286 414 20
286 798 8
286 1310 2
287 351 222
287 415 91
287 799 54
287 1311 58
288 289 193
288 290 145
288 292 99
288 296 30
288 304 173
288 352 208
288 416 35
288 800 38
288 1312 267
289 291 120
289 293 48
289 297 6
289 305 337
289 353 28
289 417 9
289 801 8
289 1313 320
290 291 41
290 294 67
290 298 18
290 306 78
290 354 28
290 418 2
290 802 7
290 1314 96
291 295 44
291 299 5
291 307 97
291 355 8
291 419 2
291 803 5
291 1315 117
292 293 53
292 294 52
292 300 5
292 308 99
292 356 36
292 420 6
292 804 5
292 1316 124
293 295 37
293 301 4
293 309 149
293 357 9
293 805 1
293 1317 119
294 295 33
294 302 14
294 310 96
294 358 17
294 806 5
294 1318 70
295 303 9
295 311 122
295 359 5
295 807 3
295 1319 73
296 297 36
296 298 13
296 300 26
296 312 7
296 360 25
296 424 16
296 808 5
296 1320 46
297 299 25
297 301 48
297 313 24
297 361 23
297 425 7
297 809 12
297 1321 57
298 299 6
298 302 26
298 314 3
298 362 15
298 426 3
298 810 1
298 1322 13
299 303 30
299 315 12
299 363 7
299 1323 24
300 301 20
300 302 16
300 316 10
300 364 10
300 428 9
300 812 4
300 1324 29
301 303 28
301 317 51
301 365 12
301 429 8
301 813 5
301 1325 69
302 303 25
302 318 21
302 366 11
302 430 1
302 1326 42
303 319 80
303 367 25
303 431 4
303 815 7
303 1327 68
304 305 37
304 306 13
304 308 39
304 312 29
304 368 116
304 432 6
304 816 19
304 1328 13
305 307 46
305 309 223
305 313 70
305 369 169
305 433 8
305 817 66
305 1329 60
306 307 11
306 310 38
306 314 21
306 370 42
306 434 1
306 818 4
306 1330 2
307 311 126
307 315 44
307 371 27
307 819 10
307 1331 33
308 309 50
308 310 15
308 316 20
308 372 113
308 436 4
308 820 13
308 1332 22
309 311 176
309 317 68
309 373 221
309 437 11
309 821 72
309 1333 218
310 311 55
310 318 48
310 374 79
310 438 2
310 822 11
310 1334 15
311 319 242
311 375 206
311 439 5
311 823 73
311 1335 324
312 313 10
312 314 1
312 316 6
312 376 20
312 440 5
312 824 5
313 315 8
313 317 63
313 377 35
313 441 8
313 825 17
313 1337 16
314 315 2
314 318 17
314 378 9
314 826 1
314 1338 1
315 319 76
315 379 14
315 827 3
315 1339 6
316 317 13
316 318 4
316 380 17
316 444 3
316 828 3
316 1340 2
317 319 46
317 381 110
317 445 19
317 829 58
317 1341 61
318 319 52
318 382 37
318 446 2
318 830 9
318 1342 10
319 383 334
319 447 32
319 831 152
319 1343 228
320 321 19
320 322 37
320 324 14
320 328 86
320 336 27
320 352 16
320 448 70
320 832 7
320 1344 34
321 323 9
321 325 3
321 329 8
321 337 15
321 353 5
321 449 6
321 833 3
321 1345 10
322 323 5
322 326 11
322 330 55
322 338 23
322 354 2
322 450 5
322 834 1
322 1346 13
323 327 4
323 331 7
323 339 7
323 355 1
323 835 1
323 1347 6
324 325 3
324 326 9
324 332 9
324 340 13
324 356 2
324 452 7
324 836 1
324 1348 7
325 327 2
325 333 1
325 341 4
325 453 1
325 1349 3
326 334 24
326 342 19
326 454 4
326 1350 6
327 335 3
327 343 10
327 359 1
327 455 1
327 1351 4
328 329 7
328 330 8
328 332 8
328 344 5
328 360 16
328 456 64
328 1352 7
329 331 1
329 333 3
329 345 1
329 361 3
329 457 7
329 1353 3
330 331 6
330 334 28
330 346 4
330 362 4
330 458 28
330 842 7
330 1354 11
331 335 6
331 347 4
331 363 2
331 459 4
331 843 1
331 1355 3
332 333 1
332 334 2
332 348 3
332 364 3
332 460 6
332 844 2
332 1356 3
333 335 2
333 349 1
333 365 3
333 461 2
333 1357 1
334 335 10
334 350 10
334 366 4
334 462 21
334 846 8
334 1358 21
335 351 16
335 367 4
335 463 4
335 847 1
335 1359 14
336 337 3
336 338 2
336 340 1
336 344 71
336 464 9
336 848 5
337 339 7
337 341 10
337 345 50
337 465 1
337 849 6
337 1361 1
338 339 1
338 342 2
338 346 40
338 466 1
338 850 1
338 1362 1
339 343 5
339 347 27
339 371 1
339 467 1
339 1363 1
340 341 5
340 342 2
340 348 32
340 468 7
340 852 3
340 1364 1
341 343 7
341 349 68
341 469 4
341 853 2
341 1365 6
342 343 9
342 350 67
342 470 1
342 854 2
342 1366 3
343 351 104
343 375 1
343 471 3
343 855 4
343 1367 11
344 345 7
344 346 2
344 348 5
344 472 68
344 856 12
345 347 6
345 349 21
345 377 1
345 473 28
345 857 22
345 1369 3
346 347 5
346 350 23
346 474 21
346 858 10
347 351 41
347 475 7
347 859 9
347 1371 5
348 349 6
348 350 7
348 476 29
348 860 8
348 1372 1
349 351 29
349 381 2
349 477 69
349 861 36
349 1373 10
350 351 62
350 382 2
350 478 66
350 862 26
350 1374 15
351 383 13
351 479 239
351 863 198
351 1375 157
352 353 76
352 354 119
352 356 65
352 360 104
352 368 125
352 480 32
352 864 24
352 1376 107
353 355 38
353 357 16
353 361 13
353 369 104
353 481 3
353 865 2
353 1377 37
354 355 12
354 358 53
354 362 64
354 370 57
354 482 5
354 866 3
354 1378 39
355 359 7
355 363 15
355 371 42
355 483 2
355 867 1
355 1379 17
356 357 18
356 358 29
356 364 17
356 372 55
356 484 7
356 868 5
356 1380 24
357 359 16
357 365 5
357 373 26
357 485 1
357 1381 17
358 359 15
358 366 30
358 374 51
358 870 2
358 1382 37
359 367 7
359 375 34
359 487 1
359 871 1
359 1383 12
360 361 78
360 362 37
360 364 66
360 376 21
360 488 58
360 872 14
360 1384 50
361 363 22
361 365 50
361 377 60
361 489 17
361 873 15
361 1385 52
362 363 27
362 366 82
362 378 28
362 490 13
362 874 6
362 1386 29
363 367 45
363 379 45
363 491 2
363 875 6
363 1387 22
364 365 46
364 366 33
364 380 14
364 492 17
364 876 9
364 1388 27
365 367 49
365 381 74
365 493 11
365 877 5
365 1389 32
366 367 72
366 382 81
366 494 19
366 878 23
366 1390 66
367 383 191
367 495 4
367 879 16
367 1391 100
368 369 34
368 370 11
368 372 48
368 376 170
368 496 8
368 880 31
368 1392 6
369 371 27
369 373 112
369 377 203
369 497 6
369 881 29
369 1393 17
370 371 9
370 374 28
370 378 82
370 498 1
370 882 2
371 375 53
371 379 65
371 499 4
371 883 4
371 1395 7
372 373 46
372 374 17
372 380 140
372 500 15
372 884 11
372 1396 14
373 375 135
373 381 202
373 501 9
373 885 40
373 1397 82
374 375 34
374 382 148
374 502 4
374 886 4
374 1398 17
375 383 387
375 503 9
375 887 28
375 1399 93
376 377 46
376 378 7
376 380 71
376 504 44
376 888 68
376 1400 12
377 379 20
377 381 216
377 505 46
377 889 116
377 1401 40
378 379 17
378 382 91
378 506 4
378 890 28
378 1402 3
379 383 160
379 507 4
379 891 29
379 1403 16
380 381 101
380 382 39
380 508 42
380 892 76
380 1404 23
381 383 344
381 509 182
381 893 321
381 1405 113
382 383 277
382 510 31
382 894 139
382 1406 48
383 511 467
383 895 1024
383 1407 762
384 385 70
384 386 25
384 388 9
384 392 19
384 400 86
384 416 1
384 448 305
384 896 63
384 1408 47
385 387 21
385 389 3
385 393 7
385 401 98
385 417 3
385 449 39
385 897 11
385 1409 30
386 387 8
386 390 5
386 394 4
386 402 14
386 450 33
386 898 10
386 1410 8
387 391 2
387 395 2
387 403 21
387 419 1
387 451 4
387 899 3
387 1411 8
388 389 5
388 390 3
388 396 1
388 404 18
388 452 22
388 900 5
388 1412 8
389 391 6
389 405 28
389 453 3
389 1413 9
390 391 7
390 406 14
390 454 5
390 902 3
391 399 2
391 407 14
391 455 1
391 1415 3
392 393 6
392 394 2
392 396 5
392 408 1
392 424 1
392 456 47
392 904 10
392 1416 4
393 395 1
393 397 5
393 409 7
393 457 8
393 905 6
393 1417 4
394 395 2
394 458 9
394 906 6
394 1418 4
395 399 3
395 411 3
395 459 4
396 397 1
396 398 1
396 412 2
396 460 7
396 1420 2
397 399 2
397 413 4
397 461 6
397 909 5
397 1421 2
398 399 4
398 414 7
398 462 7
398 910 3
398 1422 1
399 415 24
399 431 1
399 463 3
399 911 4
399 1423 4
400 401 12
400 402 2
400 404 5
400 408 8
400 464 87
400 912 28
401 403 12
401 405 14
401 409 19
401 433 1
401 465 70
401 913 53
401 1425 3
402 403 1
402 406 6
402 410 5
402 466 8
402 914 5
403 407 12
403 411 13
403 467 10
403 915 14
403 1427 1
404 405 4
404 406 2
404 412 2
404 468 27
404 916 1
404 1428 1
405 407 3
405 413 9
405 469 41
405 917 23
405 1429 9
406 407 6
406 414 4
406 470 15
406 918 3
406 1430 1
407 415 16
407 471 21
407 919 12
407 1431 6
408 409 3
408 472 9
408 920 3
409 413 6
409 473 26
409 921 13
410 414 3
410 474 12
410 922 2
411 415 9
411 475 12
411 923 2
411 1435 1
412 413 4
412 476 6
412 924 1
412 1436 1
413 415 2
413 445 1
413 477 27
413 925 23
413 1437 2
414 415 4
414 446 1
414 478 23
414 926 9
415 447 3
415 479 82
415 927 74
415 1439 10
416 417 11
416 418 7
416 420 2
416 424 2
416 432 37
416 480 32
416 928 13
416 1440 11
417 419 3
417 421 6
417 433 41
417 481 5
417 929 3
417 1441 8
418 419 1
418 422 1
418 434 6
418 930 1
418 1442 3
419 423 1
419 435 6
419 483 2
419 1443 2
420 421 2
420 422 1
420 436 5
420 484 5
420 932 1
420 1444 7
421 437 10
421 485 2
421 1445 2
422 438 3
422 486 1
423 439 5
423 1447 1
424 425 7
424 426 1
424 428 4
424 440 10
424 488 20
424 936 9
424 1448 11
425 427 1
425 429 4
425 441 12
425 489 7
425 937 9
425 1449 7
426 427 1
426 430 2
426 442 1
426 490 3
426 1450 1
427 939 3
428 429 3
428 430 1
428 444 5
428 492 5
428 940 1
428 1452 5
429 445 14
429 493 3
429 941 2
429 1453 8
430 431 1
430 446 3
430 494 1
431 447 5
431 495 2
431 1455 2
432 433 8
432 434 1
432 436 3
432 440 3
432 496 29
432 944 13
433 435 3
433 437 16
433 441 6
433 497 26
433 945 26
433 1457 2
434 435 2
434 438 2
434 442 2
434 498 1
434 946 2
435 439 5
435 443 1
435 499 3
435 947 4
436 437 4
436 500 5
436 948 8
437 439 6
437 445 3
437 501 14
437 949 19
437 1461 6
438 439 3
438 446 2
438 502 2
439 447 7
439 503 13
439 951 3
439 1463 2
440 441 2
440 504 12
440 952 4
441 445 8
441 505 14
441 953 7
441 1465 3
442 446 1
442 506 1
442 954 2
443 955 2
444 445 1
444 508 6
444 956 2
445 447 3
445 509 20
445 957 23
445 1469 5
446 447 4
446 510 4
446 958 2
447 511 33
447 959 22
447 1471 2
448 449 41
448 450 31
448 452 23
448 456 89
448 464 118
448 480 7
448 960 93
448 1472 33
449 451 9
449 453 2
449 457 10
449 465 60
449 961 12
449 1473 3
450 451 3
450 454 8
450 458 26
450 466 23
450 482 1
450 962 9
450 1474 7
451 459 2
451 467 13
451 963 1
451 1475 1
452 453 9
452 454 5
452 460 3
452 468 29
452 484 1
452 964 3
452 1476 8
453 455 6
453 469 7
453 485 1
453 1477 2
454 455 1
454 462 8
454 470 7
454 486 2
454 966 4
454 1478 1
455 463 3
455 471 7
456 457 43
456 458 10
456 460 17
456 472 16
456 488 15
456 968 98
456 1480 13
457 459 3
457 461 5
457 473 22
457 489 7
457 969 18
457 1481 14
458 459 9
458 462 17
458 474 19
458 490 3
458 970 26
458 1482 7
459 463 2
459 475 13
459 491 1
459 971 6
459 1483 1
460 461 6
460 462 6
460 476 9
460 492 1
460 972 7
460 1484 6
461 463 6
461 477 9
461 973 4
461 1485 1
462 463 14
462 478 29
462 494 5
462 974 11
462 1486 6
463 479 23
463 495 4
463 975 1
463 1487 5
464 465 26
464 466 2
464 468 8
464 472 110
464 976 88
464 1488 6
465 467 16
465 469 15
465 473 80
465 497 1
465 977 66
465 1489 1
466 467 3
466 470 3
466 474 22
466 978 11
467 471 10
467 475 26
467 979 10
467 1491 1
468 469 10
468 470 1
468 476 32
468 980 27
468 1492 5
469 471 12
469 477 28
469 501 1
469 981 34
469 1493 12
470 471 1
470 478 20
470 982 7
471 479 43
471 983 11
471 1495 3
472 473 33
472 474 4
472 476 19
472 984 160
472 1496 1
473 475 12
473 477 73
473 505 13
473 985 119
473 1497 6
474 475 12
474 478 24
474 506 1
474 986 48
475 479 58
475 507 5
475 987 24
475 1499 1
476 477 22
476 478 3
476 988 75
476 1500 2
477 479 56
477 509 9
477 989 161
477 1501 30
478 479 50
478 990 122
478 1502 6
479 511 47
479 991 482
479 1503 95
480 481 38
480 482 13
480 484 8
480 488 8
480 496 67
480 992 35
480 1504 16
481 483 4
481 485 3
481 489 1
481 497 46
481 993 7
481 1505 2
482 483 3
482 490 3
482 498 10
482 994 2
482 1506 3
483 487 1
483 491 1
483 499 9
483 1507 1
484 485 7
484 486 3
484 500 5
484 996 1
484 1508 7
485 487 1
485 493 2
485 501 9
485 997 1
485 1509 3
486 487 2
486 494 1
486 502 4
486 1510 1
487 495 1
487 503 3
487 1511 1
488 489 44
488 490 7
488 492 13
488 504 32
488 1000 60
488 1512 15
489 491 4
489 493 11
489 505 57
489 1001 22
489 1513 13
490 491 10
490 494 8
490 506 16
490 1002 6
490 1514 5
491 495 4
491 507 18
491 1003 1
491 1515 2
492 493 20
492 494 6
492 508 6
492 1004 14
492 1516 7
493 495 10
493 509 36
493 1005 9
493 1517 4
494 495 21
494 510 17
494 1006 9
494 1518 5
495 511 42
495 1007 1
495 1519 8
496 497 32
496 498 3
496 500 9
496 504 49
496 1008 40
497 499 16
497 501 29
497 505 50
497 1009 39
497 1521 4
498 499 3
498 502 7
498 506 8
498 1010 1
499 503 9
499 507 17
499 1011 7
499 1523 2
500 501 16
500 502 1
500 508 6
500 1012 15
500 1524 2
501 503 12
501 509 31
501 1013 33
501 1525 11
502 503 8
502 510 8
502 1014 4
503 511 37
503 1015 13
503 1527 6
504 505 34
504 506 4
504 508 24
504 1016 85
504 1528 6
505 507 16
505 509 122
505 1017 112
505 1529 15
506 507 9
506 510 19
506 1018 11
507 511 52
507 1019 15
507 1531 6
508 509 42
508 510 1
508 1020 44
508 1532 2
509 511 138
509 1021 320
509 1533 55
510 511 48
510 1022 38
510 1534 5
511 1023 642
511 1535 282
512 513 113
512 514 177
512 516 122
512 520 286
512 528 45
512 544 246
512 576 332
512 640 185
512 768 49
512 1536 46
513 515 48
513 517 35
513 521 39
513 529 40
513 545 52
513 577 19
513 641 14
513 769 14
513 1537 26
514 515 29
514 518 88
514 522 140
514 530 11
514 546 19
514 578 52
514 642 11
514 770 8
514 1538 23
515 519 37
515 523 35
515 531 18
515 547 3
515 579 4
515 771 8
515 1539 12
516 517 24
516 518 39
516 524 30
516 532 6
516 548 16
516 580 27
516 644 17
516 772 18
516 1540 5
517 519 14
517 525 12
517 533 10
517 549 4
517 581 2
517 645 6
517 773 15
517 1541 3
518 519 20
518 526 62
518 534 17
518 550 6
518 582 33
518 646 4
518 774 15
518 1542 9
519 527 11
519 535 35
519 583 6
519 647 1
519 775 18
519 1543 12
520 521 26
520 522 10
520 524 44
520 536 3
520 552 110
520 584 63
520 648 81
520 776 2
520 1544 3
521 523 6
521 525 20
521 537 2
521 553 32
521 585 11
521 649 5
521 777 2
521 1545 3
522 523 25
522 526 70
522 538 3
522 554 18
522 586 46
522 650 18
522 778 3
522 1546 5
523 527 46
523 539 7
523 555 10
523 587 9
523 779 10
523 1547 9
524 525 9
524 526 11
524 540 4
524 556 21
524 588 13
524 652 15
524 780 4
524 1548 2
525 527 6
525 541 4
525 557 14
525 589 7
525 653 7
525 781 3
525 1549 2
526 527 24
526 542 7
526 558 16
526 590 71
526 654 16
526 782 20
526 1550 11
527 543 13
527 559 17
527 591 15
527 655 3
527 783 25
527 1551 22
528 529 21
528 530 5
528 532 30
528 536 102
528 560 2
528 592 61
528 656 13
528 784 4
528 1552 2
529 531 14
529 533 42
529 537 81
529 561 3
529 593 48
529 657 4
529 785 4
530 531 5
530 534 15
530 538 28
530 594 8
530 658 1
531 535 21
531 539 45
531 563 1
531 595 3
531 787 4
531 1555 2
532 533 8
532 534 3
532 540 24
532 596 17
532 660 8
532 788 6
533 535 12
533 541 41
533 565 2
533 597 17
533 661 6
533 789 20
534 535 4
534 542 42
534 598 11
534 662 2
534 790 1
535 543 112
535 567 1
535 599 19
535 663 2
535 791 13
535 1559 2
536 537 15
536 538 3
536 540 33
536 568 2
536 600 76
536 664 32
536 792 3
537 539 7
537 541 80
537 569 5
537 601 65
537 665 26
537 793 8
537 1561 1
538 539 3
538 542 36
538 570 1
538 602 26
538 666 2
539 543 86
539 571 1
539 603 24
539 667 2
539 795 5
539 1563 2
540 541 12
540 542 4
540 604 36
540 668 9
540 796 7
541 543 18
541 573 5
541 605 67
541 669 29
541 797 53
541 1565 2
542 543 35
542 574 1
542 606 59
542 670 13
542 798 12
542 1566 1
543 575 8
543 607 274
543 671 20
543 799 142
543 1567 24
544 545 108
544 546 111
544 548 131
544 552 87
544 560 51
544 608 121
544 672 13
544 800 92
544 1568 32
545 547 44
545 549 52
545 553 21
545 561 71
545 609 22
545 673 5
545 801 72
545 1569 32
546 547 23
546 550 74
546 554 39
546 562 17
546 610 26
546 674 1
546 802 17
546 1570 14
547 551 41
547 555 9
547 563 25
547 611 3
547 803 10
547 1571 5
548 549 30
548 550 31
548 556 14
548 564 17
548 612 13
548 676 7
548 804 54
548 1572 7
549 551 25
549 557 5
549 565 21
549 613 3
549 677 1
549 805 34
549 1573 7
550 551 21
550 558 27
550 566 22
550 614 13
550 806 37
550 1574 13
551 559 7
551 567 45
551 615 4
551 679 1
551 807 27
551 1575 11
552 553 54
552 554 15
552 556 105
552 568 9
552 616 77
552 680 28
552 808 25
552 1576 8
553 555 15
553 557 86
553 569 16
553 617 18
553 681 9
553 809 36
553 1577 10
554 555 14
554 558 52
554 570 2
554 618 14
554 682 3
554 810 7
554 1578 2
555 559 50
555 571 3
555 619 6
555 811 8
555 1579 2
556 557 37
556 558 24
556 572 4
556 620 31
556 684 5
556 812 43
556 1580 7
557 559 36
557 573 12
557 621 22
557 685 3
557 813 80
557 1581 14
558 559 42
558 574 11
558 622 40
558 686 3
558 814 36
558 1582 12
559 575 47
559 623 32
559 687 1
559 815 63
559 1583 30
560 561 20
560 562 2
560 564 50
560 568 61
560 624 43
560 688 3
560 816 20
560 1584 1
561 563 16
561 565 132
561 569 115
561 625 51
561 689 3
561 817 78
561 1585 4
562 563 5
562 566 14
562 570 17
562 626 6
562 818 1
563 567 44
563 571 61
563 627 2
563 819 13
563 1587 1
564 565 11
564 566 5
564 572 22
564 628 17
564 692 1
564 820 33
565 567 25
565 573 50
565 629 21
565 693 3
565 821 117
565 1589 5
566 567 11
566 574 31
566 630 9
566 822 12
566 1590 1
567 575 100
567 631 17
567 823 76
567 1591 7
568 569 14
568 570 1
568 572 36
568 632 41
568 696 4
568 824 5
569 571 6
569 573 127
569 633 37
569 697 8
569 825 52
570 571 1
570 574 16
570 634 10
570 698 3
571 575 77
571 635 12
571 827 11
571 1595 1
572 573 16
572 574 4
572 636 19
572 700 1
572 828 28
572 1596 2
573 575 31
573 637 78
573 701 11
573 829 136
573 1597 6
574 575 31
574 638 24
574 830 23
575 639 192
575 703 9
575 831 200
575 1599 21
576 577 18
576 578 14
576 580 7
576 584 131
576 592 9
576 608 181
576 704 45
576 832 2
576 1600 7
577 579 1
577 585 11
577 593 8
577 609 19
577 705 2
578 579 1
578 582 8
578 586 62
578 594 4
578 610 8
578 706 2
579 583 2
579 587 2
579 595 1
579 1603 1
580 581 1
580 588 14
580 596 1
580 612 14
580 708 5
580 836 1
581 613 2
581 1605 1
582 583 3
582 590 29
582 598 3
582 614 6
582 710 3
582 1606 1
583 591 8
583 599 2
583 839 2
584 585 6
584 586 3
584 588 6
584 600 2
584 616 164
584 712 19
584 840 2
585 587 1
585 617 26
585 713 1
586 587 26
586 590 39
586 618 62
586 714 3
586 842 2
586 1610 3
587 591 12
587 603 3
587 619 24
587 715 1
587 843 4
587 1611 1
588 589 2
588 590 2
588 620 26
588 716 2
588 844 1
589 605 2
589 621 6
589 1613 1
590 591 24
590 606 6
590 622 83
590 718 18
590 846 11
590 1614 3
591 607 10
591 623 36
591 719 2
591 847 6
591 1615 5
592 593 5
592 594 1
592 596 7
592 600 85
592 624 1
592 720 10
593 595 2
593 597 6
593 601 60
593 625 4
593 721 4
593 849 1
594 598 1
594 602 16
594 626 1
594 722 1
595 599 3
595 603 11
595 851 1
596 597 1
596 598 1
596 604 24
596 724 6
596 852 1
597 599 3
597 605 20
597 725 2
597 853 2
597 1621 1
598 599 1
598 606 21
599 607 36
599 855 2
599 1623 1
600 601 49
600 602 16
600 604 87
600 632 29
600 728 141
600 856 7
600 1624 1
601 603 10
601 605 124
601 633 41
601 729 92
601 857 20
601 1625 4
602 603 34
602 606 86
602 634 4
602 730 5
602 858 4
602 1626 1
603 607 120
603 635 3
603 731 3
603 859 17
603 1627 1
604 605 23
604 606 15
604 636 33
604 732 66
604 860 29
604 1628 2
605 607 28
605 637 56
605 733 74
605 861 108
605 1629 7
606 607 95
606 638 23
606 734 64
606 862 66
606 1630 7
607 639 151
607 735 135
607 863 453
607 1631 72
608 609 55
608 610 87
608 612 44
608 616 302
608 624 38
608 736 27
608 864 52
608 1632 17
609 611 23
609 613 11
609 617 54
609 625 44
609 737 2
609 865 22
609 1633 12
610 611 15
610 614 22
610 618 92
610 626 24
610 738 2
610 866 5
610 1634 3
611 615 10
611 619 14
611 627 16
611 867 6
611 1635 1
612 613 7
612 614 21
612 620 28
612 628 7
612 740 3
612 868 17
612 1636 4
613 615 4
613 621 2
613 629 9
613 741 1
613 869 12
613 1637 1
614 615 3
614 622 39
614 630 17
614 870 12
614 1638 2
615 623 5
615 631 13
615 871 1
615 1639 3
616 617 122
616 618 121
616 620 317
616 632 24
616 744 81
616 872 102
616 1640 19
617 619 50
617 621 123
617 633 44
617 745 14
617 873 73
617 1641 28
618 619 57
618 622 270
618 634 11
618 746 8
618 874 21
618 1642 9
619 623 127
619 635 31
619 875 25
619 1643 10
620 621 95
620 622 144
620 636 30
620 748 19
620 876 134
620 1644 17
621 623 61
621 637 68
621 749 7
621 877 111
621 1645 17
622 623 173
622 638 124
622 750 20
622 878 266
622 1646 86
623 639 216
623 751 2
623 879 179
623 1647 81
624 625 12
624 626 4
624 628 15
624 632 137
624 752 4
624 880 7
624 1648 1
625 627 4
625 629 33
625 633 161
625 753 2
625 881 16
625 1649 1
626 627 5
626 630 7
626 634 40
626 882 4
627 631 11
627 635 29
627 883 2
627 1651 1
628 629 4
628 630 2
628 636 40
628 756 1
628 884 10
629 631 6
629 637 66
629 757 3
629 885 19
630 631 8
630 638 43
630 886 3
631 639 64
631 759 2
631 887 14
632 633 73
632 634 16
632 636 280
632 760 31
632 888 40
632 1656 1
633 635 30
633 637 356
633 761 34
633 889 165
633 1657 10
634 635 31
634 638 109
634 762 6
634 890 3
634 1658 3
635 639 189
635 763 3
635 891 45
635 1659 1
636 637 134
636 638 67
636 764 29
636 892 241
636 1660 2
637 639 216
637 765 133
637 893 584
637 1661 12
638 639 237
638 766 30
638 894 247
638 1662 4
639 767 153
639 895 1423
639 1663 116
640 641 146
640 642 45
640 644 57
640 648 129
640 656 48
640 672 44
640 704 589
640 896 137
640 1664 23
641 643 21
641 645 22
641 649 39
641 657 93
641 673 15
641 705 73
641 897 83
641 1665 17
642 643 12
642 646 20
642 650 17
642 658 11
642 674 2
642 706 49
642 898 14
642 1666 4
643 647 9
643 651 7
643 659 23
643 707 9
643 899 1
643 1667 2
644 645 14
644 646 9
644 652 10
644 660 8
644 708 30
644 900 26
644 1668 2
645 647 7
645 653 4
645 661 17
645 677 1
645 709 5
645 901 15
646 647 6
646 654 12
646 662 6
646 678 1
646 710 10
646 902 6
647 655 1
647 663 13
647 679 1
647 711 1
647 903 9
647 1671 2
648 649 53
648 650 9
648 652 41
648 664 9
648 680 34
648 712 225
648 904 34
648 1672 2
649 651 6
649 653 34
649 665 13
649 681 23
649 713 52
649 905 37
649 1673 6
650 651 11
650 654 24
650 666 3
650 682 4
650 714 47
650 906 8
651 655 19
651 667 6
651 683 4
651 715 17
651 907 5
651 1675 1
652 653 10
652 654 3
652 668 2
652 684 5
652 716 34
652 908 18
652 1676 1
653 655 3
653 669 9
653 685 3
653 717 10
653 909 32
653 1677 2
654 655 10
654 670 5
654 686 2
654 718 38
654 910 12
654 1678 1
655 671 12
655 687 1
655 719 12
655 911 15
655 1679 3
656 657 29
656 658 2
656 660 25
656 664 65
656 720 135
656 912 21
657 659 8
657 661 34
657 665 106
657 689 1
657 721 137
657 913 45
657 1681 2
658 659 1
658 662 6
658 666 18
658 722 19
658 914 3
659 663 11
659 667 38
659 723 11
659 915 8
659 1683 1
660 661 10
660 662 4
660 668 13
660 724 25
660 916 6
661 663 8
661 669 24
661 725 27
661 917 33
661 1685 2
662 663 3
662 670 12
662 726 5
662 918 3
663 671 23
663 727 13
663 919 20
664 665 13
664 668 31
664 696 1
664 728 153
664 920 7
665 667 2
665 669 60
665 697 3
665 729 139
665 921 35
666 667 4
666 670 17
666 730 27
667 671 33
667 731 27
667 923 8
668 669 15
668 670 2
668 732 44
668 924 11
669 671 7
669 701 2
669 733 99
669 925 52
669 1693 3
670 671 11
670 734 42
670 926 13
671 735 93
671 927 62
671 1695 2
672 673 23
672 674 8
672 676 10
672 680 8
672 688 13
672 736 31
672 928 38
672 1696 4
673 675 3
673 677 2
673 681 3
673 689 20
673 737 6
673 929 33
673 1697 4
674 675 2
674 690 2
674 738 4
674 930 5
675 683 2
675 931 5
676 677 1
676 678 1
676 684 3
676 692 2
676 740 2
676 932 10
677 693 1
677 933 5
678 934 2
679 935 3
680 681 19
680 682 2
680 684 16
680 696 2
680 744 39
680 936 35
680 1704 2
681 683 3
681 685 25
681 697 8
681 745 17
681 937 38
681 1705 4
682 683 1
682 686 2
682 746 7
683 687 4
683 699 2
683 747 4
683 939 3
684 685 5
684 686 2
684 700 2
684 748 5
684 940 21
685 701 3
685 749 5
685 941 31
686 750 8
686 942 3
687 943 5
687 1711 1
688 689 4
688 692 5
688 696 4
688 752 17
688 944 9
689 691 1
689 693 6
689 697 8
689 753 15
689 945 18
689 1713 2
690 694 1
690 698 1
690 754 2
691 695 2
691 699 1
691 755 1
692 693 1
692 694 1
692 756 3
692 948 5
693 701 4
693 757 1
693 949 7
694 695 2
695 703 1
695 759 1
695 951 2
696 697 3
696 700 1
696 760 7
696 952 4
697 701 14
697 761 11
697 953 19
698 702 1
698 762 1
698 954 3
699 703 2
699 955 1
700 701 1
700 764 5
700 956 1
701 765 19
701 957 18
702 958 1
703 767 6
703 959 7
703 1727 1
704 705 66
704 706 41
704 708 21
704 712 440
704 720 63
704 736 182
704 960 67
704 1728 9
705 707 9
705 709 3
705 713 55
705 721 39
705 737 47
705 961 21
705 1729 2
706 707 5
706 710 8
706 714 93
706 722 10
706 738 2
706 962 9
706 1730 1
707 711 4
707 715 13
707 723 10
707 963 2
708 709 10
708 710 5
708 716 27
708 724 6
708 740 10
708 964 7
708 1732 1
709 711 2
709 717 3
709 725 8
709 741 3
709 965 4
709 1733 1
710 711 4
710 718 13
710 726 7
710 742 4
710 966 3
711 719 4
711 727 5
711 967 2
712 713 61
712 714 20
712 716 36
712 728 14
712 744 574
712 968 41
712 1736 10
713 715 5
713 717 9
713 729 19
713 745 134
713 969 9
713 1737 4
714 715 33
714 718 74
714 730 10
714 746 65
714 970 10
714 1738 3
715 719 37
715 731 11
715 747 20
715 971 13
715 1739 3
716 717 12
716 718 7
716 732 8
716 748 56
716 972 19
716 1740 1
717 719 2
717 733 9
717 749 13
717 973 7
717 1741 3
718 719 29
718 734 21
718 750 51
718 974 48
718 1742 6
719 735 32
719 751 13
719 975 34
719 1743 10
720 721 24
720 722 2
720 724 9
720 728 287
720 752 2
720 976 14
721 723 5
721 725 17
721 729 214
721 753 2
721 977 17
722 723 2
722 726 4
722 730 35
722 754 2
722 978 1
723 727 4
723 731 37
723 979 1
724 725 8
724 732 43
724 980 6
725 733 53
725 757 2
725 981 18
726 727 3
726 734 21
727 735 27
727 983 2
728 729 294
728 730 29
728 732 349
728 760 40
728 984 149
728 1752 2
729 731 23
729 733 450
729 761 53
729 985 330
729 1753 8
730 731 23
730 734 106
730 762 7
730 986 22
730 1754 1
731 735 114
731 763 3
731 987 28
731 1755 1
732 733 177
732 734 28
732 764 17
732 988 321
732 1756 2
733 735 98
733 765 75
733 989 709
733 1757 18
734 735 121
734 766 12
734 990 190
734 1758 4
735 767 55
735 991 617
735 1759 20
736 737 37
736 738 34
736 740 29
736 744 117
736 752 63
736 992 109
736 1760 4
737 739 3
737 741 9
737 745 19
737 753 42
737 993 42
738 739 1
738 742 6
738 746 24
738 754 15
738 994 4
739 747 1
739 755 3
740 741 7
740 742 1
740 748 9
740 756 13
740 996 20
740 1764 1
741 743 2
741 749 3
741 757 6
741 997 10
741 1765 1
742 743 1
742 750 3
742 758 4
742 998 3
743 751 1
743 759 2
744 745 223
744 746 81
744 748 242
744 760 66
744 1000 384
744 1768 18
745 747 26
745 749 110
745 761 83
745 1001 219
745 1769 18
746 747 26
746 750 116
746 762 20
746 1002 35
746 1770 1
747 751 40
747 763 20
747 1003 21
747 1771 3
748 749 55
748 750 40
748 764 27
748 1004 213
748 1772 9
749 751 15
749 765 53
749 1005 117
749 1773 12
750 751 49
750 766 55
750 1006 136
750 1774 8
751 767 48
751 1007 69
751 1775 3
752 753 16
752 754 1
752 756 11
752 760 92
752 1008 27
753 755 2
753 757 7
753 761 66
753 1009 31
754 755 2
754 758 5
754 762 14
754 1010 2
755 763 11
755 1011 3
756 757 3
756 758 2
756 764 16
756 1012 11
757 765 9
757 1013 16
758 759 3
758 766 12
758 1014 1
759 767 7
759 1015 4
760 761 97
760 762 3
760 764 112
760 1016 69
760 1784 2
761 763 4
761 765 166
761 1017 210
761 1785 1
762 763 11
762 766 26
762 1018 19
763 767 33
763 1019 25
764 765 83
764 766 7
764 1020 126
764 1788 1
765 767 42
765 1021 522
765 1789 12
766 767 55
766 1022 91
766 1790 2
767 1023 419
767 1791 13
768 769 5
768 770 4
768 772 9
768 776 11
768 784 2
768 800 1
768 832 33
768 896 9
768 1792 7
769 771 2
769 773 3
769 777 6
769 785 3
769 833 6
769 1793 2
770 771 3
770 774 7
770 778 2
770 786 1
770 834 7
770 898 1
770 1794 4
771 775 3
771 779 2
771 787 2
771 803 1
771 835 1
771 899 2
771 1795 2
772 773 5
772 774 6
772 780 3
772 836 10
772 900 2
772 1796 6
773 775 5
773 781 3
773 789 6
773 837 2
773 901 1
773 1797 7
774 775 4
774 782 10
774 790 5
774 838 8
774 1798 4
775 783 8
775 791 9
775 839 2
775 903 2
775 1799 10
776 777 1
776 778 1
776 780 3
776 840 6
776 904 3
777 781 1
777 793 1
777 841 2
777 905 6
778 779 2
778 782 3
778 842 1
778 906 1
779 783 5
779 795 2
779 811 2
779 843 3
779 907 1
779 1803 4
780 781 1
780 782 2
780 844 5
780 908 3
780 1804 1
781 783 3
781 797 1
781 845 4
782 783 6
782 798 1
782 846 19
782 910 5
782 1806 4
783 799 8
783 847 15
783 911 3
783 1807 21
784 785 1
784 788 1
784 792 2
784 848 4
784 912 2
785 789 3
785 793 5
785 849 5
785 913 1
785 1809 1
786 794 1
787 791 5
787 795 4
787 851 1
788 790 1
788 796 1
788 852 4
788 916 2
789 791 2
789 797 13
789 853 17
789 917 1
789 1813 3
790 791 1
790 798 1
790 854 8
791 799 26
791 855 16
791 1815 2
792 796 1
792 856 3
792 920 1
793 797 5
793 857 8
793 921 3
794 858 1
795 799 9
795 859 4
796 860 8
796 924 2
797 799 7
797 861 56
797 925 16
797 1821 2
798 799 5
798 862 16
798 926 1
799 863 207
799 927 26
799 1823 18
800 801 12
800 802 15
800 804 27
800 808 8
800 816 9
800 864 43
800 928 8
800 1824 9
801 803 14
801 805 15
801 809 6
801 817 14
801 865 17
801 929 3
801 1825 23
802 803 3
802 806 15
802 810 7
802 818 6
802 866 5
802 1826 3
803 807 9
803 811 5
803 819 13
803 867 1
803 1827 5
804 805 8
804 806 19
804 812 4
804 820 17
804 868 24
804 932 2
804 1828 12
805 807 12
805 813 4
805 821 24
805 869 1
805 1829 17
806 807 6
806 814 13
806 822 19
806 870 16
806 934 1
806 1830 21
807 815 6
807 823 27
807 871 4
807 1831 20
808 809 6
808 810 2
808 812 10
808 872 14
808 936 4
808 1832 2
809 811 5
809 813 17
809 825 5
809 873 13
809 937 4
809 1833 16
810 811 2
810 814 11
810 874 4
811 815 14
811 827 5
811 875 2
811 939 1
812 813 13
812 814 14
812 828 4
812 876 18
812 940 2
812 1836 10
813 815 28
813 829 21
813 877 24
813 941 3
813 1837 43
814 815 17
814 830 13
814 878 29
814 942 1
814 1838 14
815 831 43
815 879 36
815 943 3
815 1839 53
816 817 4
816 820 10
816 824 14
816 880 19
816 944 1
817 819 6
817 821 53
817 825 43
817 881 55
817 1841 5
818 822 2
818 826 7
818 882 1
818 1842 1
819 823 21
819 827 15
819 883 5
819 1843 1
820 821 8
820 822 4
820 828 18
820 884 43
821 823 35
821 829 105
821 885 108
821 949 3
821 1845 23
822 823 1
822 830 26
822 886 18
822 950 2
822 1846 1
823 831 124
823 887 75
823 951 1
823 1847 33
824 828 11
824 888 13
825 829 67
825 889 42
825 953 6
825 1849 2
826 830 6
826 890 2
827 831 25
827 891 8
827 1851 1
828 829 5
828 830 3
828 892 51
828 956 4
828 1852 1
829 831 36
829 893 291
829 957 28
829 1853 37
830 831 10
830 894 67
830 958 1
830 1854 2
831 895 482
831 959 14
831 1855 94
832 833 3
832 834 3
832 836 1
832 840 20
832 848 3
832 864 1
832 960 8
832 1856 3
833 835 2
833 841 3
833 849 4
833 961 2
833 1857 1
834 838 4
834 842 6
834 962 1
835 839 2
835 843 2
836 837 2
836 838 3
836 844 6
836 852 1
836 964 1
837 839 1
837 845 1
837 853 1
837 965 1
838 846 9
838 854 3
838 966 1
838 1862 2
839 847 3
839 855 3
839 1863 1
840 841 2
840 842 3
840 844 4
840 872 1
840 968 18
841 857 2
841 969 3
841 1865 2
842 843 2
842 846 8
842 858 1
842 970 7
842 1866 1
843 847 8
843 859 2
843 1867 2
844 846 8
844 860 1
844 876 3
844 972 5
844 1868 1
845 847 2
845 973 1
845 1869 2
846 847 7
846 862 14
846 878 5
846 974 25
846 1870 12
847 863 19
847 879 3
847 975 5
847 1871 15
848 849 2
848 852 1
848 856 6
848 976 3
849 851 1
849 853 4
849 857 10
849 977 3
850 858 1
851 859 3
852 853 1
852 860 6
852 980 3
853 855 1
853 861 19
853 981 4
853 1877 3
854 855 2
854 862 10
854 982 1
855 863 27
855 1879 1
856 857 1
856 858 3
856 860 4
856 984 20
857 859 2
857 861 25
857 985 35
857 1881 1
858 859 2
858 862 17
858 986 1
859 863 36
859 987 2
859 1883 1
860 861 4
860 862 11
860 988 39
860 1884 2
861 863 88
861 893 2
861 989 132
861 1885 26
862 863 58
862 990 95
862 1886 7
863 895 25
863 991 501
863 1887 560
864 865 11
864 866 13
864 868 11
864 872 54
864 880 10
864 992 11
864 1888 10
865 867 9
865 869 6
865 873 13
865 881 17
865 993 2
865 1889 5
866 867 2
866 870 9
866 874 9
866 882 4
866 994 1
866 1890 1
867 871 3
867 875 7
867 883 8
867 1891 1
868 869 2
868 870 21
868 876 19
868 884 7
868 996 1
868 1892 7
869 871 5
869 877 6
869 885 6
869 1893 4
870 871 3
870 878 30
870 886 16
870 998 2
870 1894 9
871 879 5
871 887 10
871 1895 2
872 873 18
872 874 32
872 876 52
872 888 14
872 1000 48
872 1896 21
873 875 18
873 877 42
873 889 30
873 1001 8
873 1897 34
874 875 8
874 878 46
874 890 7
874 1002 3
874 1898 8
875 879 33
875 891 18
875 1003 1
875 1899 14
876 877 37
876 878 90
876 892 21
876 1004 27
876 1900 60
877 879 62
877 893 82
877 1005 11
877 1901 70
878 879 93
878 894 195
878 1006 27
878 1902 174
879 895 267
879 1007 10
879 1903 150
880 881 4
880 882 2
880 884 10
880 888 50
880 1008 1
881 883 10
881 885 18
881 889 91
881 1009 1
881 1905 1
882 883 1
882 886 6
882 890 6
883 887 8
883 891 21
883 1907 1
884 885 11
884 886 2
884 892 66
884 1908 2
885 887 17
885 893 166
885 1013 6
885 1909 13
886 887 5
886 894 41
886 1014 1
886 1910 2
887 895 143
887 1911 14
888 889 18
888 890 6
888 892 122
888 1016 36
888 1912 3
889 891 32
889 893 297
889 1017 95
889 1913 38
890 891 6
890 894 46
891 895 147
891 1019 1
891 1915 11
892 893 171
892 894 222
892 1020 131
892 1916 53
893 895 910
893 1021 489
893 1917 515
894 895 640
894 1022 123
894 1918 194
895 1023 1039
895 1919 4022
896 897 13
896 898 6
896 900 9
896 904 13
896 912 10
896 960 153
896 1920 5
897 899 6
897 901 7
897 905 3
897 913 32
897 961 45
897 1921 14
898 899 1
898 902 4
898 906 7
898 914 2
898 962 16
898 1922 1
899 903 1
899 907 2
899 915 6
899 963 3
899 1923 1
900 901 2
900 902 2
900 908 4
900 916 6
900 964 27
900 1924 1
901 903 3
901 917 10
901 965 5
901 1925 7
902 910 1
902 918 1
902 966 13
903 919 10
903 967 3
903 1927 2
904 905 4
904 908 3
904 968 53
905 907 2
905 909 12
905 921 5
905 969 33
905 1929 4
906 907 2
906 910 7
906 970 13
907 911 3
907 923 1
907 939 1
907 971 6
907 1931 1
908 909 1
908 910 2
908 924 2
908 972 22
908 1932 1
909 911 3
909 925 12
909 973 26
909 1933 9
910 911 3
910 926 3
910 974 24
911 927 13
911 975 11
911 1935 7
912 913 4
912 916 6
912 920 9
912 976 42
913 915 1
913 917 16
913 921 26
913 977 92
914 915 1
914 918 2
914 922 3
914 978 4
915 919 13
915 923 6
915 979 11
916 917 1
916 918 2
916 924 2
916 980 16
917 919 5
917 925 16
917 981 61
917 1941 2
918 919 2
918 926 1
918 982 8
919 927 19
919 983 41
919 1943 2
920 921 2
920 924 3
920 984 15
921 925 25
921 953 1
921 985 58
922 923 2
922 986 3
923 927 7
923 987 12
924 925 3
924 988 18
925 927 5
925 989 141
925 1949 1
926 990 27
927 991 201
927 1951 5
928 929 5
928 930 2
928 932 6
928 936 4
928 944 6
928 992 36
929 931 3
929 933 5
929 945 18
929 993 12
929 1953 6
930 934 1
930 938 1
930 946 3
930 994 3
931 935 2
931 939 2
931 947 2
931 995 1
931 1955 1
932 933 5
932 948 4
932 996 9
932 1956 1
933 935 2
933 949 9
933 997 3
933 1957 1
934 942 1
934 950 1
934 998 2
935 951 5
935 999 1
935 1959 1
936 937 4
936 938 4
936 940 6
936 1000 34
936 1960 4
937 939 3
937 941 17
937 953 6
937 1001 17
937 1961 12
938 939 2
938 954 1
938 1002 2
939 943 5
939 955 3
939 1003 7
940 941 4
940 942 1
940 956 3
940 1004 19
940 1964 3
941 943 4
941 957 21
941 1005 13
941 1965 19
942 943 1
942 958 1
942 1006 3
942 1966 1
943 959 8
943 1007 5
943 1967 5
944 945 2
944 948 2
944 952 3
944 1008 22
945 947 1
945 949 18
945 953 12
945 1009 33
946 954 3
946 1010 2
947 951 2
947 955 3
947 1011 2
948 956 3
948 1012 16
949 951 2
949 957 9
949 1013 40
949 1973 5
950 951 1
950 958 1
950 1014 1
951 959 6
951 1015 8
951 1975 2
952 953 2
952 956 3
952 1016 6
953 957 16
953 1017 36
953 1977 1
954 958 4
954 1018 5
955 959 7
955 1019 2
956 957 2
956 1020 14
957 1021 115
957 1981 2
958 959 2
958 1022 8
959 1023 60
959 1983 6
960 961 35
960 962 16
960 964 24
960 968 179
960 976 59
960 992 2
960 1984 6
961 963 9
961 965 7
961 969 42
961 977 51
961 1985 6
962 963 1
962 966 7
962 970 31
962 978 11
962 1986 1
963 971 6
963 979 10
964 965 8
964 966 3
964 972 30
964 980 18
964 1988 3
965 973 3
965 981 20
965 997 1
965 1989 1
966 967 2
966 974 19
966 982 10
967 975 2
967 983 5
968 969 69
968 970 73
968 972 148
968 984 37
968 1000 20
968 1992 42
969 971 19
969 973 58
969 985 56
969 1001 8
969 1993 33
970 971 15
970 974 108
970 986 20
970 1002 3
970 1994 14
971 975 36
971 987 22
971 1003 1
971 1995 6
972 973 58
972 974 65
972 988 69
972 1004 16
972 1996 23
973 975 32
973 989 89
973 1005 6
973 1997 30
974 975 67
974 990 169
974 1006 12
974 1998 52
975 991 153
975 1007 2
975 1999 33
976 977 17
976 978 3
976 980 20
976 984 166
977 979 3
977 981 42
977 985 198
977 2001 3
978 982 5
978 986 25
979 983 10
979 987 25
980 981 13
980 982 1
980 988 76
981 983 16
981 989 166
981 2005 10
982 983 3
982 990 29
983 991 87
983 2007 1
984 985 151
984 986 27
984 988 357
984 1016 2
984 2008 10
985 987 49
985 989 818
985 1017 14
985 2009 66
986 987 20
986 990 126
987 991 175
987 1019 2
987 2011 5
988 989 537
988 990 329
988 1020 3
988 2012 86
989 991 1460
989 1021 62
989 2013 1231
990 991 943
990 1022 3
990 2014 141
991 1023 686
991 2015 3933
992 993 24
992 994 12
992 996 30
992 1000 60
992 1008 60
992 2016 7
993 995 7
993 997 6
993 1001 15
993 1009 53
993 2017 6
994 995 1
994 998 4
994 1002 9
994 1010 6
994 2018 2
995 999 2
995 1003 1
995 1011 6
996 997 7
996 998 8
996 1004 17
996 1012 25
996 2020 4
997 999 2
997 1005 3
997 1013 23
998 1006 7
998 1014 11
998 2022 1
999 1007 1
999 1015 4
1000 1001 142
1000 1002 60
1000 1004 216
1000 1016 122
1000 2024 66
1001 1003 45
1001 1005 121
1001 1017 181
1001 2025 84
1002 1003 19
1002 1006 74
1002 1018 23
1002 2026 2
1003 1007 39
1003 1019 47
1003 2027 10
1004 1005 159
1004 1006 134
1004 1020 164
1004 2028 65
1005 1007 54
1005 1021 297
1005 2029 88
1006 1007 99
1006 1022 254
1006 2030 49
1007 1023 219
1007 2031 61
1008 1009 22
1008 1010 1
1008 1012 23
1008 1016 103
1008 2032 1
1009 1011 5
1009 1013 45
1009 1017 125
1009 2033 4
1010 1014 1
1010 1018 11
1011 1015 8
1011 1019 15
1012 1013 16
1012 1014 6
1012 1020 68
1013 1015 23
1013 1021 136
1013 2037 20
1014 1015 5
1014 1022 20
1015 1023 63
1015 2039 2
1016 1017 155
1016 1018 13
1016 1020 241
1016 2040 14
1017 1019 57
1017 1021 806
1017 2041 65
1018 1019 14
1018 1022 66
1018 2042 2
1019 1023 170
1019 2043 8
1020 1021 522
1020 1022 216
1020 2044 53
1021 1023 2050
1021 2045 1219
1022 1023 750
1022 2046 69
1023 2047 6098
1024 1025 20
1024 1026 82
1024 1028 35
1024 1032 89
1024 1040 26
1024 1056 2307
1024 1088 72
1024 1152 2
1024 1280 19
1024 1536 33
1025 1027 22
1025 1029 8
1025 1033 23
1025 1041 37
1025 1057 660
1025 1089 4
1025 1281 2
1025 1537 3
1026 1027 13
1026 1030 71
1026 1034 158
1026 1042 39
1026 1058 527
1026 1090 41
1026 1154 5
1026 1282 13
1026 1538 26
1027 1031 48
1027 1035 41
1027 1043 77
1027 1059 243
1027 1091 11
1027 1155 2
1027 1283 11
1027 1539 11
1028 1029 7
1028 1030 8
1028 1036 8
1028 1044 8
1028 1060 153
1028 1092 5
1028 1156 1
1028 1284 3
1028 1540 2
1029 1031 5
1029 1037 1
1029 1045 13
1029 1061 81
1029 1093 1
1029 1157 1
1029 1285 2
1030 1031 8
1030 1038 70
1030 1046 67
1030 1062 133
1030 1094 17
1030 1286 20
1030 1542 4
1031 1039 20
1031 1047 117
1031 1063 79
1031 1095 3
1031 1287 10
1031 1543 8
1032 1033 1
1032 1034 1
1032 1036 1
1032 1064 128
1032 1096 4
1033 1065 48
1033 1097 1
1034 1035 2
1034 1038 45
1034 1050 4
1034 1066 137
1034 1098 12
1034 1162 1
1034 1546 8
1035 1039 19
1035 1051 6
1035 1067 61
1035 1099 2
1035 1163 1
1035 1547 3
1036 1068 13
1037 1069 6
1038 1039 4
1038 1054 5
1038 1070 139
1038 1102 17
1038 1166 1
1038 1294 3
1038 1550 11
1039 1055 14
1039 1071 105
1039 1103 4
1039 1295 4
1039 1551 1
1040 1044 5
1040 1048 12
1040 1072 14
1040 1104 9
1040 1168 1
1040 1552 2
1041 1043 3
1041 1045 7
1041 1049 32
1041 1073 18
1041 1105 8
1041 1169 1
1041 1297 5
1041 1553 6
1042 1046 8
1042 1050 26
1042 1074 3
1042 1106 4
1042 1170 1
1042 1554 1
1043 1047 28
1043 1051 68
1043 1075 10
1043 1107 8
1043 1299 6
1043 1555 10
1044 1045 1
1044 1046 2
1044 1052 4
1044 1076 3
1044 1108 2
1044 1556 2
1045 1047 9
1045 1053 17
1045 1077 3
1045 1109 2
1045 1173 1
1045 1301 6
1045 1557 9
1046 1047 3
1046 1054 57
1046 1110 21
1046 1302 2
1046 1558 2
1047 1055 179
1047 1079 6
1047 1111 32
1047 1303 16
1047 1559 27
1048 1052 3
1048 1080 2
1048 1112 5
1048 1304 1
1048 1560 2
1049 1053 7
1049 1081 12
1049 1113 4
1049 1561 15
1050 1054 17
1050 1082 2
1050 1114 9
1050 1562 4
1051 1055 43
1051 1083 16
1051 1115 3
1051 1307 3
1051 1563 14
1052 1053 1
1052 1116 4
1052 1308 1
1052 1564 1
1053 1055 3
1053 1085 12
1053 1117 8
1053 1181 1
1053 1309 2
1053 1565 5
1054 1055 6
1054 1086 5
1054 1118 43
1054 1182 2
1054 1310 9
1054 1566 16
1055 1087 65
1055 1119 90
1055 1183 3
1055 1311 64
1055 1567 126
1056 1057 305
1056 1058 819
1056 1060 383
1056 1064 392
1056 1072 442
1056 1120 393
1056 1184 8
1056 1312 477
1056 1568 296
1057 1059 319
1057 1061 224
1057 1065 107
1057 1073 689
1057 1121 83
1057 1185 2
1057 1313 268
1057 1569 95
1058 1059 105
1058 1062 540
1058 1066 334
1058 1074 306
1058 1122 129
1058 1314 173
1058 1570 112
1059 1063 242
1059 1067 101
1059 1075 432
1059 1123 24
1059 1315 116
1059 1571 35
1060 1061 47
1060 1062 241
1060 1068 45
1060 1076 129
1060 1124 51
1060 1188 1
1060 1316 128
1060 1572 37
1061 1063 104
1061 1069 8
1061 1077 242
1061 1125 7
1061 1317 117
1061 1573 7
1062 1063 68
1062 1070 130
1062 1078 502
1062 1126 61
1062 1318 227
1062 1574 57
1063 1071 29
1063 1079 443
1063 1127 10
1063 1319 125
1063 1575 19
1064 1065 78
1064 1066 94
1064 1068 155
1064 1080 21
1064 1128 95
1064 1192 7
1064 1320 51
1064 1576 98
1065 1067 61
1065 1069 99
1065 1081 53
1065 1129 26
1065 1193 1
1065 1321 56
1065 1577 58
1066 1067 62
1066 1070 339
1066 1082 37
1066 1130 60
1066 1194 1
1066 1322 41
1066 1578 62
1067 1071 182
1067 1083 64
1067 1131 21
1067 1323 39
1067 1579 41
1068 1069 48
1068 1070 80
1068 1084 13
1068 1132 37
1068 1196 1
1068 1324 34
1068 1580 24
1069 1071 58
1069 1085 65
1069 1133 18
1069 1325 62
1069 1581 26
1070 1071 143
1070 1086 200
1070 1134 90
1070 1326 192
1070 1582 107
1071 1087 351
1071 1135 43
1071 1199 3
1071 1327 174
1071 1583 72
1072 1073 59
1072 1074 12
1072 1076 74
1072 1080 117
1072 1136 73
1072 1200 1
1072 1328 44
1072 1584 86
1073 1075 45
1073 1077 176
1073 1081 210
1073 1137 67
1073 1329 174
1073 1585 164
1074 1075 13
1074 1078 88
1074 1082 139
1074 1138 31
1074 1330 27
1074 1586 33
1075 1079 183
1075 1083 163
1075 1139 28
1075 1331 112
1075 1587 48
1076 1077 31
1076 1078 16
1076 1084 45
1076 1140 37
1076 1204 1
1076 1332 58
1076 1588 22
1077 1079 61
1077 1085 129
1077 1141 34
1077 1205 2
1077 1333 193
1077 1589 78
1078 1079 33
1078 1086 249
1078 1142 127
1078 1334 147
1078 1590 59
1079 1087 364
1079 1143 39
1079 1335 307
1079 1591 124
1080 1081 29
1080 1082 2
1080 1084 40
1080 1144 30
1080 1336 8
1080 1592 36
1081 1083 6
1081 1085 136
1081 1145 32
1081 1209 1
1081 1337 49
1081 1593 91
1082 1083 14
1082 1086 111
1082 1146 27
1082 1338 5
1082 1594 24
1083 1087 165
1083 1147 17
1083 1339 35
1083 1595 56
1084 1085 14
1084 1086 7
1084 1148 33
1084 1212 2
1084 1340 25
1084 1596 18
1085 1087 29
1085 1149 72
1085 1213 8
1085 1341 129
1085 1597 130
1086 1087 101
1086 1150 180
1086 1214 1
1086 1342 133
1086 1598 160
1087 1151 205
1087 1215 6
1087 1343 511
1087 1599 425
1088 1089 1
1088 1090 2
1088 1092 1
1088 1096 6
1088 1120 120
1089 1097 1
1089 1121 11
1090 1091 1
1090 1094 1
1090 1098 24
1090 1122 44
1091 1095 1
1091 1099 3
1091 1107 1
1091 1123 13
1092 1093 1
1092 1124 6
1092 1220 1
1092 1348 1
1093 1095 1
1093 1109 1
1093 1125 2
1094 1102 9
1094 1110 2
1094 1126 17
1095 1103 1
1095 1111 1
1095 1127 6
1096 1128 14
1097 1129 2
1098 1099 1
1098 1102 3
1098 1130 47
1098 1610 3
1099 1131 15
1102 1134 40
1102 1358 1
1102 1614 1
1103 1135 10
1103 1359 1
1104 1112 9
1104 1136 3
1104 1616 1
1105 1109 1
1105 1113 3
1105 1137 6
1105 1361 1
1106 1114 4
1107 1115 7
1107 1139 2
1107 1363 2
1107 1619 1
1108 1116 1
1108 1140 1
1109 1111 1
1109 1117 3
1109 1141 4
1110 1118 20
1110 1142 1
1110 1366 1
1110 1622 2
1111 1119 35
1111 1143 5
1111 1623 1
1112 1144 10
1112 1624 5
1113 1115 1
1113 1117 1
1113 1145 3
1113 1625 3
1114 1118 6
1114 1146 1
1114 1626 6
1115 1119 3
1115 1147 3
1115 1371 1
1115 1627 8
1116 1148 4
1116 1628 2
1117 1119 1
1117 1149 17
1117 1629 1
1118 1119 5
1118 1150 15
1118 1374 7
1118 1630 48
1119 1151 73
1119 1375 12
1119 1631 92
1120 1121 25
1120 1122 142
1120 1124 50
1120 1128 368
1120 1136 86
1120 1248 3
1120 1376 74
1120 1632 77
1121 1123 37
1121 1125 15
1121 1129 56
1121 1137 95
1121 1377 33
1121 1633 13
1122 1123 8
1122 1126 42
1122 1130 264
1122 1138 61
1122 1378 19
1122 1634 24
1123 1127 12
1123 1131 69
1123 1139 42
1123 1379 9
1123 1635 3
1124 1125 10
1124 1126 35
1124 1132 42
1124 1140 29
1124 1252 4
1124 1380 19
1124 1636 4
1125 1127 8
1125 1133 7
1125 1141 26
1125 1381 9
1125 1637 3
1126 1127 11
1126 1134 101
1126 1142 73
1126 1382 13
1126 1638 8
1127 1135 10
1127 1143 40
1127 1383 7
1127 1639 1
1128 1129 49
1128 1130 144
1128 1132 109
1128 1144 37
1128 1256 11
1128 1384 62
1128 1640 145
1129 1131 38
1129 1133 54
1129 1145 40
1129 1385 23
1129 1641 42
1130 1131 31
1130 1134 315
1130 1146 64
1130 1258 1
1130 1386 33
1130 1642 140
1131 1135 115
1131 1147 55
1131 1387 27
1131 1643 37
1132 1133 33
1132 1134 57
1132 1148 25
1132 1260 5
1132 1388 46
1132 1644 42
1133 1135 40
1133 1149 61
1133 1389 34
1133 1645 14
1134 1135 85
1134 1150 252
1134 1262 3
1134 1390 193
1134 1646 162
1135 1151 253
1135 1391 97
1135 1647 76
1136 1137 9
1136 1138 5
1136 1140 11
1136 1144 100
1136 1392 14
1136 1648 27
1137 1139 4
1137 1141 20
1137 1145 105
1137 1393 36
1137 1649 26
1138 1139 2
1138 1142 9
1138 1146 73
1138 1394 4
1138 1650 9
1139 1143 16
1139 1147 51
1139 1267 1
1139 1395 10
1139 1651 5
1140 1141 4
1140 1142 5
1140 1148 55
1140 1396 6
1140 1652 8
1141 1143 10
1141 1149 51
1141 1397 21
1141 1653 12
1142 1143 3
1142 1150 194
1142 1398 9
1142 1654 15
1143 1151 103
1143 1271 1
1143 1399 19
1143 1655 4
1144 1145 5
1144 1146 5
1144 1148 44
1144 1400 15
1144 1656 115
1145 1147 6
1145 1149 67
1145 1273 2
1145 1401 33
1145 1657 84
1146 1147 11
1146 1150 92
1146 1402 6
1146 1658 62
1147 1151 82
1147 1403 20
1147 1659 51
1148 1149 36
1148 1150 10
1148 1276 2
1148 1404 29
1148 1660 85
1149 1151 27
1149 1277 4
1149 1405 156
1149 1661 133
1150 1151 103
1150 1406 178
1150 1662 477
1151 1279 13
1151 1407 465
1151 1663 467
1152 1153 2
1152 1154 5
1152 1156 2
1152 1160 6
1152 1168 4
1152 1184 57
1152 1216 14
1152 1408 5
1152 1664 25
1153 1155 4
1153 1157 1
1153 1161 5
1153 1169 11
1153 1185 25
1153 1217 1
1153 1409 4
1153 1665 7
1154 1155 1
1154 1158 2
1154 1162 4
1154 1170 3
1154 1186 7
1154 1218 8
1154 1410 1
1154 1666 9
1155 1163 2
1155 1171 6
1155 1187 6
1155 1411 1
1155 1667 5
1156 1164 2
1156 1172 1
1156 1188 6
1156 1220 3
1156 1412 1
1156 1668 3
1157 1159 1
1157 1165 1
1157 1173 3
1157 1189 7
1158 1166 1
1158 1174 1
1158 1190 1
1158 1414 1
1159 1175 3
1160 1162 2
1160 1192 8
1160 1224 1
1160 1672 2
1161 1193 10
1161 1225 1
1162 1166 3
1162 1178 2
1162 1194 2
1162 1418 1
1162 1674 2
1163 1167 1
1163 1179 1
1163 1195 2
1163 1675 2
1164 1196 3
1164 1228 1
1165 1197 1
1165 1677 1
1166 1167 2
1166 1182 2
1166 1198 2
1166 1230 3
1166 1422 2
1166 1678 2
1167 1183 3
1167 1231 1
1167 1423 1
1167 1679 2
1168 1169 1
1168 1176 2
1168 1200 1
1168 1232 1
1169 1177 5
1169 1201 1
1169 1233 2
1169 1425 4
1169 1681 8
1170 1202 1
1170 1234 1
1170 1682 2
1171 1179 2
1171 1427 2
1171 1683 2
1172 1180 1
1173 1181 1
1173 1205 1
1173 1237 1
1173 1429 1
1173 1685 2
1174 1238 1
1174 1430 1
1175 1183 1
1175 1239 1
1175 1431 1
1176 1240 1
1176 1688 2
1177 1181 1
1177 1433 1
1177 1689 3
1178 1242 1
1178 1434 1
1179 1183 1
1179 1243 1
1179 1691 1
1180 1244 1
1181 1437 1
1181 1693 2
1182 1246 3
1182 1694 1
1183 1247 3
1183 1439 3
1183 1695 3
1184 1185 5
1184 1186 10
1184 1188 1
1184 1192 2
1184 1200 13
1184 1248 7
1184 1440 12
1184 1696 23
1185 1187 1
1185 1193 1
1185 1201 17
1185 1249 1
1185 1441 5
1185 1697 12
1186 1190 1
1186 1194 1
1186 1202 8
1186 1250 2
1186 1442 5
1186 1698 5
1187 1191 2
1187 1203 4
1187 1251 1
1187 1443 1
1187 1699 1
1188 1189 2
1188 1190 3
1188 1204 1
1188 1252 1
1188 1444 2
1188 1700 1
1189 1191 1
1189 1205 2
1189 1253 1
1189 1445 4
1189 1701 1
1190 1206 2
1190 1254 2
1190 1702 2
1191 1207 3
1191 1703 1
1192 1193 1
1192 1196 2
1192 1256 4
1192 1448 1
1192 1704 12
1193 1197 1
1193 1209 2
1193 1257 1
1193 1449 4
1193 1705 9
1194 1198 1
1194 1258 1
1194 1706 2
1195 1707 2
1196 1198 3
1196 1212 1
1196 1452 3
1196 1708 1
1197 1199 1
1197 1453 1
1198 1199 2
1198 1214 1
1198 1454 1
1198 1710 3
1199 1215 3
1199 1263 3
1199 1455 2
1199 1711 1
1200 1201 1
1200 1208 1
1200 1264 4
1200 1456 1
1200 1712 8
1201 1205 2
1201 1209 1
1201 1265 1
1201 1457 7
1201 1713 11
1202 1210 3
1202 1266 1
1202 1458 1
1202 1714 4
1203 1267 1
1203 1459 1
1203 1715 2
1204 1205 1
1204 1716 1
1205 1213 4
1205 1269 1
1205 1461 2
1205 1717 1
1206 1270 1
1206 1718 1
1207 1271 1
1207 1719 2
1208 1464 1
1209 1273 1
1209 1465 1
1209 1721 2
1210 1214 2
1210 1274 1
1212 1276 1
1212 1468 1
1212 1724 1
1213 1277 5
1213 1469 6
1213 1725 1
1214 1470 1
1214 1726 3
1215 1279 1
1215 1471 8
1216 1224 2
1216 1248 19
1216 1728 5
1217 1249 8
1218 1222 1
1218 1226 3
1218 1250 7
1218 1474 1
1219 1235 1
1220 1221 1
1220 1252 5
1220 1732 1
1221 1237 1
1222 1230 1
1222 1254 2
1224 1256 4
1225 1257 1
1226 1258 4
1227 1739 1
1228 1260 1
1230 1246 1
1230 1262 5
1230 1486 1
1230 1742 1
1231 1263 3
1232 1240 1
1232 1744 1
1233 1745 2
1234 1242 2
1235 1243 1
1237 1269 1
1237 1749 1
1238 1750 1
1239 1247 1
1239 1495 1
1240 1244 1
1240 1272 1
1241 1273 1
1242 1754 3
1243 1755 2
1244 1276 1
1244 1756 1
1245 1247 1
1245 1757 1
1246 1502 2
1246 1758 2
1247 1279 2
1247 1503 5
1247 1759 1
1248 1250 3
1248 1252 2
1248 1256 9
1248 1264 6
1248 1504 6
1248 1760 9
1249 1251 1
1249 1257 3
1249 1265 6
1249 1505 1
1249 1761 5
1250 1254 3
1250 1258 1
1250 1266 3
1250 1506 3
1250 1762 4
1251 1255 1
1251 1507 1
1252 1253 1
1252 1260 2
1252 1268 3
1252 1508 4
1252 1764 2
1253 1261 1
1253 1269 1
1254 1262 2
1254 1270 5
1254 1766 1
1255 1271 1
1255 1511 1
1256 1257 2
1256 1260 2
1256 1272 1
1256 1512 12
1256 1768 18
1257 1259 2
1257 1261 1
1257 1513 3
1257 1769 9
1258 1262 1
1258 1514 2
1258 1770 5
1259 1263 1
1259 1275 4
1259 1771 2
1260 1262 5
1260 1276 1
1260 1516 3
1260 1772 2
1261 1263 1
1261 1517 2
1261 1773 2
1262 1278 6
1262 1518 8
1262 1774 6
1263 1279 9
1263 1519 2
1264 1265 1
1264 1268 2
1264 1272 4
1264 1520 2
1264 1776 3
1265 1273 3
1265 1521 2
1265 1777 4
1266 1270 1
1266 1274 3
1266 1522 1
1267 1275 2
1267 1779 1
1268 1269 1
1268 1276 2
1268 1780 2
1269 1277 2
1269 1525 1
1269 1781 1
1270 1278 4
1270 1782 3
1271 1279 3
1272 1528 2
1272 1784 4
1273 1277 2
1273 1529 3
1273 1785 4
1274 1275 1
1274 1278 1
1274 1786 3
1275 1279 1
1275 1531 2
1275 1787 5
1276 1277 2
1276 1278 1
1276 1532 1
1276 1788 4
1277 1533 16
1277 1789 2
1278 1279 1
1278 1534 4
1278 1790 7
1279 1535 35
1279 1791 3
1280 1281 6
1280 1282 26
1280 1284 11
1280 1288 28
1280 1296 10
1280 1312 28
1280 1344 84
1280 1408 2
1280 1792 5
1281 1283 20
1281 1285 10
1281 1289 13
1281 1297 34
1281 1313 13
1281 1345 12
1281 1409 2
1281 1793 3
1282 1283 3
1282 1286 21
1282 1290 27
1282 1298 9
1282 1314 9
1282 1346 21
1282 1410 1
1282 1794 1
1283 1287 18
1283 1291 13
1283 1299 31
1283 1315 6
1283 1347 4
1284 1285 2
1284 1286 13
1284 1292 3
1284 1300 12
1284 1316 6
1284 1348 16
1285 1287 8
1285 1293 2
1285 1301 25
1285 1317 1
1285 1413 1
1285 1797 1
1286 1287 4
1286 1294 28
1286 1302 56
1286 1318 1
1286 1350 22
1286 1798 5
1287 1295 17
1287 1303 70
1287 1319 3
1287 1351 2
1287 1799 1
1288 1290 4
1288 1292 4
1288 1320 7
1288 1352 15
1288 1416 2
1288 1800 1
1289 1291 3
1289 1293 4
1289 1305 3
1289 1321 3
1289 1353 3
1289 1801 3
1290 1294 16
1290 1322 10
1290 1354 12
1291 1295 12
1291 1307 2
1291 1323 6
1291 1355 3
1292 1293 3
1292 1294 3
1292 1308 1
1292 1356 4
1292 1420 1
1293 1295 4
1293 1325 3
1293 1357 4
1293 1421 1
1293 1805 1
1294 1295 5
1294 1310 15
1294 1326 4
1294 1358 34
1294 1422 2
1294 1806 2
1295 1311 66
1295 1327 19
1295 1359 8
1295 1423 2
1295 1807 1
1296 1297 1
1296 1360 9
1296 1808 1
1297 1299 2
1297 1301 8
1297 1305 17
1297 1329 1
1297 1361 13
1297 1425 1
1297 1809 5
1298 1299 2
1298 1302 2
1298 1306 3
1298 1362 2
1299 1303 13
1299 1307 25
1299 1331 1
1299 1363 5
1299 1811 4
1300 1302 1
1300 1308 3
1300 1364 10
1301 1303 6
1301 1309 19
1301 1333 1
1301 1365 28
1301 1429 2
1301 1813 1
1302 1303 1
1302 1310 51
1302 1366 16
1302 1430 1
1302 1814 1
1303 1311 107
1303 1367 53
1303 1815 8
1304 1336 1
1305 1309 8
1305 1337 1
1305 1369 8
1305 1817 5
1306 1310 1
1306 1370 1
1306 1434 1
1307 1311 22
1307 1339 2
1307 1371 7
1307 1435 1
1307 1819 4
1308 1310 1
1308 1372 4
1308 1436 1
1309 1311 6
1309 1341 3
1309 1373 21
1309 1437 2
1309 1821 2
1310 1311 1
1310 1374 70
1310 1438 2
1310 1822 6
1311 1343 7
1311 1375 259
1311 1439 8
1311 1823 50
1312 1313 107
1312 1314 113
1312 1316 107
1312 1320 75
1312 1328 150
1312 1376 176
1312 1440 3
1312 1824 41
1313 1315 98
1313 1317 102
1313 1321 48
1313 1329 369
1313 1377 67
1313 1441 1
1313 1825 23
1314 1315 17
1314 1318 98
1314 1322 76
1314 1330 108
1314 1378 71
1314 1442 1
1314 1826 20
1315 1319 75
1315 1323 35
1315 1331 218
1315 1379 18
1315 1827 8
1316 1317 39
1316 1318 109
1316 1324 16
1316 1332 131
1316 1380 55
1316 1444 3
1316 1828 12
1317 1319 73
1317 1325 12
1317 1333 268
1317 1381 15
1317 1445 1
1317 1829 9
1318 1319 37
1318 1326 49
1318 1334 358
1318 1382 50
1318 1830 11
1319 1327 38
1319 1335 317
1319 1383 16
1319 1447 1
1319 1831 14
1320 1321 28
1320 1322 27
1320 1324 38
1320 1336 6
1320 1384 63
1320 1448 6
1320 1832 11
1321 1323 23
1321 1325 82
1321 1337 35
1321 1385 39
1321 1449 2
1321 1833 11
1322 1323 11
1322 1326 86
1322 1338 13
1322 1386 44
1322 1450 1
1322 1834 12
1323 1327 74
1323 1339 30
1323 1387 26
1323 1835 8
1324 1325 20
1324 1326 34
1324 1340 17
1324 1388 42
1324 1836 4
1325 1327 72
1325 1341 106
1325 1389 47
1325 1453 1
1325 1837 22
1326 1327 69
1326 1342 192
1326 1390 110
1326 1454 1
1326 1838 35
1327 1343 382
1327 1391 95
1327 1455 5
1327 1839 32
1328 1329 19
1328 1330 5
1328 1332 31
1328 1336 39
1328 1392 97
1328 1840 16
1329 1331 27
1329 1333 215
1329 1337 168
1329 1393 149
1329 1457 2
1329 1841 62
1330 1331 6
1330 1334 47
1330 1338 43
1330 1394 37
1330 1842 9
1331 1335 200
1331 1339 139
1331 1395 36
1331 1843 22
1332 1333 19
1332 1334 28
1332 1340 50
1332 1396 127
1332 1460 1
1332 1844 17
1333 1335 165
1333 1341 307
1333 1397 317
1333 1461 2
1333 1845 123
1334 1335 31
1334 1342 301
1334 1398 234
1334 1846 29
1335 1343 819
1335 1399 391
1335 1463 4
1335 1847 130
1336 1337 6
1336 1340 21
1336 1400 21
1336 1848 6
1337 1339 6
1337 1341 171
1337 1401 62
1337 1465 1
1337 1849 35
1338 1339 2
1338 1342 37
1338 1402 18
1338 1850 5
1339 1343 190
1339 1403 20
1339 1467 1
1339 1851 9
1340 1341 16
1340 1342 5
1340 1404 71
1340 1468 2
1340 1852 21
1341 1343 105
1341 1405 456
1341 1469 4
1341 1853 228
1342 1343 78
1342 1406 488
1342 1470 3
1342 1854 109
1343 1407 1550
1343 1471 37
1343 1855 733
1344 1345 1
1344 1346 11
1344 1348 2
1344 1352 54
1344 1360 15
1344 1376 30
1344 1472 3
1344 1856 2
1345 1347 4
1345 1349 2
1345 1353 8
1345 1361 5
1345 1377 3
1345 1857 1
1346 1350 1
1346 1354 28
1346 1362 8
1346 1378 7
1346 1858 1
1347 1351 1
1347 1355 6
1347 1363 6
1347 1379 1
1348 1350 10
1348 1356 6
1348 1364 4
1348 1380 6
1349 1351 1
1349 1365 2
1349 1381 2
1350 1358 15
1350 1366 21
1350 1382 1
1350 1862 2
1351 1359 4
1351 1367 1
1351 1383 2
1351 1863 1
1352 1353 1
1352 1354 9
1352 1356 12
1352 1368 3
1352 1384 45
1352 1480 3
1352 1864 3
1353 1369 2
1353 1385 13
1354 1358 21
1354 1370 9
1354 1386 23
1354 1482 2
1354 1866 5
1355 1359 4
1355 1371 3
1355 1387 5
1356 1357 1
1356 1358 7
1356 1372 1
1356 1388 15
1356 1868 1
1357 1373 2
1357 1389 4
1358 1359 6
1358 1374 42
1358 1390 43
1358 1486 4
1358 1870 4
1359 1375 23
1359 1391 11
1359 1487 2
1359 1871 1
1360 1368 24
1361 1365 1
1361 1369 16
1361 1489 1
1361 1873 2
1362 1366 1
1362 1370 10
1363 1367 2
1363 1371 12
1364 1366 1
1364 1372 13
1364 1876 1
1365 1373 36
1365 1877 1
1366 1367 2
1366 1374 39
1366 1878 2
1367 1375 66
1367 1399 1
1367 1879 2
1368 1369 2
1368 1370 4
1368 1372 5
1368 1496 7
1368 1880 9
1369 1371 2
1369 1373 17
1369 1401 1
1369 1881 11
1370 1374 17
1370 1402 1
1370 1882 6
1371 1375 22
1371 1403 3
1371 1883 5
1372 1374 7
1372 1404 3
1372 1500 8
1372 1884 6
1373 1375 17
1373 1405 10
1373 1501 13
1373 1885 46
1374 1375 31
1374 1406 1
1374 1502 21
1374 1886 144
1375 1407 56
1375 1503 51
1375 1887 480
1376 1377 18
1376 1378 55
1376 1380 41
1376 1384 142
1376 1392 99
1376 1504 4
1376 1888 28
1377 1379 20
1377 1381 17
1377 1385 21
1377 1393 94
1377 1889 6
1378 1379 4
1378 1382 27
1378 1386 100
1378 1394 55
1378 1506 1
1378 1890 4
1379 1383 12
1379 1387 21
1379 1395 36
1380 1381 8
1380 1382 32
1380 1388 45
1380 1396 53
1380 1508 1
1380 1892 6
1381 1383 22
1381 1389 3
1381 1397 42
1381 1509 1
1382 1383 6
1382 1390 68
1382 1398 80
1382 1510 2
1382 1894 4
1383 1391 22
1383 1399 53
1383 1511 1
1383 1895 1
1384 1385 34
1384 1386 108
1384 1388 91
1384 1400 46
1384 1512 11
1384 1896 72
1385 1387 28
1385 1389 57
1385 1401 73
1385 1513 4
1385 1897 20
1386 1387 15
1386 1390 216
1386 1402 69
1386 1514 3
1386 1898 34
1387 1391 63
1387 1403 66
1387 1515 1
1387 1899 14
1388 1389 53
1388 1390 90
1388 1404 77
1388 1516 2
1388 1900 44
1389 1391 50
1389 1405 152
1389 1517 5
1389 1901 23
1390 1391 104
1390 1406 540
1390 1518 13
1390 1902 129
1391 1407 479
1391 1519 8
1391 1903 55
1392 1393 7
1392 1394 2
1392 1396 30
1392 1400 162
1392 1520 2
1392 1904 13
1393 1395 13
1393 1397 55
1393 1401 198
1393 1521 1
1393 1905 36
1394 1398 16
1394 1402 80
1394 1906 2
1395 1399 32
1395 1403 65
1395 1907 5
1396 1397 23
1396 1398 15
1396 1404 176
1396 1524 1
1396 1908 15
1397 1399 69
1397 1405 382
1397 1525 2
1397 1909 87
1398 1399 6
1398 1406 349
1398 1910 16
1399 1407 623
1399 1527 4
1399 1911 37
1400 1401 14
1400 1402 21
1400 1404 116
1400 1528 4
1400 1912 101
1401 1403 29
1401 1405 238
1401 1529 8
1401 1913 146
1402 1403 6
1402 1406 146
1402 1530 1
1402 1914 45
1403 1407 174
1403 1531 2
1403 1915 49
1404 1405 87
1404 1406 118
1404 1532 22
1404 1916 268
1405 1407 455
1405 1533 117
1405 1917 1022
1406 1407 373
1406 1534 37
1406 1918 1458
1407 1535 609
1407 1919 4328
1408 1409 2
1408 1410 1
1408 1416 8
1408 1424 7
1408 1440 1
1408 1472 31
1408 1920 4
1409 1411 3
1409 1413 2
1409 1417 6
1409 1425 13
1409 1473 11
1409 1921 3
1410 1418 2
1410 1426 1
1410 1442 2
1410 1474 3
1410 1922 3
1411 1419 3
1411 1427 7
1411 1475 1
1411 1923 1
1412 1428 4
1412 1476 4
1412 1924 1
1413 1421 1
1413 1429 11
1414 1478 1
1415 1423 1
1415 1431 1
1415 1927 1
1416 1420 1
1416 1448 1
1416 1480 12
1417 1421 2
1417 1433 3
1417 1481 4
1417 1929 1
1418 1419 1
1418 1422 2
1418 1434 1
1418 1450 3
1419 1423 1
1419 1451 1
1419 1483 2
1420 1422 1
1420 1436 1
1420 1484 2
1421 1437 4
1421 1453 1
1421 1485 1
1422 1423 1
1422 1438 3
1422 1486 3
1422 1934 1
1423 1439 7
1423 1455 1
1423 1487 2
1424 1488 5
1424 1936 2
1425 1427 1
1425 1429 2
1425 1433 2
1425 1489 9
1425 1937 7
1426 1490 1
1427 1431 3
1427 1435 8
1428 1492 5
1429 1437 6
1429 1493 13
1429 1941 6
1430 1438 1
1430 1494 1
1430 1942 1
1431 1439 5
1431 1495 3
1431 1943 3
1433 1437 1
1433 1497 3
1433 1945 2
1434 1438 1
1434 1946 2
1435 1439 5
1435 1499 3
1435 1947 2
1436 1437 1
1436 1500 2
1437 1469 1
1437 1501 10
1437 1949 6
1438 1470 1
1438 1502 5
1438 1950 1
1439 1503 22
1439 1951 16
1440 1441 4
1440 1444 2
1440 1448 1
1440 1456 7
1440 1504 8
1440 1952 5
1441 1443 1
1441 1457 13
1441 1505 1
1441 1953 3
1442 1446 3
1442 1458 4
1442 1506 2
1442 1954 2
1443 1459 3
1443 1507 1
1444 1445 2
1444 1452 1
1444 1460 7
1444 1508 3
1444 1956 1
1445 1447 1
1445 1453 2
1445 1461 5
1445 1509 1
1446 1447 1
1446 1510 2
1447 1455 2
1447 1463 2
1448 1449 1
1448 1450 2
1448 1452 2
1448 1512 11
1448 1960 4
1449 1453 2
1449 1465 5
1449 1513 2
1449 1961 5
1450 1454 2
1450 1514 3
1450 1962 2
1451 1467 1
1452 1453 1
1452 1454 1
1452 1468 5
1452 1516 4
1453 1455 3
1453 1469 5
1453 1517 5
1453 1965 3
1454 1455 1
1454 1470 3
1454 1518 1
1455 1471 6
1455 1519 9
1455 1967 1
1456 1520 5
1456 1968 3
1457 1461 6
1457 1465 7
1457 1521 3
1457 1969 8
1458 1459 1
1458 1522 4
1459 1463 2
1459 1467 1
1459 1971 2
1460 1524 8
1461 1469 6
1461 1525 8
1461 1973 7
1463 1471 7
1463 1527 1
1463 1975 2
1464 1468 1
1465 1469 2
1465 1529 11
1465 1977 4
1467 1471 1
1467 1979 2
1468 1532 5
1468 1980 4
1469 1471 2
1469 1533 14
1469 1981 13
1470 1534 5
1470 1982 3
1471 1535 46
1471 1983 17
1472 1473 2
1472 1474 5
1472 1480 32
1472 1488 15
1472 1504 5
1472 1984 8
1473 1475 1
1473 1481 5
1473 1489 8
1473 1985 2
1474 1475 1
1474 1482 9
1474 1490 4
1474 1506 1
1474 1986 1
1475 1491 4
1476 1477 1
1476 1478 2
1476 1484 2
1476 1492 5
1476 1508 2
1477 1493 3
1478 1486 1
1478 1494 3
1480 1482 10
1480 1484 3
1480 1496 4
1480 1512 20
1480 1992 23
1481 1483 1
1481 1497 10
1481 1513 4
1481 1993 8
1482 1483 1
1482 1486 3
1482 1498 9
1482 1994 15
1483 1499 3
1483 1515 1
1483 1995 1
1484 1500 4
1484 1516 7
1484 1996 2
1485 1487 1
1485 1501 1
1486 1487 1
1486 1502 6
1486 1518 4
1486 1998 7
1487 1503 9
1487 1519 2
1488 1492 1
1488 1496 19
1488 2000 6
1489 1497 13
1489 2001 6
1490 1498 4
1490 2002 1
1491 1495 1
1491 1499 4
1492 1494 1
1492 1500 14
1492 2004 1
1493 1495 1
1493 1501 20
1493 2005 7
1494 1502 5
1495 1503 8
1495 2007 1
1496 1500 1
1496 2008 30
1497 1501 8
1497 1529 1
1497 2009 23
1498 1502 3
1498 2010 10
1499 1503 6
1499 1531 2
1499 2011 3
1500 1501 1
1500 1502 3
1500 2012 27
1501 1503 6
1501 1533 8
1501 2013 69
1502 1503 4
1502 2014 47
1503 1535 50
1503 2015 156
1504 1505 7
1504 1506 4
1504 1508 1
1504 1512 8
1504 1520 15
1504 2016 4
1505 1509 1
1505 1521 7
1505 2017 3
1506 1514 6
1506 1522 7
1506 2018 1
1507 1511 1
1507 1523 2
1508 1509 1
1508 1510 3
1508 1516 1
1508 1524 9
1508 2020 4
1509 1517 2
1509 1525 5
1510 1518 3
1510 1526 5
1511 1527 4
1512 1513 9
1512 1514 6
1512 1516 9
1512 1528 15
1512 2024 38
1513 1515 3
1513 1517 5
1513 1529 19
1513 2025 8
1514 1515 2
1514 1518 4
1514 1530 11
1514 2026 8
1515 1519 3
1515 1531 5
1515 2027 1
1516 1517 4
1516 1518 8
1516 1532 14
1516 2028 7
1517 1519 2
1517 1533 23
1517 2029 2
1518 1519 10
1518 1534 21
1518 2030 15
1519 1535 41
1519 2031 3
1520 1521 2
1520 1524 2
1520 1528 12
1520 2032 8
1521 1525 6
1521 1529 8
1521 2033 5
1522 1526 2
1522 1530 9
1522 2034 1
1523 1527 2
1523 1531 2
1524 1525 2
1524 1526 2
1524 1532 9
1524 2036 9
1525 1527 3
1525 1533 21
1525 2037 11
1526 1534 7
1526 2038 2
1527 1535 18
1527 2039 2
1528 1529 5
1528 1532 5
1528 2040 29
1529 1531 4
1529 1533 33
1529 2041 33
1530 1531 2
1530 1534 8
1530 2042 11
1531 1535 19
1531 2043 6
1532 1533 13
1532 2044 45
1533 1535 75
1533 2045 225
1534 1535 33
1534 2046 54
1535 2047 1208
1536 1537 3
1536 1538 1
1536 1544 11
1536 1568 61
1536 1600 3
1537 1539 2
1537 1541 2
1537 1545 2
1537 1569 26
1538 1539 1
1538 1542 4
1538 1546 20
1538 1554 1
1538 1570 18
1538 1602 6
1539 1543 3
1539 1547 11
1539 1555 3
1539 1571 6
1539 1603 3
1540 1542 3
1540 1548 1
1540 1572 3
1541 1557 2
1541 1573 3
1542 1550 9
1542 1558 4
1542 1574 5
1542 1606 1
1542 1798 1
1543 1551 5
1543 1559 9
1543 1575 7
1543 1799 2
1544 1546 1
1544 1576 12
1544 1608 1
1545 1577 5
1546 1550 9
1546 1578 20
1546 1610 5
1547 1551 12
1547 1579 10
1547 1611 1
1548 1580 3
1549 1581 2
1550 1551 1
1550 1566 1
1550 1582 30
1550 1614 4
1550 1678 1
1550 1806 3
1551 1567 4
1551 1583 31
1551 1615 2
1551 1807 4
1552 1553 1
1552 1560 3
1553 1557 1
1553 1561 3
1553 1585 1
1553 1617 2
1554 1558 1
1554 1562 1
1555 1559 6
1555 1563 7
1555 1587 1
1555 1619 1
1556 1564 2
1557 1565 10
1557 1621 1
1557 1813 1
1558 1566 5
1558 1622 2
1559 1567 40
1559 1623 2
1559 1815 2
1560 1592 1
1560 1624 4
1561 1565 10
1561 1593 3
1561 1625 5
1561 1817 1
1562 1566 2
1562 1626 3
1563 1567 18
1563 1595 3
1563 1627 2
1564 1596 1
1564 1628 2
1565 1567 2
1565 1597 7
1565 1629 9
1565 1693 1
1565 1821 8
1566 1567 1
1566 1598 1
1566 1630 21
1566 1694 2
1567 1599 31
1567 1631 152
1567 1695 2
1567 1823 30
1568 1569 33
1568 1570 55
1568 1572 67
1568 1576 102
1568 1584 28
1568 1632 65
1568 1696 3
1568 1824 36
1569 1571 24
1569 1573 36
1569 1577 44
1569 1585 50
1569 1633 15
1569 1697 1
1569 1825 16
1570 1571 8
1570 1574 58
1570 1578 85
1570 1586 20
1570 1634 17
1570 1826 11
1571 1575 25
1571 1579 22
1571 1587 20
1571 1635 4
1571 1827 7
1572 1573 24
1572 1574 21
1572 1580 29
1572 1588 5
1572 1636 11
1572 1828 24
1573 1575 15
1573 1581 8
1573 1589 27
1573 1637 2
1573 1829 25
1574 1575 7
1574 1582 75
1574 1590 37
1574 1638 13
1574 1830 22
1575 1583 13
1575 1591 40
1575 1639 5
1575 1831 26
1576 1577 18
1576 1578 27
1576 1580 88
1576 1592 7
1576 1640 59
1576 1704 4
1576 1832 17
1577 1579 20
1577 1581 71
1577 1593 11
1577 1641 19
1577 1705 1
1577 1833 13
1578 1579 6
1578 1582 144
1578 1594 6
1578 1642 29
1578 1834 11
1579 1583 78
1579 1595 11
1579 1643 8
1579 1835 4
1580 1581 22
1580 1582 42
1580 1596 6
1580 1644 45
1580 1708 2
1580 1836 34
1581 1583 38
1581 1597 37
1581 1645 18
1581 1709 1
1581 1837 49
1582 1583 45
1582 1598 57
1582 1646 168
1582 1710 2
1582 1838 138
1583 1599 119
1583 1647 46
1583 1839 142
1584 1585 8
1584 1586 3
1584 1588 15
1584 1592 60
1584 1648 19
1584 1712 1
1584 1840 9
1585 1587 6
1585 1589 56
1585 1593 116
1585 1649 15
1585 1713 3
1585 1841 31
1586 1590 17
1586 1594 34
1586 1650 2
1586 1714 1
1586 1842 2
1587 1591 25
1587 1595 46
1587 1651 2
1587 1843 3
1588 1589 8
1588 1590 2
1588 1596 17
1588 1652 10
1588 1844 5
1589 1591 15
1589 1597 92
1589 1653 25
1589 1845 42
1590 1591 1
1590 1598 70
1590 1654 35
1590 1846 10
1591 1599 156
1591 1655 24
1591 1847 32
1592 1593 6
1592 1594 4
1592 1596 57
1592 1656 33
1592 1720 2
1592 1848 2
1593 1595 6
1593 1597 153
1593 1657 39
1593 1849 29
1594 1595 2
1594 1598 45
1594 1658 17
1594 1850 4
1595 1599 103
1595 1659 10
1595 1851 12
1596 1597 18
1596 1598 5
1596 1660 53
1596 1724 2
1596 1852 23
1597 1599 37
1597 1661 217
1597 1725 9
1597 1853 180
1598 1599 39
1598 1662 226
1598 1726 1
1598 1854 72
1599 1663 462
1599 1727 3
1599 1855 466
1600 1616 1
1600 1632 8
1600 1728 1
1602 1610 5
1602 1634 1
1603 1611 1
1603 1619 1
1603 1635 2
1605 1637 1
1606 1614 1
1606 1638 1
1608 1640 1
1610 1614 2
1610 1642 14
1611 1643 3
1613 1645 1
1614 1646 11
1615 1647 7
1616 1624 1
1616 1648 1
1617 1625 1
1617 1649 1
1619 1623 1
1619 1627 2
1621 1629 2
1622 1630 4
1623 1631 5
1624 1628 2
1624 1656 8
1624 1752 1
1625 1629 3
1625 1657 9
1625 1881 1
1626 1627 1
1626 1630 6
1626 1658 2
1626 1754 1
1627 1631 9
1627 1659 5
1628 1630 1
1628 1660 6
1628 1884 1
1629 1661 21
1629 1885 1
1630 1631 33
1630 1662 27
1630 1758 2
1630 1886 25
1631 1663 220
1631 1759 1
1631 1887 142
1632 1633 6
1632 1634 13
1632 1636 11
1632 1640 112
1632 1648 18
1632 1888 7
1633 1635 6
1633 1637 3
1633 1641 28
1633 1649 7
1633 1761 1
1633 1889 1
1634 1638 6
1634 1642 46
1634 1650 5
1634 1890 1
1635 1639 2
1635 1643 12
1635 1651 1
1635 1891 1
1636 1637 2
1636 1638 5
1636 1644 19
1636 1652 3
1636 1892 1
1637 1639 1
1637 1645 4
1637 1653 5
1637 1893 2
1638 1639 2
1638 1646 24
1638 1654 6
1638 1894 3
1639 1647 7
1639 1655 6
1639 1895 1
1640 1641 16
1640 1642 88
1640 1644 175
1640 1656 22
1640 1768 4
1640 1896 31
1641 1643 30
1641 1645 65
1641 1657 21
1641 1897 17
1642 1643 9
1642 1646 275
1642 1658 20
1642 1770 1
1642 1898 21
1643 1647 93
1643 1659 13
1643 1771 1
1643 1899 2
1644 1645 36
1644 1646 113
1644 1660 41
1644 1772 14
1644 1900 94
1645 1647 44
1645 1661 57
1645 1773 1
1645 1901 53
1646 1647 98
1646 1662 311
1646 1774 7
1646 1902 423
1647 1663 278
1647 1775 1
1647 1903 173
1648 1649 3
1648 1652 8
1648 1656 54
1648 1776 1
1649 1651 2
1649 1653 7
1649 1657 40
1649 1905 4
1650 1651 1
1650 1654 4
1650 1658 11
1651 1655 1
1651 1659 8
1651 1907 3
1652 1653 1
1652 1654 1
1652 1660 24
1652 1908 3
1653 1655 10
1653 1661 37
1653 1909 3
1654 1655 1
1654 1662 60
1655 1663 44
1655 1911 2
1656 1657 13
1656 1658 21
1656 1660 168
1656 1784 9
1656 1912 22
1657 1659 19
1657 1661 163
1657 1785 2
1657 1913 32
1658 1659 4
1658 1662 126
1658 1786 1
1658 1914 5
1659 1663 103
1659 1915 8
1660 1661 86
1660 1662 88
1660 1788 12
1660 1916 193
1661 1663 144
1661 1789 46
1661 1917 536
1662 1663 452
1662 1790 14
1662 1918 853
1663 1791 36
1663 1919 2250
1664 1665 1
1664 1666 3
1664 1668 2
1664 1672 14
1664 1680 1
1664 1696 9
1664 1728 16
1664 1920 2
1665 1667 3
1665 1669 1
1665 1673 4
1665 1681 2
1665 1697 11
1665 1729 2
1665 1921 2
1666 1670 1
1666 1674 7
1666 1682 2
1666 1698 2
1666 1730 3
1666 1922 1
1667 1671 1
1667 1675 2
1667 1683 5
1667 1699 1
1667 1731 1
1668 1670 1
1668 1684 1
1668 1700 3
1668 1732 1
1668 1924 1
1669 1685 1
1670 1686 1
1670 1734 1
1671 1679 1
1671 1687 2
1672 1674 1
1672 1676 1
1672 1704 15
1672 1736 1
1673 1677 1
1673 1705 8
1673 1737 1
1674 1675 1
1674 1678 4
1674 1690 1
1674 1706 1
1674 1738 3
1675 1679 1
1675 1707 3
1675 1739 1
1675 1931 1
1676 1708 1
1676 1740 1
1677 1693 1
1677 1709 3
1678 1679 1
1678 1694 1
1678 1742 4
1678 1934 2
1679 1695 2
1679 1711 4
1679 1743 1
1679 1935 1
1680 1681 1
1681 1685 1
1681 1689 7
1681 1745 4
1681 1937 1
1682 1686 2
1682 1690 2
1683 1687 1
1683 1691 5
1683 1747 2
1684 1685 1
1685 1693 5
1685 1749 2
1686 1694 1
1686 1750 1
1686 1942 1
1687 1695 2
1687 1943 1
1688 1720 1
1688 1752 1
1689 1693 3
1689 1753 7
1690 1694 1
1690 1722 1
1690 1754 1
1691 1695 5
1691 1755 1
1693 1725 2
1693 1757 9
1693 1949 4
1694 1758 6
1695 1727 1
1695 1759 12
1695 1951 3
1696 1697 3
1696 1698 2
1696 1700 2
1696 1704 4
1696 1712 3
1696 1760 16
1696 1952 9
1697 1699 4
1697 1701 5
1697 1705 2
1697 1713 7
1697 1761 6
1697 1953 7
1698 1702 4
1698 1714 1
1698 1762 4
1699 1703 3
1699 1955 3
1700 1701 1
1700 1702 1
1700 1716 2
1700 1764 1
1700 1956 1
1701 1703 1
1701 1765 2
1701 1957 4
1702 1718 3
1702 1766 1
1702 1958 3
1703 1711 1
1703 1719 3
1703 1959 1
1704 1705 1
1704 1706 1
1704 1708 9
1704 1720 3
1704 1768 19
1704 1960 4
1705 1707 2
1705 1709 10
1705 1721 7
1705 1769 3
1705 1961 3
1706 1707 1
1706 1710 2
1706 1770 1
1707 1711 3
1707 1723 2
1707 1771 2
1707 1963 1
1708 1710 1
1708 1724 2
1708 1772 2
1708 1964 8
1709 1711 1
1709 1725 2
1709 1773 1
1709 1965 10
1710 1726 1
1710 1774 4
1710 1966 3
1711 1727 1
1711 1967 10
1712 1713 1
1712 1714 1
1712 1716 1
1712 1720 3
1712 1776 2
1712 1968 4
1713 1715 1
1713 1717 4
1713 1721 8
1713 1777 4
1713 1969 7
1714 1718 1
1714 1722 5
1714 1778 1
1715 1719 1
1715 1723 1
1715 1779 1
1716 1780 3
1716 1972 1
1717 1725 1
1717 1781 2
1717 1973 2
1718 1726 1
1718 1782 2
1718 1974 2
1719 1727 3
1719 1975 3
1720 1722 1
1720 1724 2
1720 1784 4
1720 1976 2
1721 1725 7
1721 1785 9
1721 1977 1
1722 1726 5
1722 1786 2
1723 1727 1
1723 1787 2
1724 1725 2
1724 1788 4
1724 1980 1
1725 1789 10
1725 1981 14
1726 1727 1
1726 1790 4
1726 1982 6
1727 1791 3
1727 1983 8
1728 1729 1
1728 1736 8
1728 1760 22
1729 1737 1
1729 1761 4
1730 1738 2
1730 1762 2
1731 1739 1
1732 1734 1
1732 1764 2
1733 1741 1
1734 1742 2
1736 1768 19
1737 1753 1
1737 1769 5
1738 1742 2
1738 1770 6
1739 1743 2
1739 1771 4
1740 1772 2
1741 1773 3
1741 1997 1
1742 1743 1
1742 1758 1
1742 1774 12
1742 1998 1
1743 1775 13
1743 1999 1
1744 1752 1
1745 1753 5
1745 1777 1
1747 1755 2
1749 1757 3
1750 1758 2
1752 1756 2
1752 1784 3
1753 1757 6
1753 1785 13
1753 2009 2
1754 1755 1
1754 1758 5
1755 1759 5
1755 1787 1
1755 2011 1
1756 1757 1
1756 1788 3
1756 2012 1
1757 1759 2
1757 1789 24
1757 2013 12
1758 1759 6
1758 1790 4
1758 2014 12
1759 1791 11
1759 2015 36
1760 1761 2
1760 1762 7
1760 1764 2
1760 1768 30
1760 1776 5
1760 2016 5
1761 1763 2
1761 1765 1
1761 1769 10
1761 1777 2
1761 2017 3
1762 1766 1
1762 1770 14
1762 1778 2
1763 1779 1
1763 2019 1
1764 1772 2
1764 1780 3
1764 2020 3
1765 1773 1
1765 1781 1
1765 2021 2
1766 1774 2
1766 2022 1
1768 1769 6
1768 1770 31
1768 1772 40
1768 1784 8
1768 2024 23
1769 1771 9
1769 1773 22
1769 1785 11
1769 2025 9
1770 1771 3
1770 1774 52
1770 1786 2
1770 2026 2
1771 1775 12
1771 1787 8
1771 2027 4
1772 1773 5
1772 1774 13
1772 1788 9
1772 2028 44
1773 1775 7
1773 1789 9
1773 2029 31
1774 1775 3
1774 1790 34
1774 2030 67
1775 1791 13
1775 2031 26
1776 1777 1
1776 1784 7
1776 2032 3
1777 1785 8
1777 2033 4
1778 1782 1
1778 1786 1
1778 2034 1
1779 1783 1
1779 1787 2
1780 1781 1
1780 1788 6
1780 2036 1
1781 1789 3
1781 2037 2
1782 1783 1
1782 1790 5
1783 1791 1
1783 2039 1
1784 1785 5
1784 1786 2
1784 1788 16
1784 2040 14
1785 1787 1
1785 1789 27
1785 2041 25
1786 1790 9
1786 2042 2
1787 1791 16
1787 2043 3
1788 1789 17
1788 1790 5
1788 2044 33
1789 1791 10
1789 2045 140
1790 1791 16
1790 2046 68
1791 2047 122
1792 1794 1
1792 1796 1
1792 1800 4
1792 1824 3
1792 1856 3
1793 1797 1
1793 1801 2
1793 1809 1
1793 1857 1
1794 1798 1
1794 1802 3
1794 1810 1
1794 1858 1
1795 1799 1
1795 1803 1
1796 1797 1
1796 1798 2
1796 1804 1
1796 1860 3
1797 1799 3
1797 1813 3
1797 1829 1
1797 1861 3
1798 1806 6
1798 1814 2
1798 1862 4
1798 1926 1
1799 1807 3
1799 1815 10
1799 1863 4
1800 1804 1
1800 1832 2
1800 1864 2
1801 1803 1
1801 1805 4
1802 1806 1
1802 1866 2
1803 1807 1
1803 1819 2
1803 1867 3
1804 1806 1
1804 1836 1
1804 1868 1
1805 1807 2
1805 1869 3
1806 1822 2
1806 1838 1
1806 1870 13
1806 1934 1
1807 1823 16
1807 1839 1
1807 1871 15
1808 1816 1
1809 1817 6
1809 1873 1
1810 1818 1
1811 1819 3
1811 1875 1
1813 1821 8
1814 1815 1
1814 1822 2
1815 1823 22
1815 1879 1
1816 1820 1
1817 1821 7
1817 1881 5
1818 1822 1
1819 1823 5
1819 1883 4
1820 1884 1
1821 1823 2
1821 1853 1
1821 1885 22
1821 1949 2
1822 1823 2
1822 1886 8
1822 1950 1
1823 1887 141
1823 1951 4
1824 1825 8
1824 1826 10
1824 1828 16
1824 1832 30
1824 1840 7
1824 1888 18
1825 1827 10
1825 1829 12
1825 1833 20
1825 1841 16
1825 1889 12
1826 1827 2
1826 1830 9
1826 1834 17
1826 1842 3
1826 1890 12
1826 1954 1
1827 1831 8
1827 1835 9
1827 1843 12
1827 1891 3
1828 1829 10
1828 1830 19
1828 1836 9
1828 1844 10
1828 1892 16
1829 1831 22
1829 1837 8
1829 1845 32
1829 1893 12
1830 1831 7
1830 1838 26
1830 1846 30
1830 1894 19
1831 1839 25
1831 1847 67
1831 1895 5
1832 1833 5
1832 1834 1
1832 1836 21
1832 1848 5
1832 1896 30
1833 1835 11
1833 1837 30
1833 1849 6
1833 1897 17
1833 1961 1
1834 1835 3
1834 1838 25
1834 1850 2
1834 1898 11
1835 1839 23
1835 1851 6
1835 1899 6
1836 1837 10
1836 1838 25
1836 1852 4
1836 1900 40
1837 1839 63
1837 1853 44
1837 1901 52
1837 1965 3
1838 1839 28
1838 1854 56
1838 1902 175
1838 1966 5
1839 1855 252
1839 1903 112
1839 1967 3
1840 1841 3
1840 1844 8
1840 1848 12
1840 1904 9
1841 1843 6
1841 1845 37
1841 1849 41
1841 1905 33
1842 1846 3
1842 1850 10
1842 1906 2
1843 1847 22
1843 1851 19
1843 1907 3
1844 1845 5
1844 1852 21
1844 1908 14
1845 1847 15
1845 1853 176
1845 1909 70
1845 1973 1
1846 1847 1
1846 1854 47
1846 1910 25
1847 1855 222
1847 1911 78
1848 1849 1
1848 1852 14
1848 1912 9
1848 1976 1
1849 1851 2
1849 1853 68
1849 1913 43
1849 1977 1
1850 1854 14
1850 1914 7
1851 1855 41
1851 1915 7
1851 1979 1
1852 1853 8
1852 1854 4
1852 1916 70
1852 1980 2
1853 1855 60
1853 1917 655
1853 1981 27
1854 1855 26
1854 1918 276
1854 1982 2
1855 1919 1847
1855 1983 47
1856 1858 1
1856 1864 7
1857 1865 2
1857 1873 1
1858 1866 2
1858 1890 1
1860 1868 2
1860 1892 1
1861 1863 1
1861 1869 1
1861 1877 1
1862 1863 1
1862 1870 5
1862 1878 1
1862 1894 1
1863 1871 3
1863 1879 3
1863 1895 1
1863 1991 1
1864 1866 3
1864 1868 1
1864 1896 5
1864 1992 3
1865 1897 4
1866 1870 10
1866 1898 3
1867 1871 3
1867 1883 1
1867 1899 1
1868 1870 3
1868 1900 3
1869 1871 2
1869 1901 4
1870 1871 1
1870 1886 19
1870 1902 25
1870 1998 2
1871 1887 26
1871 1903 13
1871 1999 1
1873 1877 1
1873 1881 2
1873 1905 1
1875 1883 1
1876 1884 1
1877 1885 6
1878 1886 3
1879 1887 7
1880 1882 2
1880 1884 2
1880 2008 5
1881 1883 1
1881 1885 14
1881 1913 2
1881 2009 3
1882 1886 8
1883 1887 13
1884 1886 7
1884 1916 3
1884 2012 3
1885 1887 65
1885 1917 19
1885 2013 31
1886 1887 105
1886 1918 12
1886 2014 104
1887 1919 475
1887 2015 1064
1888 1889 7
1888 1890 4
1888 1892 8
1888 1896 37
1888 1904 4
1888 2016 3
1889 1891 2
1889 1893 7
1889 1897 13
1889 1905 9
1890 1891 2
1890 1894 4
1890 1898 15
1890 1906 2
1891 1895 1
1891 1899 4
1891 1907 4
1892 1893 3
1892 1894 3
1892 1900 25
1892 1908 8
1893 1895 3
1893 1901 13
1893 1909 11
1893 2021 1
1894 1895 2
1894 1902 37
1894 1910 4
1895 1903 6
1895 1911 9
1895 2023 1
1896 1897 9
1896 1898 52
1896 1900 108
1896 1912 15
1896 2024 12
1897 1899 38
1897 1901 53
1897 1913 18
1897 2025 5
1898 1899 3
1898 1902 120
1898 1914 18
1898 2026 3
1899 1903 47
1899 1915 32
1899 2027 3
1900 1901 60
1900 1902 214
1900 1916 89
1900 2028 11
1901 1903 139
1901 1917 179
1901 2029 10
1902 1903 172
1902 1918 1097
1902 2030 28
1903 1919 856
1903 2031 11
1904 1908 3
1904 1912 22
1904 2032 1
1905 1907 3
1905 1909 13
1905 1913 68
1906 1907 1
1906 1910 1
1906 1914 3
1906 2034 1
1907 1911 4
1907 1915 14
1907 2035 2
1908 1909 2
1908 1910 3
1908 1916 40
1909 1911 9
1909 1917 190
1910 1911 4
1910 1918 47
1911 1919 156
1911 2039 1
1912 1913 6
1912 1914 13
1912 1916 144
1912 2040 9
1913 1915 39
1913 1917 300
1913 2041 14
1914 1915 1
1914 1918 89
1914 2042 1
1915 1919 160
1915 2043 1
1916 1917 181
1916 1918 628
1916 2044 51
1917 1919 3108
1917 2045 489
1918 1919 4172
1918 2046 482
1919 2047 21374
1920 1921 1
1920 1984 10
1921 1925 2
1921 1929 3
1921 1937 8
1921 1985 7
1922 1930 2
1922 1938 1
1922 1954 1
1922 1986 1
1923 1927 1
1923 1939 1
1924 1932 1
1924 1988 2
1925 1927 1
1925 1933 2
1925 1941 3
1925 1989 3
1926 1990 1
1927 1935 2
1927 1943 1
1927 1991 2
1929 1933 2
1929 1945 1
1929 1993 5
1930 1994 2
1931 1947 1
1931 1995 1
1932 1996 2
1933 1935 2
1933 1949 5
1933 1997 6
1934 1950 1
1934 1998 3
1935 1951 7
1935 1999 5
1936 1940 1
1936 1944 1
1937 1941 3
1937 1945 9
1937 2001 4
1938 2002 1
1939 1943 1
1940 1941 1
1941 1949 5
1941 2005 10
1942 1950 1
1942 2006 1
1943 1951 6
1943 2007 2
1944 2008 1
1945 1949 4
1945 2009 8
1946 1950 1
1946 2010 1
1947 2011 3
1949 1981 1
1949 2013 26
1950 1951 1
1950 2014 4
1951 1983 2
1951 2015 40
1952 1953 1
1952 1956 2
1952 1960 2
1952 2016 9
1953 1955 3
1953 1961 3
1953 1969 5
1953 2017 6
1954 1962 2
1954 1970 1
1954 2018 1
1955 1959 1
1955 1963 2
1955 1971 3
1955 2019 1
1956 1958 1
1956 1972 1
1956 2020 3
1957 1959 2
1957 1973 3
1958 1966 1
1958 1974 2
1958 2022 1
1959 1967 1
1959 1975 4
1960 1961 3
1960 1962 1
1960 1964 2
1960 2024 8
1961 1965 10
1961 1977 6
1961 2025 11
1962 1966 1
1962 1978 1
1962 2026 3
1963 1967 1
1963 2027 2
1964 1965 1
1964 1966 3
1964 1980 2
1964 2028 7
1965 1967 2
1965 1981 26
1965 2029 18
1966 1967 2
1966 1982 2
1966 2030 10
1967 1983 20
1967 2031 5
1968 1969 1
1968 1976 1
1968 2032 5
1969 1977 5
1969 2033 16
1970 1974 1
1971 1975 3
1971 1979 2
1972 1980 1
1972 2036 1
1973 1981 6
1973 2037 12
1974 1982 2
1974 2038 3
1975 1983 7
1975 2039 7
1976 1977 1
1976 1980 1
1976 2040 2
1977 1981 6
1977 2041 13
1978 1982 1
1979 1983 2
1979 2043 3
1980 1981 2
1980 2044 9
1981 1983 2
1981 2045 95
1982 1983 3
1982 2046 13
1983 2047 114
1984 1985 1
1984 1986 2
1984 1988 1
1984 1992 16
1984 2000 3
1984 2016 1
1985 1989 1
1985 1993 11
1985 2001 3
1985 2017 1
1986 1994 3
1986 2002 2
1988 1990 1
1988 1996 4
1988 2004 1
1989 1991 1
1989 1997 1
1989 2005 3
1990 1998 1
1990 2006 1
1991 1999 3
1991 2007 1
1992 1994 21
1992 1996 22
1992 2008 6
1992 2024 35
1993 1995 10
1993 1997 14
1993 2009 10
1993 2025 23
1994 1995 1
1994 1998 39
1994 2010 9
1994 2026 6
1995 1999 9
1995 2011 9
1995 2027 1
1996 1997 1
1996 1998 18
1996 2012 9
1996 2028 25
1997 1999 10
1997 2013 11
1997 2029 32
1998 1999 9
1998 2014 90
1998 2030 24
1999 2015 69
1999 2031 2
2000 2004 1
2000 2008 7
2000 2032 1
2001 2005 1
2001 2009 15
2002 2010 4
2004 2012 3
2005 2007 1
2005 2013 30
2006 2014 2
2007 2015 6
2008 2010 12
2008 2012 47
2009 2011 10
2009 2013 115
2009 2041 2
2010 2014 36
2011 2015 31
2012 2013 44
2012 2014 123
2012 2044 9
2013 2015 1424
2013 2045 145
2014 2015 530
2014 2046 29
2015 2047 7289
2016 2018 4
2016 2020 1
2016 2024 16
2016 2032 8
2017 2019 1
2017 2021 1
2017 2025 6
2017 2033 11
2018 2022 2
2018 2026 5
2018 2034 1
2019 2027 3
2020 2022 2
2020 2028 6
2020 2036 7
2021 2023 1
2021 2029 2
2021 2037 1
2022 2030 5
2022 2038 2
2023 2031 2
2024 2025 17
2024 2026 55
2024 2028 90
2024 2040 36
2025 2027 38
2025 2029 54
2025 2041 71
2026 2027 3
2026 2030 63
2026 2042 18
2027 2031 39
2027 2043 26
2028 2029 29
2028 2030 128
2028 2044 98
2029 2031 66
2029 2045 200
2030 2031 33
2030 2046 356
2031 2047 248
2032 2033 5
2032 2036 6
2032 2040 16
2033 2035 2
2033 2037 9
2033 2041 34
2034 2038 1
2034 2042 3
2035 2043 4
2036 2037 4
2036 2038 3
2036 2044 17
2037 2039 4
2037 2045 55
2038 2046 11
2039 2047 17
2040 2041 18
2040 2042 8
2040 2044 94
2041 2043 17
2041 2045 258
2042 2043 3
2042 2046 42
2043 2047 71
2044 2045 176
2044 2046 233
2045 2047 3002
2046 2047 1357
