0	0 0	0 0
100	-0.2147 -0.2143	0.08435 0.07228
200	-0.1255 -0.1757	0.1265 0.06493
300	-0.05277 -0.2635	0.1507 -0.001128
400	-0.1316 -0.3637	0.4776 -0.148
500	-0.03381 -0.07368	0.2835 0.1072
600	-0.1036 -0.1124	0.2971 0.0449
700	-0.1272 -0.3673	0.6917 -0.2905
800	-0.3083 0.04587	0.7655 -0.515
900	-0.4698 0.3721	0.8467 -0.6327
1000	-0.5515 0.2625	0.7315 -0.4639
1100	-0.4167 0.4491	1.025 -0.2543
1200	-0.6022 0.7714	0.8444 -0.518
1300	-0.6299 1.193	1.065 -0.7893
1400	-0.9099 1.185	1.133 -0.9289
1500	-1.219 1.093	0.9142 -1.08
1600	-1.179 1.43	1.315 -1.422
1700	-1.456 1.741	1.532 -1.106
1800	-1.354 1.23	1.685 -1.477
1900	-1.471 1.032	1.838 -1.632
2000	-1.579 1.324	2.187 -1.4
2100	-1.46 1.453	1.852 -1.391
2200	-1.058 1.882	1.686 -0.968
2300	-1.192 1.613	1.51 -1.159
2400	-0.9508 1.647	1.633 -0.912
2500	-0.8878 1.617	2.186 -1.144
2600	-0.9593 1.599	2.722 -1.214
2700	-1.297 1.312	2.813 -1.339
2800	-1.718 1.555	2.5 -1.615
2900	-1.558 1.738	2.216 -1.577
3000	-1.493 1.498	2.35 -1.687
3100	-1.588 1.983	2.168 -1.725
3200	-1.521 2.05	1.505 -1.81
3300	-1.392 2.011	1.153 -1.803
3400	-1.674 1.903	1.24 -1.689
3500	-1.271 2.439	1.346 -1.516
3600	-1.48 2.665	1.452 -1.274
3700	-1.562 2.01	1.303 -1.535
3800	-1.88 2.133	1.385 -1.673
3900	-1.92 2.206	0.7336 -1.765
4000	-1.875 2.013	0.5652 -1.723
4100	-1.86 1.996	0.3602 -1.475
4200	-1.575 2.122	0.361 -1.377
4300	-1.305 2.342	0.06468 -1.274
4400	-1.847 2.083	0.5346 -1.753
4500	-1.966 1.705	0.1555 -1.653
4600	-1.929 1.612	0.2179 -2.117
4700	-2.297 1.523	0.4125 -2.213
4800	-2.024 1.648	0.3843 -1.703
4900	-2.012 1.294	0.6115 -1.897
5000	-1.551 1.414	0.6516 -1.58
5100	-1.949 1.243	0.6454 -1.844
5200	-1.893 1.281	0.4768 -1.892
5300	-2.057 1.076	0.211 -1.907
5400	-2.249 1.048	-0.09523 -1.968
5500	-1.882 1.241	-0.2166 -2.075
5600	-2.28 1.061	0.1511 -1.827
5700	-1.701 1.274	0.1217 -1.736
5800	-1.578 1.246	0.2798 -1.532
5900	-1.666 0.4454	0.5627 -1.287
6000	-1.435 -0.01702	0.7403 -1.372
6100	-1.207 -0.3046	0.9719 -1.144
6200	-1.255 -0.8043	0.8277 -1.21
6300	-1.132 -1.099	0.7734 -1.348
6400	-1.255 -0.7562	0.5549 -1.109
6500	-0.9997 -1.152	0.7932 -0.9914
6600	-0.8583 -0.6278	0.8664 -1.055
6700	-0.7942 -0.2167	1.087 -1.209
6800	-0.9962 -0.5243	0.9365 -0.9081
6900	-1.115 -0.8689	1.02 -0.8147
7000	-1.075 -0.4152	0.3328 -0.6863
7100	-0.752 -0.4765	0.324 -0.9251
7200	-0.7599 -0.5595	0.01559 -0.9328
7300	-1.092 -0.1386	0.4659 -0.9783
7400	-0.823 0.3351	0.2003 -0.981
7500	-0.8587 0.284	0.3324 -0.6293
7600	-0.7934 -0.1235	0.7355 -0.653
7700	-0.8536 -0.03246	0.873 -0.5935
7800	-1.004 0.07041	0.7167 -0.6463
7900	-1.238 0.1551	0.4786 -0.7715
8000	-1.226 0.08674	0.7827 -0.9572
8100	-1.474 0.227	0.5047 -1.195
8200	-1.149 0.1699	0.4547 -1.413
8300	-1.265 0.2877	0.1599 -1.602
8400	-1.653 0.1615	0.2738 -1.64
8500	-1.566 0.4953	0.2593 -1.673
8600	-1.491 0.5278	0.4653 -1.402
8700	-1.263 0.6849	0.426 -1.458
8800	-1.387 0.9907	0.6875 -1.1
8900	-1.576 1.41	0.7488 -1.487
9000	-1.658 1.743	0.2511 -1.485
9100	-1.309 1.452	0.3057 -1.422
9200	-1.408 1.162	0.2841 -1.34
9300	-1.266 1.049	-0.2249 -1.177
9400	-0.9122 1.063	0.1203 -1.066
9500	-1.061 1.19	-0.1166 -0.7695
9600	-1.321 0.7785	-0.05675 -1.188
9700	-1.673 0.6422	-0.2147 -1.284
9800	-1.507 0.7005	-0.3307 -1.671
9900	-1.727 0.3033	-0.6682 -1.628
10000	-1.721 0.5693	-0.5287 -1.385
10100	-1.701 0.8071	-0.6228 -1.55
10200	-1.941 0.7799	-0.6086 -1.749
10300	-1.835 0.8196	-1.055 -2.108
10400	-1.917 0.7085	-1.29 -2.099
10500	-2.459 0.1137	-1.05 -2.436
10600	-2.459 0.1312	-1.025 -2.566
10700	-2.506 0.06257	-0.8387 -2.505
10800	-2.118 -0.5116	-0.5268 -2.309
10900	-1.742 -0.372	-0.5842 -2.019
11000	-2.159 -0.4098	-0.4823 -1.888
11100	-2.022 -0.2141	-0.3158 -2.159
11200	-2.194 -0.5541	0.04816 -2.097
11300	-2.152 -0.2154	-0.05249 -2.11
11400	-2.3 0.003241	-0.1822 -2.234
11500	-2.211 0.118	-0.5868 -2.272
11600	-2.497 0.2728	-0.4348 -2.347
11700	-2.346 0.3762	-0.2317 -2.374
11800	-2.642 0.1578	-0.3308 -2.431
11900	-3.095 -0.1093	-0.3221 -2.85
12000	-2.975 0.1132	-0.2181 -3.063
12100	-3.05 0.2019	-0.5348 -2.931
12200	-3.131 0.345	-0.07446 -3.015
12300	-2.906 0.2376	-0.007504 -3.179
12400	-3.255 0.5396	-0.3198 -3.28
12500	-3.196 -0.06939	-0.7447 -3.437
12600	-3.162 -0.1614	-0.7499 -3.288
12700	-3.373 -0.3635	-0.8197 -3.362
12800	-3.581 -0.5262	-1.021 -3.481
12900	-3.478 -0.7614	-0.8004 -3.53
13000	-3.354 -1.154	-0.9491 -3.548
13100	-3.265 -1.132	-1.198 -3.567
13200	-3.584 -1.453	-1.321 -3.405
13300	-3.622 -1.618	-1.45 -3.589
13400	-3.66 -1.781	-1.903 -3.661
13500	-3.546 -2.252	-1.883 -3.335
13600	-3.361 -2.103	-1.907 -3.302
13700	-3.193 -1.954	-2.08 -3.027
13800	-2.822 -2.276	-2.091 -2.888
13900	-3.093 -2.475	-1.753 -3.064
14000	-2.856 -2.423	-1.987 -3.017
14100	-2.805 -2.109	-2.103 -2.734
14200	-2.791 -2.173	-2.077 -2.649
14300	-2.995 -2.466	-1.924 -2.789
14400	-2.787 -1.946	-1.739 -2.84
14500	-2.784 -1.634	-1.997 -2.7
14600	-2.654 -1.827	-2.088 -2.929
14700	-2.689 -1.988	-2.258 -2.784
14800	-2.789 -1.781	-2.471 -3.048
14900	-2.771 -1.889	-2.272 -2.833
15000	-2.815 -1.89	-2.188 -2.647
15100	-2.499 -2.271	-2.076 -2.482
15200	-2.512 -1.794	-2.084 -2.632
15300	-2.535 -1.903	-2.381 -2.555
15400	-2.607 -1.664	-2.442 -2.432
15500	-2.656 -1.839	-2.087 -2.591
15600	-2.971 -2.253	-2.094 -2.473
15700	-2.451 -2.331	-2.316 -2.454
15800	-2.367 -2.571	-2.259 -2.647
15900	-2.532 -2.568	-2.465 -2.404
16000	-2.444 -2.484	-2.587 -2.771
16100	-2.611 -2.506	-2.367 -2.748
16200	-2.532 -2.334	-2.759 -2.751
16300	-2.647 -1.908	-2.469 -2.777
16400	-2.574 -1.99	-2.256 -2.712
16500	-2.794 -2.145	-2.127 -3.102
16600	-2.327 -2.21	-2.136 -2.668
16700	-2.431 -1.867	-1.95 -2.731
16800	-2.421 -2.124	-1.805 -2.448
16900	-2.661 -2.263	-1.815 -2.696
17000	-2.801 -2.464	-1.805 -2.954
17100	-2.386 -2.636	-1.7 -2.459
17200	-2.5 -2.611	-2.023 -2.45
17300	-2.628 -2.585	-2.078 -2.553
17400	-2.807 -2.72	-2.164 -2.587
17500	-2.731 -2.739	-2.474 -2.741
17600	-2.705 -2.578	-2.363 -2.989
17700	-2.888 -2.918	-2.039 -2.817
17800	-2.957 -3.489	-1.88 -2.745
17900	-2.892 -3.592	-2.022 -2.97
18000	-2.904 -3.221	-2.124 -2.837
18100	-2.945 -3.418	-2.593 -2.704
18200	-3.032 -3.297	-2.768 -2.857
18300	-2.849 -3.332	-2.775 -2.642
18400	-2.978 -3.484	-3.191 -3.002
18500	-2.875 -3.042	-3.272 -3.225
18600	-2.701 -3.131	-3.283 -3.176
18700	-3.005 -3.657	-2.964 -3.133
18800	-2.839 -3.894	-3.213 -3.058
18900	-2.334 -3.932	-3.013 -2.589
19000	-2.746 -3.859	-2.795 -2.568
19100	-2.496 -4.268	-2.813 -2.543
19200	-2.468 -4.584	-2.505 -2.359
19300	-2.656 -4.938	-2.849 -2.345
19400	-2.594 -4.683	-3.097 -2.385
19500	-2.684 -4.906	-2.787 -2.596
19600	-2.563 -4.664	-2.771 -2.358
19700	-2.602 -4.735	-2.728 -2.422
19800	-2.282 -4.974	-2.823 -2.189
19900	-2.169 -4.988	-2.491 -1.935
20000	-2.068 -4.721	-2.328 -2.138
20100	-2.037 -4.562	-2.311 -1.915
20200	-2.472 -4.645	-1.95 -2.144
20300	-2.39 -4.625	-2.349 -2.509
20400	-2.592 -4.764	-2.338 -2.322
20500	-2.726 -5.677	-2.093 -2.66
20600	-2.664 -5.753	-1.642 -2.661
20700	-2.782 -5.863	-1.27 -2.508
20800	-2.929 -5.993	-0.9315 -2.644
20900	-2.689 -6.495	-0.7841 -2.819
21000	-2.822 -6.578	-0.8319 -2.705
21100	-2.862 -6.651	-1.119 -2.803
21200	-2.669 -6.657	-1.106 -2.68
21300	-2.855 -6.746	-1.125 -2.661
21400	-3.164 -6.52	-1.032 -2.607
21500	-2.632 -6.142	-1.019 -2.677
21600	-2.602 -6.452	-1.209 -2.361
21700	-2.42 -5.914	-1.254 -2.541
21800	-2.233 -5.731	-1.234 -2.344
21900	-1.969 -5.511	-1.095 -2.058
22000	-1.974 -5.937	-1.037 -1.901
22100	-1.836 -6.05	-0.765 -1.833
22200	-1.825 -5.774	-0.6755 -1.717
22300	-1.603 -5.744	-1.013 -1.546
22400	-1.39 -5.471	-1.073 -1.54
22500	-1.437 -5.309	-1.3 -1.333
22600	-1.76 -5.36	-1.485 -1.318
22700	-1.816 -5.077	-1.481 -1.925
22800	-1.488 -4.971	-1.547 -1.67
22900	-1.817 -4.663	-1.781 -1.474
23000	-1.866 -4.746	-1.874 -1.74
23100	-1.64 -4.601	-2.179 -1.451
23200	-1.635 -4.678	-2.312 -1.373
23300	-1.28 -4.893	-2.333 -1.357
23400	-1.309 -5.075	-2.356 -1.447
23500	-1.118 -4.674	-2.341 -1.546
23600	-1.191 -5.112	-2.497 -1.523
23700	-1.188 -5.008	-2.716 -1.069
23800	-1.501 -4.869	-2.927 -1.187
23900	-1.668 -5.083	-2.466 -1.486
24000	-1.455 -4.797	-2.561 -1.471
24100	-1.719 -5.083	-2.488 -1.65
24200	-1.659 -4.923	-2.639 -1.868
24300	-1.701 -5.21	-2.752 -1.628
24400	-1.488 -4.923	-2.602 -1.443
24500	-1.529 -4.487	-2.887 -1.688
24600	-1.53 -4.534	-2.95 -1.542
24700	-1.601 -4.529	-3.024 -1.368
24800	-1.588 -4.53	-2.965 -1.279
24900	-1.391 -4.623	-2.979 -1.272
25000	-1.427 -4.993	-2.589 -1.516
25100	-1.234 -5.604	-2.61 -1.356
25200	-1.569 -5.387	-2.489 -1.415
25300	-1.776 -5.658	-2.967 -1.559
25400	-1.64 -5.711	-3.026 -1.773
25500	-1.532 -5.798	-3.04 -2.023
25600	-1.842 -5.694	-3.094 -1.728
25700	-1.93 -5.733	-3.175 -1.779
25800	-1.706 -5.762	-2.769 -1.659
25900	-1.702 -5.851	-2.843 -1.734
26000	-1.759 -6.061	-2.753 -1.75
26100	-1.585 -5.991	-2.747 -1.754
26200	-1.556 -6.283	-2.796 -1.149
26300	-0.9902 -6.238	-2.725 -0.9249
26400	-1.155 -5.754	-2.812 -0.9832
26500	-1.271 -6.083	-3.039 -0.7007
26600	-1.06 -6.145	-3.252 -0.7486
26700	-0.9179 -6.149	-3.222 -0.6947
26800	-0.7803 -6.139	-2.958 -0.792
26900	-0.5944 -5.901	-2.988 -0.6126
27000	-0.4853 -6.223	-2.933 -0.7577
27100	-0.6338 -6.203	-2.791 -0.6594
27200	-0.4201 -6.024	-2.668 -0.5726
27300	-0.6753 -5.889	-2.595 -0.7995
27400	-0.7482 -5.821	-2.762 -0.6962
27500	-1.013 -4.912	-2.509 -1.085
27600	-1.038 -4.663	-2.214 -0.9703
27700	-0.9859 -4.758	-2.34 -1.085
27800	-0.6345 -4.406	-1.958 -0.9707
27900	-1.036 -4.462	-1.977 -1.284
28000	-1.185 -4.348	-1.946 -1.411
28100	-1.467 -4.32	-1.89 -1.488
28200	-1.418 -4.643	-1.422 -1.366
28300	-1.524 -4.384	-1.127 -1.326
28400	-1.487 -4.472	-0.937 -1.743
28500	-1.621 -4.322	-1.299 -1.525
28600	-1.674 -4.363	-1.532 -1.855
28700	-1.992 -4.632	-1.613 -2.073
28800	-2.105 -4.701	-1.638 -2.2
28900	-2.273 -4.673	-1.609 -2.167
29000	-1.849 -4.752	-1.481 -1.93
29100	-2.003 -4.651	-1.446 -1.792
29200	-2.286 -3.935	-1.39 -1.977
29300	-2.252 -3.974	-1.694 -2.198
29400	-2.138 -4.208	-1.565 -2.139
29500	-2.133 -4.522	-0.9104 -1.754
29600	-2.158 -4.334	-1.02 -1.808
29700	-1.907 -4.085	-0.9048 -1.81
29800	-1.813 -4.238	-0.9142 -1.377
29900	-1.785 -4.193	-1.028 -1.76
30000	-1.692 -3.93	-0.5466 -2.056
30100	-2.13 -3.768	-0.211 -1.881
30200	-2.012 -4.084	-0.2392 -1.975
30300	-2.051 -3.961	-0.02618 -2.293
30400	-1.992 -3.975	0.4167 -2.375
30500	-2.163 -4.1	0.6206 -2.401
30600	-2.328 -4.311	0.668 -2.285
30700	-2.382 -4.109	1.074 -2.483
30800	-2.288 -4.04	1.233 -2.621
30900	-2.365 -4.213	0.7978 -2.453
31000	-2.74 -4.432	0.6759 -2.406
31100	-2.638 -3.891	0.4134 -2.443
31200	-2.302 -3.733	0.2811 -2.087
31300	-2.301 -3.684	0.3186 -2.012
31400	-2.387 -3.79	0.1731 -2.421
31500	-2.323 -3.854	0.3852 -2.152
31600	-2.558 -4.011	0.2253 -2.221
31700	-2.786 -3.793	0.3193 -2.431
31800	-2.894 -3.612	0.1276 -2.579
31900	-2.672 -3.186	0.3056 -2.65
32000	-2.613 -2.837	0.3635 -2.68
32100	-2.856 -2.92	0.3766 -2.457
32200	-2.491 -2.886	0.3495 -2.587
32300	-2.928 -2.959	0.3532 -2.611
32400	-2.921 -2.761	-0.07754 -2.841
32500	-2.714 -2.988	-0.2695 -2.759
32600	-2.808 -2.774	-0.2141 -2.403
32700	-2.68 -2.847	-0.2746 -2.553
32800	-2.673 -2.996	-0.3479 -2.718
32900	-2.224 -3.178	-0.2623 -2.427
33000	-1.878 -3.149	-0.4386 -1.997
33100	-1.457 -3.286	-0.3923 -1.638
33200	-1.694 -3.229	-0.4624 -1.712
33300	-1.755 -3.084	-0.3769 -1.594
33400	-1.672 -3.193	-0.4627 -1.383
33500	-1.579 -3.196	-0.3044 -1.609
33600	-1.484 -3.621	0.008136 -1.407
33700	-1.151 -3.477	0.2235 -1.509
33800	-1.364 -3.438	0.6057 -0.9705
33900	-0.8393 -3.735	0.6311 -1.147
34000	-1.134 -3.63	0.4751 -1.188
34100	-1.137 -3.486	0.8928 -1.253
34200	-0.8686 -3.587	0.5228 -1.214
34300	-0.8774 -3.891	0.8486 -1.116
34400	-0.8707 -3.189	0.7645 -0.905
34500	-0.4997 -3.338	0.8519 -0.7703
34600	-0.4112 -3.348	0.8545 -0.4218
34700	-0.4689 -3.557	1.145 -0.7622
34800	-0.8982 -3.829	1.294 -1.024
34900	-1.003 -3.702	1.211 -0.9177
35000	-0.8986 -3.318	0.9296 -0.6319
35100	-0.8242 -3.394	0.5068 -0.7651
35200	-0.5577 -3.278	0.4738 -0.5208
35300	-0.5877 -3.611	0.6314 -0.524
35400	-0.6557 -3.772	0.8307 -0.688
35500	-0.6074 -4.071	0.7162 -0.9942
35600	-0.4941 -4.162	0.8207 -0.835
35700	-0.8048 -4.158	1.116 -0.3351
35800	-0.8643 -4.337	0.9573 -0.6707
35900	-0.7849 -4.177	0.685 -0.7661
36000	-1.008 -4.148	0.7133 -1.087
36100	-1.057 -4.608	1.134 -0.9646
36200	-1.034 -4.512	0.8891 -1.002
36300	-0.8462 -4.227	0.7685 -1.091
36400	-1.157 -4.48	0.4225 -1.125
36500	-1.089 -4.43	0.3745 -0.8121
36600	-0.8324 -4.543	0.3864 -0.6967
36700	-1.168 -4.168	0.5606 -1.235
36800	-1.252 -4.349	0.5265 -1.714
36900	-1.562 -4.185	0.6968 -1.841
37000	-1.597 -3.742	0.7877 -1.707
37100	-1.543 -3.428	0.9116 -1.533
37200	-1.638 -3.572	0.6261 -1.86
37300	-1.973 -3.142	0.5116 -1.638
37400	-1.888 -3.118	0.4867 -1.588
37500	-1.697 -3.413	0.4222 -1.555
37600	-1.686 -3.185	0.06032 -1.371
37700	-1.726 -3.138	-0.007246 -1.504
37800	-1.723 -3.366	0.211 -1.715
37900	-1.696 -3.449	-0.007399 -1.689
38000	-1.666 -3.301	0.06508 -1.496
38100	-1.267 -3.188	0.3833 -1.532
38200	-1.418 -3.148	0.6006 -1.507
38300	-1.395 -3.238	0.3156 -1.581
38400	-1.351 -2.918	0.5592 -1.282
38500	-0.7293 -2.887	0.2231 -0.7501
38600	-0.4564 -2.809	0.359 -0.6091
38700	-0.1106 -2.545	0.4312 -0.001347
38800	-0.4375 -2.552	0.6993 -0.2467
38900	-0.4802 -1.846	0.628 -0.3626
39000	-0.6495 -1.718	0.5432 -0.4829
39100	-0.5488 -1.393	0.6984 -0.6623
39200	-0.4332 -1.643	0.5623 -0.6457
39300	-0.6319 -1.623	0.2298 -0.5323
39400	-0.5862 -1.589	0.05076 -0.5883
39500	-0.7623 -1.564	0.2105 -0.5972
39600	-0.4552 -1.534	0.5703 -0.3666
39700	-0.4019 -1.411	0.6129 -0.5729
39800	-0.7583 -1.413	1.097 -0.5846
39900	-0.503 -1.443	0.9603 -0.627
40000	-0.5455 -1.424	0.8263 -0.4968
40100	-0.8993 -1.807	0.4824 -0.5578
40200	-0.852 -1.681	0.6383 -0.8249
40300	-0.667 -1.659	0.7694 -0.6859
40400	-0.5523 -1.493	0.514 -0.7145
40500	-0.6663 -1.605	0.6436 -0.6219
40600	-0.7469 -1.686	0.7515 -0.6672
40700	-0.8622 -1.834	0.6306 -0.8758
40800	-0.8484 -1.92	0.2866 -0.8232
40900	-0.9917 -1.672	0.3277 -0.8702
41000	-0.9198 -1.795	0.1755 -0.8779
41100	-1.073 -1.948	0.3286 -0.9699
41200	-0.8685 -2.282	0.6359 -0.9415
41300	-0.6388 -2.978	0.84 -0.6253
41400	-0.772 -2.983	0.6544 -0.8658
41500	-1.04 -2.708	0.8031 -1.119
41600	-1.091 -2.736	1.01 -1.009
41700	-1.042 -2.325	0.8922 -0.7623
41800	-0.8389 -2.104	1.079 -1.056
41900	-0.8135 -2.04	1.093 -0.8608
42000	-1.222 -1.723	1.277 -1.376
42100	-1.611 -1.876	1.214 -1.542
42200	-1.77 -1.617	1.589 -1.697
42300	-1.849 -1.697	1.22 -1.802
42400	-1.975 -2.006	1.145 -1.575
42500	-1.8 -2.486	1.527 -1.75
42600	-1.642 -2.401	1.698 -1.691
42700	-1.963 -2.356	1.642 -1.801
42800	-1.906 -2.162	1.646 -1.814
42900	-1.956 -1.985	1.871 -1.818
43000	-1.929 -1.879	1.611 -2.04
43100	-1.445 -1.696	1.457 -1.766
43200	-1.333 -1.498	1.168 -1.666
43300	-1.767 -1.564	1.184 -1.688
43400	-1.708 -1.434	1.16 -1.895
43500	-1.851 -1.106	0.6737 -1.886
43600	-1.902 -1.053	0.734 -2.066
43700	-2.13 -1.154	0.9124 -2.088
43800	-2.27 -0.9034	0.6958 -2.239
43900	-2.627 -1.175	0.3614 -2.376
44000	-2.504 -1.102	0.2974 -2.608
44100	-2.526 -0.7498	0.3241 -2.289
44200	-2.517 -1.094	0.6031 -2.391
44300	-2.617 -0.9761	0.4843 -2.333
44400	-2.271 -0.5306	0.3181 -2.092
44500	-1.913 -0.5102	0.2347 -2.235
44600	-2.076 -0.8128	0.5766 -2.067
44700	-2.068 -0.9657	0.5893 -2.179
44800	-1.671 -0.9277	0.7713 -1.699
44900	-1.569 -1.16	0.6675 -2.024
45000	-1.492 -1.084	0.708 -1.365
45100	-1.152 -0.9382	0.5884 -1.569
45200	-1.255 -0.9461	0.1545 -1.351
45300	-1.074 -0.9441	0.3349 -1.009
45400	-0.7176 -0.928	0.2585 -0.7546
45500	-0.8127 -0.6683	0.2316 -0.879
45600	-1.239 -0.6554	-0.3151 -1.051
45700	-1.205 -0.459	-0.4063 -1.034
45800	-1.765 -0.2442	-0.7397 -1.692
45900	-2.22 -0.2002	-1.058 -1.996
46000	-1.92 0.09533	-0.9845 -1.982
46100	-2.14 0.293	-0.7159 -2.118
46200	-2.202 0.355	-0.9507 -2.368
46300	-2.19 0.4522	-0.7828 -2.17
46400	-2.118 0.393	-1.086 -2.109
46500	-2.293 0.9707	-0.7461 -2.165
46600	-2.068 0.8884	-1.02 -2.275
46700	-2.092 0.9701	-0.9492 -2.312
46800	-2.036 0.7528	-0.7865 -2.383
46900	-2.209 0.7915	-1.247 -1.942
47000	-2.255 0.4049	-1.629 -2.317
47100	-2.145 0.4755	-1.532 -2.172
47200	-2.126 0.6087	-1.482 -1.975
47300	-1.983 0.5135	-1.72 -1.975
47400	-1.726 0.3883	-1.529 -1.695
47500	-1.831 0.4762	-1.585 -1.665
47600	-1.897 0.4746	-2.096 -2.072
47700	-2.115 0.695	-2.168 -2.004
47800	-2.038 0.3464	-2.24 -1.814
47900	-1.887 0.7651	-2.44 -2.078
48000	-1.684 0.7612	-2.46 -1.872
48100	-1.616 0.5154	-2.143 -1.92
48200	-1.936 0.715	-2.013 -2.222
48300	-2.057 0.4275	-2.076 -2.123
48400	-1.943 0.3762	-2.02 -1.888
48500	-1.964 0.2734	-1.686 -1.707
48600	-2.244 0.08299	-1.644 -2.102
48700	-2.138 -0.253	-1.457 -2.054
48800	-1.854 -0.4011	-1.045 -2.011
48900	-1.908 -0.7202	-0.9916 -1.72
49000	-1.824 -0.6538	-1.287 -1.541
49100	-1.873 -0.4704	-1.09 -1.917
49200	-1.67 -0.6354	-1.299 -1.83
49300	-1.923 -0.5254	-1.036 -2.198
49400	-1.936 -0.1702	-1.288 -1.951
49500	-2.046 0.09324	-1.358 -1.963
49600	-1.823 0.1419	-1.767 -2.006
49700	-1.99 -0.4281	-1.779 -2.082
49800	-2.378 -0.3341	-1.63 -2.338
49900	-2.149 -0.5867	-1.425 -2.262
50000	-1.705 -0.3195	-1.578 -1.765
50100	-1.904 0.01678	-1.49 -1.63
50200	-1.869 -0.03149	-1.322 -1.655
50300	-1.664 -0.5479	-1.641 -1.968
50400	-1.467 -0.3291	-1.386 -1.891
50500	-1.643 -0.3906	-0.9195 -1.852
50600	-1.793 -0.5205	-0.7833 -2.002
50700	-1.947 -0.2886	-0.9658 -1.917
50800	-1.912 -0.331	-0.8737 -2.015
50900	-2.3 -0.3643	-0.7873 -2.078
51000	-2.223 -0.3408	-0.9786 -2.146
51100	-2.012 -0.4649	-0.6826 -1.73
51200	-1.797 -0.3783	-0.9612 -1.837
51300	-1.994 -0.1884	-0.9667 -1.757
51400	-2.16 -0.3486	-0.6986 -1.878
51500	-2.262 -0.6025	-0.8364 -1.731
51600	-2.067 -0.4589	-0.987 -2.162
51700	-2.331 -0.4984	-1.257 -2.406
51800	-1.718 -0.6567	-0.8266 -2.056
51900	-1.868 -0.6233	-0.9679 -2.037
52000	-1.882 -0.5875	-1.179 -1.871
52100	-2.041 -0.7019	-1.005 -2.065
52200	-1.735 -0.5926	-0.8145 -2.116
52300	-1.878 -0.3851	-1.102 -2.36
52400	-2.169 -0.4911	-0.8969 -2.272
52500	-2.213 -0.439	-0.7686 -2.131
52600	-1.866 -0.6044	-0.9817 -2.063
52700	-1.967 -0.8431	-0.9322 -1.904
52800	-1.9 -0.1986	-0.9842 -2.035
52900	-2.078 -0.06602	-0.982 -1.844
53000	-2.097 -0.3339	-0.993 -1.895
53100	-1.784 -0.3359	-1.238 -1.908
53200	-2.005 -0.4396	-1.138 -1.892
53300	-2.258 0.0106	-1.161 -1.88
53400	-2.001 -0.1673	-0.7942 -2.142
53500	-2.081 -0.4009	-0.6993 -1.88
53600	-1.801 -0.3561	-0.584 -1.966
53700	-2.318 -0.1282	-0.7767 -2.24
53800	-2.423 0.6177	-0.9231 -2.412
53900	-2.332 0.5077	-1.249 -2.235
54000	-2.415 0.5452	-1.386 -2.159
54100	-2.157 0.5655	-1.775 -2.183
54200	-2.306 0.5258	-1.835 -2.182
54300	-2.328 0.6271	-2.195 -2.52
54400	-2.929 0.8547	-2.455 -2.542
54500	-2.774 0.9559	-2.394 -2.53
54600	-2.688 0.8924	-2.225 -2.664
54700	-2.224 0.4309	-2.104 -2.48
54800	-2.695 0.5535	-2.126 -2.748
54900	-2.853 0.5223	-2.607 -2.598
55000	-2.909 0.4632	-2.687 -3.015
55100	-2.755 0.9365	-2.798 -2.968
55200	-2.863 1.134	-2.75 -2.828
55300	-2.829 1.026	-2.856 -3.09
55400	-3.123 1.015	-3.349 -3.491
55500	-3.114 1.08	-3.453 -3.543
55600	-3.497 1.128	-3.391 -3.502
55700	-3.232 1.07	-3.023 -3.294
55800	-2.961 0.6848	-3.112 -3.1
55900	-2.95 0.8225	-3.189 -2.977
56000	-2.713 0.6099	-2.829 -3.129
56100	-2.962 0.3161	-2.813 -2.861
56200	-2.806 0.2616	-3.086 -2.78
56300	-2.715 0.2556	-3.21 -2.825
56400	-2.185 0.8202	-3.626 -2.389
56500	-2.49 0.7264	-3.824 -2.581
56600	-2.396 0.9719	-3.93 -2.507
56700	-2.58 0.9749	-4.127 -2.508
56800	-2.615 1.445	-3.631 -2.539
56900	-2.212 1.781	-3.445 -2.41
57000	-2.703 1.897	-3.336 -2.438
57100	-2.054 2.249	-3.33 -2.73
57200	-2.322 2.041	-3.514 -2.641
57300	-2.57 2.508	-3.606 -2.382
57400	-2.56 2.725	-3.621 -2.459
57500	-2.207 2.578	-3.497 -2.224
57600	-2.244 2.369	-3.597 -2.38
57700	-2.5 2.148	-3.41 -2.291
57800	-2.321 1.954	-3.288 -2.26
57900	-2.282 2.159	-3.482 -2.072
58000	-2.027 2.022	-3.398 -2.045
58100	-1.925 2.13	-3.859 -2.215
58200	-2.024 2.242	-3.757 -2.132
58300	-1.904 2.17	-3.576 -2.117
58400	-1.917 2.294	-3.531 -1.865
58500	-2.06 2.353	-3.463 -2.06
58600	-2.018 2.457	-3.825 -2.055
58700	-1.909 2.601	-3.628 -2.167
58800	-2.174 2.577	-3.397 -2.164
58900	-2.424 2.733	-3.752 -2.48
59000	-2.285 2.819	-3.689 -2.366
59100	-2.384 2.733	-3.509 -2.596
59200	-2.673 2.579	-3.865 -2.615
59300	-2.877 2.469	-4.142 -2.578
59400	-2.694 2.402	-3.955 -2.745
59500	-2.608 2.355	-4.055 -2.6
59600	-2.51 2.624	-3.736 -2.683
59700	-2.35 2.378	-3.636 -2.422
59800	-2.532 2.541	-3.609 -2.316
59900	-2.381 2.259	-3.567 -2.188
60000	-2.18 2.216	-3.899 -2.149
60100	-2.056 1.833	-3.819 -2.323
60200	-2.368 2.07	-3.529 -2.269
60300	-2.286 2.2	-3.895 -2.365
60400	-2.202 2.164	-3.788 -2.359
60500	-2.219 2.126	-4.059 -2.088
60600	-2.275 2.2	-4.055 -2.32
60700	-2.275 2.137	-3.944 -2.3
60800	-2.249 2.188	-3.974 -2.224
60900	-2.536 2.26	-4.03 -2.376
61000	-2.532 2.024	-4.43 -2.524
61100	-2.808 2.071	-4.12 -2.943
61200	-2.434 2.103	-3.896 -2.746
61300	-2.19 2.246	-3.988 -2.213
61400	-2.182 2.122	-3.392 -2.121
61500	-2.053 2.164	-3.003 -2.015
61600	-2.282 2.254	-2.658 -1.788
61700	-2.158 1.936	-2.692 -1.757
61800	-1.806 1.958	-2.606 -2.056
61900	-1.783 2.045	-2.176 -1.849
62000	-1.796 2.102	-1.825 -1.692
62100	-1.674 2.083	-1.73 -1.525
62200	-1.522 2.171	-2.189 -1.698
62300	-1.877 2.416	-1.884 -1.519
62400	-1.741 2.162	-1.89 -1.716
62500	-1.426 1.545	-1.978 -1.335
62600	-1.506 1.467	-1.664 -1.251
62700	-1.194 1.475	-2.195 -1.131
62800	-1.417 1.144	-2.458 -1.449
62900	-1.496 1.039	-2.158 -1.403
63000	-1.208 0.9726	-2.107 -1.168
63100	-1.186 1.17	-2.089 -1.426
63200	-1.187 1.095	-2.265 -1.238
63300	-1.007 1.193	-2.501 -1.134
63400	-0.8108 1.187	-2.641 -1.17
63500	-1.114 0.79	-2.407 -1.21
63600	-1.234 0.9358	-2.671 -1.248
63700	-1.248 1.063	-2.343 -1.502
63800	-1.334 1.195	-2.19 -1.599
63900	-1.573 1.094	-2.413 -1.994
64000	-1.77 0.8844	-2.729 -1.991
64100	-1.726 0.9939	-2.279 -1.818
64200	-2.06 1.463	-2.718 -1.65
64300	-1.856 1.287	-3.048 -2.204
64400	-1.912 1.411	-3.079 -2.011
64500	-1.694 2.138	-3.276 -1.827
64600	-1.595 2.426	-3.18 -1.686
64700	-1.9 2.546	-3.095 -1.812
64800	-1.622 2.215	-3.172 -1.845
64900	-1.882 1.829	-2.869 -1.946
65000	-2.374 1.67	-2.752 -2.2
65100	-2.516 1.505	-2.788 -2.412
65200	-2.312 1.552	-2.994 -2.376
65300	-2.349 1.389	-3.21 -2.296
65400	-2.706 1.443	-3.014 -2.558
65500	-2.84 1.524	-3.153 -2.543
65600	-2.692 1.704	-3.72 -2.347
65700	-2.326 1.808	-3.429 -2.486
65800	-2.577 1.678	-3.517 -2.807
65900	-3.07 1.606	-3.598 -3.269
66000	-2.985 1.621	-4.11 -3.043
66100	-3.157 1.883	-4.047 -2.971
66200	-2.994 1.713	-3.947 -2.952
66300	-3.107 1.626	-4.095 -3.209
66400	-3.145 1.365	-4.205 -3.124
66500	-2.96 1.49	-4.666 -3.026
66600	-3.152 1.327	-4.751 -3.063
66700	-2.869 1.021	-4.763 -3.098
66800	-2.954 1.602	-4.953 -2.855
66900	-2.925 1.999	-4.934 -3.077
67000	-3.199 2.044	-4.756 -3.065
67100	-3.192 2.13	-4.993 -3.118
67200	-3.414 2.235	-5.004 -3.262
67300	-3.41 2.138	-4.689 -3.319
67400	-3.541 1.88	-4.58 -3.425
67500	-3.637 1.867	-4.503 -3.414
67600	-3.529 1.583	-4.309 -3.332
67700	-3.486 2.151	-4.225 -3.526
67800	-3.478 1.695	-4.611 -3.659
67900	-3.745 1.708	-4.712 -3.75
68000	-3.514 1.784	-4.948 -3.766
68100	-3.505 1.991	-4.632 -3.66
68200	-3.783 1.984	-4.611 -3.723
68300	-3.881 2.219	-4.983 -3.97
68400	-3.697 1.919	-4.78 -3.903
68500	-4.049 1.847	-4.673 -3.945
68600	-3.63 1.836	-5.082 -3.817
68700	-3.676 2.094	-5.037 -3.702
68800	-3.664 2.017	-4.757 -3.841
68900	-3.866 1.764	-4.841 -3.933
69000	-3.705 1.937	-4.649 -3.802
69100	-3.56 1.889	-4.68 -3.68
69200	-3.484 1.58	-4.697 -3.782
69300	-3.571 1.491	-4.402 -3.817
69400	-3.666 1.935	-4.17 -3.628
69500	-3.554 2.401	-4.4 -3.97
69600	-3.308 2.588	-4.267 -3.733
69700	-3.57 2.679	-4.307 -4.038
69800	-3.488 2.533	-3.878 -3.719
69900	-3.741 2.014	-4.279 -3.716
70000	-3.871 1.988	-3.851 -3.814
70100	-3.827 2.23	-3.863 -3.824
70200	-3.8 2.147	-3.756 -3.716
70300	-3.89 2.104	-3.654 -3.992
70400	-3.68 1.99	-3.544 -3.815
70500	-3.909 2.097	-3.873 -3.791
70600	-4.076 2.336	-4.033 -3.975
70700	-4.029 1.99	-3.54 -4.14
70800	-4.239 2.241	-3.768 -4.21
70900	-4.361 2.437	-3.88 -4.351
71000	-4.31 2.614	-3.661 -4.191
71100	-4.199 2.509	-3.582 -4.204
71200	-4.359 2.396	-3.312 -4.201
71300	-4.317 2.261	-3.692 -4.278
71400	-4.072 2.328	-3.911 -4.118
71500	-4.155 2.164	-3.891 -4.127
71600	-3.994 2.489	-3.837 -3.845
71700	-4.361 2.008	-3.905 -4.055
71800	-4.603 2.444	-3.588 -4.372
71900	-4.765 2.973	-3.749 -4.504
72000	-4.583 2.784	-3.732 -4.529
72100	-4.91 2.392	-3.571 -4.542
72200	-5.096 2.609	-3.495 -4.517
72300	-5.033 3.119	-3.814 -4.809
72400	-5.153 2.987	-4.255 -5.328
72500	-5.241 2.975	-4.251 -5.323
72600	-5.378 3.166	-4.42 -5.314
72700	-5.318 2.998	-4.078 -5.232
72800	-5.45 2.46	-4.253 -5.544
72900	-5.574 2.899	-4.769 -5.412
73000	-5.487 2.96	-4.848 -5.435
73100	-5.182 3.046	-4.818 -5.191
73200	-5.529 2.871	-4.842 -5.381
73300	-5.27 2.692	-4.629 -5.465
73400	-5.42 2.293	-4.545 -5.545
73500	-5.368 2.392	-4.487 -5.501
73600	-5.505 2.129	-4.535 -5.508
73700	-5.767 2.034	-4.723 -5.889
73800	-5.758 1.965	-4.578 -5.818
73900	-5.641 2.547	-4.619 -5.977
74000	-5.555 2.53	-4.388 -5.555
74100	-5.92 2.723	-3.892 -5.863
74200	-6.012 2.956	-3.886 -5.814
74300	-5.96 2.984	-4.426 -5.91
74400	-5.983 2.79	-4.341 -6.132
74500	-5.947 3.035	-4.483 -5.923
74600	-6.056 2.88	-4.486 -5.828
74700	-5.672 2.735	-4.503 -5.759
74800	-5.515 2.726	-4.176 -5.625
74900	-5.413 2.437	-3.802 -5.587
75000	-5.155 2.089	-3.923 -5.137
75100	-5.223 2.457	-3.721 -5.163
75200	-5.211 2.904	-3.331 -4.932
75300	-4.818 3.134	-3.43 -4.546
75400	-5 2.838	-3.308 -4.871
75500	-5.014 2.715	-3.568 -5.054
75600	-4.931 2.908	-3.714 -4.813
75700	-5.175 2.73	-3.642 -5.398
75800	-5.452 2.424	-3.52 -5.593
75900	-5.36 2.618	-3.106 -5.353
76000	-5.138 3.015	-3.067 -5.408
76100	-5.216 3.559	-3.025 -5.352
76200	-5.634 3.242	-2.684 -5.524
76300	-5.691 3.298	-2.849 -5.442
76400	-5.364 3.834	-2.7 -5.423
76500	-5.583 4.188	-2.236 -5.331
76600	-5.352 3.702	-2.133 -5.34
76700	-5.178 3.855	-2.571 -5.161
76800	-5.087 3.687	-2.731 -5.284
76900	-5.413 4.033	-2.578 -5.306
77000	-5.403 4.203	-2.482 -5.436
77100	-5.193 4.728	-2.608 -5.126
77200	-5.171 4.853	-2.842 -5.104
77300	-4.906 4.734	-2.678 -4.981
77400	-4.814 4.707	-2.462 -5.183
77500	-4.957 4.534	-2.223 -5.35
77600	-4.859 4.424	-2.351 -4.903
77700	-4.99 4.515	-2.215 -5.173
77800	-5.025 4.429	-2.18 -5.014
77900	-5.388 4.961	-2.224 -5.076
78000	-5.382 4.575	-2.365 -5.375
78100	-5.337 4.496	-2.227 -5.538
78200	-5.14 4.534	-2.043 -5.366
78300	-5.152 4.547	-1.965 -5.039
78400	-5.033 4.783	-2.085 -5.062
78500	-5.065 4.48	-2.236 -5.112
78600	-5.327 4.171	-2.501 -5.098
78700	-5.315 4.1	-2.189 -5.239
78800	-5.455 4.246	-1.942 -5.262
78900	-5.604 4.503	-2.298 -5.39
79000	-5.092 4.425	-2.216 -5.537
79100	-4.849 4.438	-1.875 -5.237
79200	-4.941 4.685	-1.577 -5.262
79300	-5.099 4.643	-1.618 -5.246
79400	-5.231 4.772	-1.929 -4.776
79500	-4.866 5.041	-1.81 -4.762
79600	-4.73 5.386	-1.737 -4.503
79700	-4.461 5.873	-1.669 -4.637
79800	-4.508 5.915	-1.519 -4.572
79900	-4.599 6.054	-1.237 -4.806
80000	-4.575 5.798	-1.428 -4.565
80100	-4.709 5.386	-1.483 -4.306
80200	-4.628 5.132	-1.881 -4.208
80300	-4.526 5.321	-1.632 -4.492
80400	-4.434 5.242	-1.628 -4.392
80500	-4.099 5.688	-1.786 -4.392
80600	-4.211 6.022	-1.831 -4.272
80700	-4.308 6.42	-1.984 -4.415
80800	-4.44 6.58	-1.881 -4.445
80900	-4.285 6.253	-1.759 -4.119
81000	-3.71 6.476	-2.033 -3.79
81100	-3.717 5.974	-1.49 -3.845
81200	-3.959 5.643	-1.306 -3.944
81300	-3.876 5.781	-1.474 -4.011
81400	-4.012 6.125	-1.187 -4.271
81500	-3.79 5.864	-1.485 -4.119
81600	-3.722 6.299	-1.538 -4.01
81700	-3.738 6.5	-1.822 -4.143
81800	-4.057 6.786	-2.1 -4.166
81900	-4.131 6.767	-1.763 -4.345
82000	-3.957 6.53	-2.032 -4.149
82100	-3.899 6.528	-2.277 -3.814
82200	-3.622 5.961	-2.033 -3.368
82300	-3.554 6.137	-1.858 -3.494
82400	-3.454 6.039	-1.665 -3.221
82500	-3.341 5.702	-1.95 -3.175
82600	-3.565 5.478	-2.049 -3.366
82700	-3.591 5.901	-1.826 -3.587
82800	-3.584 6.033	-2.12 -3.369
82900	-3.288 6.053	-2.357 -3.338
83000	-3.402 6.453	-2.257 -3.446
83100	-3.278 5.833	-2.09 -3.602
83200	-3.141 5.711	-2.177 -3.828
83300	-3.334 5.933	-2.122 -3.445
83400	-3.775 6.231	-2.21 -3.323
83500	-3.159 6.012	-2.403 -3.419
83600	-3.387 5.549	-2.242 -3.164
83700	-3.288 5.294	-1.933 -3.538
83800	-3.109 5.014	-1.711 -3.163
83900	-3.322 4.851	-1.726 -3.216
84000	-3.135 4.723	-1.675 -3.139
84100	-3.514 4.812	-1.306 -3.526
84200	-3.099 4.546	-0.9654 -3.244
84300	-3.43 4.557	-1.198 -3.16
84400	-3.687 4.898	-1.024 -3.371
84500	-3.998 5.356	-0.8612 -3.622
84600	-4.152 5.265	-0.7588 -3.979
84700	-3.602 4.938	-0.9055 -3.914
84800	-3.55 4.696	-1.585 -3.845
84900	-3.407 4.623	-1.683 -3.289
85000	-3.392 4.794	-1.631 -3.319
85100	-3.339 4.655	-1.229 -3.34
85200	-3.214 4.986	-1.224 -3.211
85300	-3.339 5.139	-1.321 -3.36
85400	-3.319 4.827	-1.052 -3.612
85500	-3.292 5.261	-1.039 -3.6
85600	-3.416 5.025	-1.095 -3.255
85700	-3.384 4.897	-1.021 -3.51
85800	-3.669 5.119	-1.39 -3.31
85900	-3.379 4.907	-1.572 -3.43
86000	-3.194 4.748	-1.863 -3.185
86100	-3.31 4.755	-2.04 -3.21
86200	-3.406 4.408	-2.124 -3.298
86300	-3.447 4.454	-2.105 -3.627
86400	-3.518 4.293	-1.975 -3.69
86500	-3.568 3.939	-2.033 -3.601
86600	-3.512 4.295	-1.755 -3.807
86700	-3.605 4.369	-1.801 -3.633
86800	-3.334 4.648	-1.968 -3.621
86900	-3.3 4.442	-1.863 -3.604
87000	-3.438 4.307	-1.598 -3.407
87100	-3.309 4.309	-1.418 -3.344
87200	-3.275 4.364	-1.83 -3.299
87300	-3.424 4.413	-1.633 -3.247
87400	-3.393 4.482	-1.647 -3.307
87500	-3.311 4.66	-1.536 -3.2
87600	-3.365 4.703	-1.327 -3.39
87700	-3.405 4.573	-1.705 -3.716
87800	-3.201 4.592	-1.753 -3.465
87900	-3.286 4.433	-1.956 -3.263
88000	-3.549 4.771	-1.829 -3.222
88100	-3.792 5.038	-1.576 -3.508
88200	-3.704 4.944	-1.854 -3.741
88300	-3.497 5	-2.127 -3.455
88400	-3.418 5.266	-2.303 -3.51
88500	-3.517 5.08	-2.425 -3.945
88600	-3.761 5.25	-2.552 -3.693
88700	-3.714 4.955	-2.429 -3.476
88800	-3.923 4.977	-2.2 -3.705
88900	-3.952 4.822	-1.897 -3.636
89000	-4.076 4.885	-1.518 -4.394
89100	-4.087 4.934	-1.666 -4.221
89200	-4.449 4.949	-1.353 -4.24
89300	-4.329 4.682	-0.9188 -3.818
89400	-3.911 4.619	-1.514 -4.059
89500	-3.965 4.766	-1.291 -4.198
89600	-4.185 5.187	-1.664 -4.146
89700	-4.214 5.03	-1.137 -4.476
89800	-4.625 4.923	-1.331 -4.523
89900	-4.625 4.783	-0.9817 -4.438
90000	-4.413 4.755	-0.6586 -4.262
90100	-4.32 4.874	-0.6633 -4.125
90200	-4.185 4.834	-0.3123 -4.282
90300	-3.891 4.76	-0.3184 -3.889
90400	-3.619 4.663	-0.1548 -3.833
90500	-3.546 4.357	-0.323 -3.569
90600	-3.672 4.8	-0.05351 -3.599
90700	-3.696 4.561	-0.2511 -3.723
90800	-3.957 4.654	-0.08703 -3.511
90900	-3.991 4.692	0.1853 -3.786
91000	-4.241 4.716	0.009972 -3.839
91100	-3.994 4.859	-0.07803 -4.038
91200	-3.916 5.038	0.04278 -3.795
91300	-3.514 4.791	0.01551 -3.41
91400	-3.561 4.548	-0.1753 -3.348
91500	-3.767 4.801	0.008463 -3.705
91600	-3.965 4.855	0.09742 -3.742
91700	-3.802 4.9	0.1144 -3.871
91800	-3.479 4.792	-0.3449 -3.79
91900	-3.456 4.949	-0.2798 -3.816
92000	-3.959 4.922	-0.292 -4.08
92100	-4.205 4.821	-0.09908 -4.145
92200	-4.243 4.71	-0.3945 -4.353
92300	-4.056 4.69	-0.1206 -4.228
92400	-4.063 4.331	-0.5617 -4.028
92500	-3.845 5.073	-0.8117 -3.974
92600	-3.852 5.508	-1.274 -3.89
92700	-3.304 5.894	-1.4 -3.632
92800	-3.319 5.918	-1.165 -3.435
92900	-3.211 5.961	-1.349 -3.107
93000	-3.19 6.247	-0.9877 -2.956
93100	-2.919 6.321	-1.439 -3.323
93200	-3.528 6.653	-1.223 -3.208
93300	-3.537 6.635	-1.106 -3.4
93400	-3.799 6.715	-1.096 -3.426
93500	-3.895 6.507	-1.307 -3.851
93600	-4.064 6.937	-1.287 -4.169
93700	-4.089 7.48	-1.324 -4.222
93800	-4.265 7.778	-1.344 -4.401
93900	-4.22 7.413	-1.369 -4.374
94000	-4.384 7.08	-1.01 -4.592
94100	-4.599 6.934	-1.131 -4.558
94200	-4.387 6.877	-0.9673 -4.221
94300	-4.447 6.579	-1.151 -4.083
94400	-4.212 6.521	-0.867 -4.037
94500	-4.57 6.072	-0.7236 -4.488
94600	-4.662 6.066	-0.4167 -4.551
94700	-4.383 6.09	-0.6182 -4.505
94800	-4.596 6.327	-0.9737 -4.673
94900	-4.48 6.173	-1.162 -4.68
95000	-4.525 6.578	-1.524 -4.611
95100	-4.447 6.824	-1.919 -4.377
95200	-4.465 6.984	-1.987 -4.359
95300	-4.814 6.928	-2.166 -4.632
95400	-4.722 6.75	-2.113 -4.642
95500	-4.665 6.602	-2.057 -4.572
95600	-4.885 6.731	-2.308 -4.921
95700	-4.996 6.833	-2.158 -4.966
95800	-4.923 7.078	-1.678 -4.915
95900	-4.446 7.439	-1.78 -4.755
96000	-4.406 7.435	-1.616 -4.717
96100	-4.562 7.407	-1.602 -4.674
96200	-4.487 7.442	-1.264 -4.694
96300	-4.684 7.549	-1.107 -4.829
96400	-4.651 7.773	-0.7559 -4.973
96500	-4.77 7.558	-0.705 -4.725
96600	-4.693 7.525	-1.08 -4.714
96700	-4.909 7.245	-1.206 -4.804
96800	-4.886 7.275	-1.001 -4.887
96900	-4.683 7.14	-1.011 -4.446
97000	-4.54 7.476	-0.9647 -4.314
97100	-4.146 7.638	-0.9435 -4.206
97200	-3.935 7.796	-0.6924 -4.014
97300	-4.204 7.812	-0.2696 -3.948
97400	-3.796 7.437	-0.3985 -4.051
97500	-3.709 7.508	-0.3344 -4.105
97600	-4.059 7.303	-0.7968 -3.656
97700	-3.765 6.723	-0.8623 -3.759
97800	-3.752 7.102	-0.779 -3.624
97900	-3.752 7.998	-0.362 -3.717
98000	-3.715 7.855	-0.7116 -3.689
98100	-3.822 7.813	-0.6126 -3.73
98200	-3.864 7.496	-0.6923 -3.654
98300	-3.548 7.239	-0.3644 -3.499
98400	-3.804 7.124	-0.5296 -3.599
98500	-3.682 7.267	-0.4455 -3.443
98600	-3.921 7.159	-0.4199 -3.734
98700	-3.891 6.662	-0.2475 -3.871
98800	-3.942 6.431	-0.5327 -4.032
98900	-4.105 5.957	-0.4182 -4.015
99000	-4.378 6.062	-0.7456 -4.024
99100	-4.09 6.01	-0.7029 -4.266
99200	-4.152 5.633	-0.4088 -4.252
99300	-4.25 6.076	-0.5177 -4.34
99400	-4.526 5.636	-0.8689 -4.298
99500	-4.215 5.534	-0.9527 -4.081
99600	-3.881 4.964	-1.094 -3.937
99700	-3.976 4.796	-0.8291 -3.925
99800	-4.088 4.392	-1.229 -4.32
99900	-4.288 4.296	-1.825 -4.24
100000	-4.649 4.17	-2.082 -4.557
100100	-4.704 4.469	-1.973 -4.508
100200	-4.363 4.559	-1.963 -3.969
100300	-4.068 4.411	-2.149 -4.267
100400	-4.565 4.302	-2.401 -4.267
100500	-4.62 3.994	-2.599 -4.427
100600	-4.299 4.085	-2.766 -4.47
100700	-4.523 4.21	-3.211 -4.603
100800	-4.592 4.487	-3.375 -4.866
100900	-4.838 4.141	-3.124 -4.514
101000	-4.68 4.162	-3.115 -4.626
101100	-4.653 4.52	-3.078 -4.932
101200	-5.099 4.15	-3.019 -5.263
101300	-5.447 3.685	-2.72 -5.298
101400	-5.219 3.507	-2.394 -4.976
101500	-4.904 3.334	-2.188 -4.77
101600	-5.177 2.774	-2.182 -4.758
101700	-5.109 2.772	-2.285 -5.022
101800	-5.188 3.094	-2.272 -4.957
101900	-5.087 2.995	-2.258 -4.996
102000	-5.086 2.997	-2.176 -4.856
102100	-4.995 2.697	-2.081 -5.013
102200	-5.121 2.622	-1.875 -5.042
102300	-4.955 2.711	-2.101 -4.991
102400	-5.327 2.675	-1.888 -5.168
102500	-5.303 2.911	-1.921 -5.129
102600	-5.385 3.013	-1.958 -5.254
102700	-5.742 2.761	-1.817 -5.465
102800	-5.665 2.653	-1.712 -5.616
102900	-5.897 3.106	-2.189 -5.95
103000	-5.791 3.219	-1.958 -5.813
103100	-5.792 2.999	-1.89 -5.788
103200	-5.973 3.324	-1.667 -5.749
103300	-5.792 3.168	-1.628 -5.671
103400	-5.955 3.097	-1.826 -5.936
103500	-5.869 3.227	-1.96 -6.031
103600	-6.01 3.419	-2.211 -6.101
103700	-5.968 3.245	-2.495 -6.152
103800	-5.928 3.415	-2.457 -5.98
103900	-6.094 3.639	-2.496 -6.225
104000	-5.836 4.218	-2.003 -5.922
104100	-5.773 4.22	-2.144 -5.6
104200	-5.787 4.45	-2.302 -5.389
104300	-5.43 4.395	-2.4 -5.485
104400	-5.595 4.827	-2.824 -5.538
104500	-5.655 5.072	-2.681 -5.845
104600	-5.678 4.986	-2.716 -5.706
104700	-6.096 4.786	-2.773 -6.096
104800	-6.351 5.311	-2.692 -6.243
104900	-6.259 5.033	-2.196 -6.247
105000	-6.084 4.786	-2.322 -5.93
105100	-6.288 4.573	-2.387 -5.825
105200	-5.661 4.6	-2.675 -5.66
105300	-5.283 4.3	-2.614 -5.401
105400	-4.971 4.627	-2.608 -4.726
105500	-4.717 4.351	-2.385 -4.582
105600	-4.376 4.146	-2.22 -4.789
105700	-4.672 4.532	-2.533 -4.842
105800	-4.498 4.601	-2.36 -4.663
105900	-4.51 4.376	-2.609 -4.637
106000	-4.61 4.353	-2.681 -4.507
106100	-4.688 4.136	-2.466 -4.647
106200	-4.636 4.06	-2.486 -4.496
106300	-4.306 3.985	-2.146 -4.579
106400	-4.095 4.255	-2.271 -3.818
106500	-4.214 4.462	-2.508 -4.061
106600	-4.452 4.454	-2.686 -4.489
106700	-4.739 4.545	-2.751 -4.587
106800	-4.683 4.546	-2.624 -4.792
106900	-4.431 4.815	-2.405 -4.726
107000	-4.341 4.672	-2.255 -4.277
107100	-4.243 4.934	-2.652 -4.046
107200	-3.729 4.991	-2.493 -3.829
107300	-3.784 5.288	-2.169 -3.704
107400	-3.904 5.183	-2.424 -4.054
107500	-3.679 5.346	-2.011 -3.896
107600	-4.088 5.507	-1.909 -3.912
107700	-4.159 5.185	-2.034 -4.269
107800	-4.406 4.572	-1.988 -4.324
107900	-4.472 4.539	-1.802 -4.446
108000	-4.306 4.44	-2.105 -4.478
108100	-3.943 4.532	-2.286 -4.007
108200	-3.675 4.339	-2.661 -3.813
108300	-3.622 4.235	-2.98 -3.633
108400	-3.602 4.823	-2.88 -3.546
108500	-3.66 5.363	-2.851 -3.262
108600	-3.599 5.702	-2.657 -2.983
108700	-3.009 5.393	-2.744 -2.792
108800	-3.151 5.33	-2.994 -2.765
108900	-2.89 5.203	-2.747 -2.638
109000	-2.432 5.435	-3.115 -2.312
109100	-2.304 5.068	-3.205 -2.601
109200	-2.067 5.019	-3.253 -2.334
109300	-2.121 5.181	-3.523 -2.102
109400	-2.167 5.496	-3.634 -2.271
109500	-2.06 5.722	-3.309 -2.424
109600	-2.222 5.914	-3.381 -2.586
109700	-2.465 5.769	-3.545 -2.597
109800	-2.368 5.91	-3.853 -2.555
109900	-2.216 5.999	-3.28 -2.355
110000	-2.31 5.802	-3.427 -2.039
110100	-2.379 6.347	-3.115 -2.426
110200	-2.727 6.8	-2.931 -2.372
110300	-2.669 7.08	-2.925 -2.62
110400	-2.744 7.526	-2.994 -2.923
110500	-2.831 7.805	-3.292 -2.767
110600	-2.479 7.781	-3.28 -2.58
110700	-2.85 7.739	-3.043 -3.004
110800	-3.055 7.523	-3.13 -3.076
110900	-3.106 7.693	-3.157 -3.07
111000	-3.244 8.015	-3.198 -3.147
111100	-3.228 8.154	-3.184 -3.511
111200	-3.511 8.375	-3.232 -3.418
111300	-3.493 8.261	-3.478 -3.505
111400	-3.887 8.18	-3.519 -4.094
111500	-4.158 8.432	-3.097 -4.079
111600	-3.929 8.372	-3.264 -3.811
111700	-3.954 8.223	-3.335 -3.605
111800	-3.942 8.493	-3.37 -3.399
111900	-3.766 8.521	-3.164 -3.217
112000	-3.351 8.394	-2.956 -3.428
112100	-3.43 8.505	-3.084 -3.01
112200	-2.948 8.914	-2.987 -2.844
112300	-2.755 8.857	-3.191 -2.748
112400	-2.602 8.843	-3.123 -2.712
112500	-2.594 8.759	-3.014 -2.879
112600	-2.592 8.863	-3.007 -2.541
112700	-2.311 8.772	-3.188 -2.301
112800	-2.518 8.43	-3.265 -2.463
112900	-2.33 8.511	-3.45 -2.245
113000	-2.168 8.442	-2.986 -2.055
113100	-2.607 8.482	-3.283 -2.387
113200	-2.7 8.524	-3.108 -2.371
113300	-2.713 8.618	-3.362 -2.476
113400	-2.677 8.531	-3.224 -2.543
113500	-2.637 8.736	-2.925 -2.669
113600	-2.745 8.784	-3.198 -3.213
113700	-2.535 8.749	-3.282 -2.901
113800	-2.837 8.817	-3.411 -2.439
113900	-2.704 9.268	-3.423 -2.864
114000	-2.715 9.299	-3.793 -2.963
114100	-2.639 9.256	-3.642 -2.955
114200	-2.708 9.031	-3.578 -2.907
114300	-2.671 9.4	-3.658 -2.885
114400	-2.663 9.335	-3.948 -2.782
114500	-2.821 9.678	-3.687 -2.756
114600	-2.642 9.276	-3.948 -2.535
114700	-2.701 9.728	-3.758 -2.735
114800	-2.814 9.608	-3.56 -2.687
114900	-2.89 9.651	-4.138 -2.748
115000	-2.989 9.923	-3.693 -2.797
115100	-2.986 9.579	-3.926 -3.198
115200	-3.081 9.482	-3.993 -3.058
115300	-3.099 9.579	-4.145 -3.133
115400	-3.025 9.047	-4.068 -2.798
115500	-3.555 8.914	-4.078 -3.615
115600	-3.985 8.623	-4.265 -4.093
115700	-3.97 8.41	-3.954 -4.19
115800	-3.971 8.457	-4.083 -3.94
115900	-3.956 8.35	-4.046 -4.149
116000	-4.463 8.232	-4.081 -4.25
116100	-4.801 7.961	-4.163 -4.642
116200	-4.692 8.414	-4.227 -4.522
116300	-4.67 8.918	-4.5 -4.314
116400	-4.683 8.685	-4.047 -4.719
116500	-4.612 8.504	-3.748 -4.867
116600	-4.743 8.368	-4.261 -4.772
116700	-4.618 8.503	-4.468 -4.747
116800	-4.96 8.689	-4.098 -4.616
116900	-4.939 8.993	-3.941 -4.896
117000	-4.983 9.39	-3.844 -4.978
117100	-4.786 8.992	-4.268 -4.544
117200	-4.674 9.373	-4.283 -4.449
117300	-4.461 9.481	-4.513 -4.717
117400	-4.538 9.147	-4.675 -4.5
117500	-4.154 9.56	-4.873 -4.146
117600	-4.022 9.448	-4.69 -3.956
117700	-4.163 9.415	-4.748 -4.291
117800	-4.218 9.363	-4.64 -4.27
117900	-4.247 9.457	-4.476 -4.368
118000	-4.303 9.011	-4.628 -4.115
118100	-4.115 9.157	-4.676 -3.799
118200	-4.012 9.062	-4.294 -3.587
118300	-3.775 8.529	-4.935 -3.648
118400	-3.822 8.424	-5.009 -3.835
118500	-3.749 8.761	-5.031 -3.706
118600	-3.422 8.496	-5.155 -3.599
118700	-3.479 8.668	-5.005 -3.547
118800	-3.111 8.814	-4.931 -3.418
118900	-3.217 8.659	-5.239 -3.112
119000	-2.962 8.663	-4.876 -2.888
119100	-3.01 8.679	-4.768 -2.861
119200	-2.985 8.854	-4.785 -2.75
119300	-2.515 8.544	-4.725 -2.803
119400	-2.636 8.397	-4.531 -2.509
119500	-2.343 8.243	-3.838 -2.286
119600	-2.325 8.799	-3.86 -2.5
119700	-2.667 8.409	-4.152 -2.74
119800	-2.7 8.397	-3.768 -2.46
119900	-2.471 8.567	-3.879 -2.386
